Sample	Longitude	Latitude	I_TN	I_NH3_N	I_TS	I_SCOD	I_pH	I_Salinity	I_S_carbohydrate	I_S_protein	R_TN	R_NH3_N	R_TS	R_SCOD	R_pH	R_Salinity	R_S_carbohydrate	R_S_protein	R_T
BJ0516	116.108673	40.049616	2100	180	8.471973381	75200	3.9	57	18.31294325	4201.333333	2000	1110	2.88320802	4200	7.56	17	0.166407025	1090	38.6
BJ0530	116.108673	40.049616	3800	300	10.4686764	61000	3.88	40	4.324948525	4195	2400	830	2.800406318	4400	7.73	16	0.24647849	1691.5	38.6
BJ0606	116.108673	40.049616	2700	320	7.982036513	52800	3.68	39	3.453422374	1770.5	2200	1220	2.983526784	4310	7.58	11	0.199633959	1445	36.3
BJ0613	116.108673	40.049616	2300	220	8.560718161	71100	3.8	56	13.01842188	3182.333333	2100	820	2.929659471	4600	7.45	18	0.169130544	1357.5	36.2
BJ0704	116.108673	40.049616	4500	360	9.831460674	74700	3.96	58	15.39333065	32950	2700	750	3.300583965	5280	7.62	15	0.288693038	2023.666667	38.1
BJ0718	116.108673	40.049616	1200	190	9.555247378	73700	3.97	59	13.9988888	8297.333333	1200	920	3.298757689	6360	7.54	16	0.363045112	1907.333333	38
BJ0801	116.108673	40.049616	1200	310	10.42776089	67600	4.02	44	19.92526663	4228.666667	1400	360	3.511263277	6210	7.6	24	0.343980478	1913.666667	39.6
BJ0815	116.108673	40.049616	1000	340	8.766912964	59100	4.17	61	16.85313695	5040	1400	1250	4.378852398	8080	7.56	21	0.425141351	2211.5	39
BJ0919	116.108673	40.049616	1400	250	9.868548606	55400	3.95	41	24.72955454	5243.333333	1600	1000	3.163507109	9590	7.55	19	0.294957132	1725.666667	38
CS0520	113.026854	28.258856	2300	270	6.849691685	66600	4	47	1.92825161	1916	2900	1600	2.30260537	4920	7.8	22	0.172943471	1017	37.53
CS0527	113.026854	28.258856	3700	300	6.451989493	50200	4.32	36	1.29639515	662.65	3900	1660	2.48447205	6070	7.67	23	0.169675248	1151.333333	37.63
CS0603	113.026854	28.258856	4500	400	6.8489714	49400	4.29	33	0.555597921	2974.5	4600	1310	1.86442987	3570	7.75	16	0.147887094	962.1666667	37.53
CS0617	113.026854	28.258856	2600	400	7.09316546	61200	4.01	50	1.448912226	3516.5	2700	1400	2.671732584	5190	7.67	23	0.124464828	1152.5	37.24
CS0701	113.026854	28.258856	4400	520	8.198031381	58400	3.87	32	2.816118876	2539.666667	4600	1160	2.079350837	4100	7.7	19	0.332269345	941.8	37.55
CS0715	113.026854	28.258856	1900	350	6.849727214	64000	4.1	45	0.991360997	15170	1100	850	2.347812175	3670	7.83	17	0.506574575	903.8666667	37.55
CS0825	113.026854	28.258856	2100	380	6.508088652	45600	4.18	32	0.31592823	3084	2300	810	2.368733523	1390	7.82	12	0.190918698	1446.666667	37.5
CS0908	113.026854	28.258856	1800	280	7.29338843	32100	4.1	30	0.882420228	1418.133333	2500	1950	2.787708297	8110	7.66	25	0.206715109	1187.666667	37.53
CS0917	113.026854	28.258856	2400	260	8.325005765	41200	3.65	46	1.492488534	4054.666667	2200	2130	2.000188875	7510	7.74	25	0.158236467	1179.5	37.55
FS0520	113.001793	22.99793	3100	760	7.828580407	48300	4.12	46	3.039447452	1948.333333	4000	2800	2.854315123	10090	7.91	24	0.107034305	1276.5	37.53
FS0527	113.001793	22.99793	3400	230	9.046547978	51400	3.98	39	5.196474677	4236.666667	3300	550	1.046254409	1210	7.72	8	0.066181517	465.2333333	37.53
FS0610	113.001793	22.99793	3500	1100	7.895043279	60400	3.98	45	4.804287909	1022.766667	4700	2520	2.914758545	8660	7.67	25	0.11193664	1255	37.5
FS0617	113.001793	22.99793	2500	570	6.971833791	47100	4.16	42	4.564618217	1678	4000	2170	2.723803933	8640	7.91	24	0.141895351	1714.5	37.53
FS0702	113.001793	22.99793	3400	940	7.69290649	48900	4.18	37	6.612704672	2976.666667	4700	2380	2.716418498	9050	7.76	27	0.10485549	1539.333333	37.47
FS0716	113.001793	22.99793	2100	930	4.942468108	39600	5.41	33	0.773479459	2000.5	3500	2340	2.450569787	8130	7.93	26	0.162594098	2085.5	37.55
FS0729	113.001793	22.99793	3100	1680	4.675949466	38300	5.82	28	0.486148181	2230	4400	2590	2.371827461	7200	7.99	23	0.215975074	1858	37.47
FS0819	113.001793	22.99793	2000	1230	6.349304995	25600	5.98	25	0.480701143	2590.666667	3100	2500	2.348927875	6800	7.92	26	0.194186921	2097	37.5
FS0916	113.001793	22.99793	2300	1310	4.415589533	25000	6.76	19	0.757138344	2260	3400	2530	2.586872587	7710	7.95	22	0.316745286	2034	37.5
JZ0520	112.34684	30.332839	2600	130	9.176757292	48600	4.02	50	9.750198817	5907.666667	2600	1230	1.978360449	1740	8.44	16	0.054198033	541.35	37.5
JZ0527	112.34684	30.332839	10300	590	8.018708329	41600	3.92	35	3.627727605	1318.066667	5000	2520	2.776392033	10120	7.57	26	0.099953155	1487.666667	37.41
JZ0603	112.34684	30.332839	7100	610	7.77341449	41600	4.21	38	5.828331136	1762	9900	2180	2.438700372	9870	7.6	21	0.118473086	1606	37.29
JZ0617	112.34684	30.332839	2500	280	8.610726301	48400	4.1	50	9.336223895	6473.333333	3400	1620	2.49461413	5520	7.71	20	0.098863748	1151.333333	37.45
JZ0701	112.34684	30.332839	3100	360	8.310049044	48400	3.92	40	6.127918251	3709.333333	3200	1340	2.092596926	4640	7.74	15	0.593727191	1001.8	37.45
JZ0715	112.34684	30.332839	2000	140	7.832403187	49400	3.68	44	3.649515758	5079.5	2200	1540	1.527334358	5850	7.81	17	0.375845653	650.9333333	37.26
JZ0729	112.34684	30.332839	3200	200	7.799431829	48400	3.85	37	2.538319915	4300.333333	6600	2220	2.190631554	4140	7.79	18	0.120107198	989	37.39
JZ0819	112.34684	30.332839	1600	300	6.769308332	29500	3.92	25	0.729903152	2432.333333	5700	3190	1.535316204	5290	7.64	24	0.094506117	959.55	37.52
JZ0916	112.34684	30.332839	1400	270	8.241375305	39000	4.69	33	6.351246827	4199.666667	2700	970	1.845243774	4810	7.75	22	0.233405597	1223.5	37.46
QH0518	119.633273	40.004761	2500	590	5.961139041	38100	5.83	31	0.686326844	1224.6	2900	1770	2.021115546	5460	7.98	21	0.193642217	1127	38
QH0525	119.633273	40.004761	5300	840	5.168234666	35400	5.58	24	0.860632074	2101.333333	5600	1420	1.858962638	5450	8.09	20	0.186016363	1027.333333	37.29
QH0601	119.633273	40.004761	2900	540	6.774076132	31100	5.79	18	0.620962383	1820.666667	3200	1230	1.905192584	4220	7.73	13	0.123920125	909.7	37.86
QH0615	119.633273	40.004761	2300	420	5.218942979	35200	6.38	31	0.599174229	1833	3100	1490	2.505708449	6340	7.96	21	0.229047967	1202.5	37.65
QH0629	119.633273	40.004761	2300	430	7.708630892	23300	5.5	17	0.272351922	2698.5	2800	1540	1.818394434	3540	7.92	19	0.165317617	1016.85	38.16
QH0714	119.633273	40.004761	1800	480	9.760655216	29600	5.59	20	1.797522687	2164.666667	2500	800	2.085193958	5740	7.69	24	0.136175961	1208	37.69
QH0720	119.633273	40.004761	1200	490	7.1311167	47300	5.68	37	2.167921301	2580.666667	1500	940	2.179240506	6050	7.72	19	0.197455144	1015.4	37.92
QH0803	119.633273	40.004761	1000	300	8.904860758	58700	4.05	41	2.799777761	1867.333333	1900	1650	2.170192906	6540	7.69	22	0.322192324	995.6333333	38.3
QH0817	119.633273	40.004761	900	480	7.217741136	53400	4.67	43	0.838843921	3243	3100	1950	1.650669556	5640	7.78	24	0.236129117	989.05	37.9
QQ0615	124.017085	47.166925	1900	120	7.808160232	62100	3.82	50	9.575893587	2167	2900	1450	2.401311693	5900	7.84	25	0.23231619	1541.333333	37.64
QQ0627	124.017085	47.166925	1800	310	7.832146055	51700	4.27	37	4.826076062	3355.5	2300	960	2.523082904	4430	7.77	20	0.265543124	1259.666667	37.88
QQ0710	124.017085	47.166925	4000	200	5.748287197	71900	4.1	46	1.47070038	3349.5	2500	1910	2.37871858	5270	7.71	28	0.080343817	1376.333333	38.05
QQ0718	124.017085	47.166925	1000	110	6.801807065	58600	4.03	44	2.255073916	4431.5	1800	1360	2.406585163	5600	7.75	24	0.183837548	1482.666667	37.88
QQ0801	124.017085	47.166925	1600	270	5.663150786	54500	4.1	35	0.969572843	3815.5	4100	2030	2.47366098	6150	7.76	25	0.184382251	1198.333333	37.82
QQ0815	124.017085	47.166925	700	220	5.960341695	30200	4.1	37	8.377545129	3280.5	1900	1680	2.510564733	8530	7.87	26	0.115749567	1188	37.38
QQ0829	124.017085	47.166925	1400	210	6.208718626	50800	4.06	27	1.274606996	4124.333333	4000	1530	2.376342193	8340	7.7	17	0.113026048	1127.5	37.3
QQ0913	124.017085	47.166925	1400	290	6.521523606	56700	3.82	36	1.274606996	4210	2200	1690	2.394051748	5120	7.78	25	0.165317617	1225	37.38
QQ0926	124.017085	47.166925	2500	120	8.306520066	31200	3.73	38	19.35877463	7576	1900	840	2.310727401	3800	7.83	16	0.153334132	1172.666667	36.52
WZ0505	120.631642	27.512221	1700	240	9.750168805	63700	4.32	56	16.13412787	10737	3300	480	0.584559177	340	7.79	3	0.582833114	370.3	37.9
WZ0519	120.631642	27.512221	2900	220	13.36368196	76500	4.48	70	15.37154249	13170	1800	1140	2.224290921	2520	7.82	13	0.044938067	925	39
WZ0602	120.631642	27.512221	3700	250	10.26300572	49100	4.82	50	12.71338773	11546.66667	4500	350	1.190801013	1060	7.71	6	0.234222653	759.2333333	40.1
WZ0616	120.631642	27.512221	9100	180	9.77607759	32200	4.39	39	13.91173619	11210	6700	320	1.474926254	1500	7.63	6	0.053108625	893.9	42.5
WZ0630	120.631642	27.512221	6400	270	10.36344356	48100	4.55	50	14.17319403	12345	10900	1720	1.597450453	1390	7.74	5	0.072173259	1185	43.5
WZ0714	120.631642	27.512221	8500	250	9.467911094	41300	4.74	46	10.5127842	10965	8600	390	1.225081835	2310	7.8	10	0.132090682	1134.333333	41.9
WZ0728	120.631642	27.512221	10800	210	8.6697356	32800	4.58	29	5.703049252	6393.333333	8700	820	2.347022628	3200	7.79	10	0.091237894	1023	42.4
WZ0811	120.631642	27.512221	3600	260	7.761564731	48900	4.4	44	6.694410249	7070	5000	2160	1.209716442	2230	7.93	22	0.115749567	1450	42.3
WZ0825	120.631642	27.512221	6200	550	6.87174926	60800	4.59	47	2.467508416	5365	4800	2210	1.416193954	2390	8.07	13	0.088514375	1477	42.4
WZ0915	120.631642	27.512221	2300	410	10.82185678	36600	4.58	35	3.611386489	4986	1800	1300	0.98340504	830	7.76	5	0.023694617	441.3333333	42
