	ZB_1	ZB_2	ZB_3	ZB_4	ZB_5	ZB_6	ZB_7	ZB_8	ZB_9	ZB_10	ZB_11	ZB_12	ZB_13	ZB_14	ZB_15	ZB_16	ZB_17	ZB_18	ZB_19	ZB_20	ZB_21	ZB_22	ZB_23	ZB_24	ZB_25	ZB_26	ZB_27	ZB_28	ZB_29	ZB_30	ZB_31	ZB_32	ZB_33	ZB_34	ZB_35	ZB_36	ZB_37	ZB_38	ZB_39	ZB_40	ZB_41	ZB_42	ZB_43	ZB_44	ZB_45	ZB_46	ZB_47	ZB_48	ZB_49	ZB_50	ZB_51	ZB_52	ZB_53	ZB_54	ZB_55	ZB_56	ZB_57	ZB_58	ZB_59	ZB_60	ZB_61	ZB_62	ZB_63	ZB_64
acdA_WP_119068025.1	2.0	0.0	58.0	0.0	0.0	6.0	2.0	0.0	3.0	6.0	0.0	98.0	13.0	0.0	0.0	10.0	0.0	3.0	42.0	0.0	0.0	0.0	5.0	0.0	101.0	75.0	71.0	0.0	0.0	64.0	0.0	8.0	29.0	16.0	0.0	0.0	3.0	18.0	0.0	0.0	6.0	0.0	0.0	2.0	0.0	0.0	0.0	42.0	0.0	0.0	0.0	0.0	0.0	35.0	64.0	3.0	6.0	3.0	24.0	3.0	0.0	0.0	0.0	0.0
acdA_1002339.HMPREF9373_1019	0.0	90.0	0.0	28.0	0.0	0.0	0.0	0.0	0.0	0.0	661.0	0.0	0.0	0.0	0.0	0.0	3.0	0.0	0.0	67.0	11.0	7.0	0.0	0.0	0.0	0.0	0.0	0.0	3.0	0.0	0.0	0.0	0.0	0.0	2397.0	0.0	3.0	0.0	0.0	0.0	0.0	0.0	0.0	0.0	0.0	0.0	2418.0	713.0	0.0	773.0	0.0	0.0	0.0	0.0	0.0	25.0	0.0	7.0	0.0	0.0	799.0	0.0	0.0	0.0
acdA_1435356.Y013_13760	2.0	6.0	0.0	0.0	3.0	0.0	0.0	0.0	0.0	0.0	582.0	0.0	3.0	0.0	0.0	0.0	0.0	0.0	0.0	0.0	0.0	0.0	0.0	0.0	3.0	0.0	0.0	0.0	0.0	0.0	0.0	0.0	0.0	0.0	14.0	0.0	0.0	0.0	0.0	0.0	0.0	0.0	0.0	0.0	0.0	0.0	0.0	0.0	0.0	110.0	0.0	0.0	0.0	13.0	0.0	0.0	0.0	0.0	3.0	0.0	3.0	0.0	0.0	0.0
acdA_1123034.JMKP01000019_gene2544	0.0	705.0	0.0	2.0	0.0	2.0	0.0	0.0	5.0	0.0	193.0	0.0	0.0	3.0	0.0	3.0	0.0	0.0	0.0	15.0	0.0	3.0	0.0	0.0	0.0	0.0	0.0	2.0	0.0	0.0	0.0	0.0	0.0	0.0	317.0	0.0	2.0	0.0	0.0	3.0	0.0	5.0	0.0	0.0	0.0	0.0	384.0	136.0	0.0	126.0	13.0	0.0	2.0	0.0	2.0	25.0	0.0	3.0	0.0	3.0	141.0	0.0	0.0	0.0
acdA_1287475.HMPREF1650_13510	0.0	93.0	0.0	0.0	14.0	0.0	0.0	0.0	0.0	0.0	126.0	0.0	2.0	0.0	0.0	0.0	30.0	0.0	0.0	55.0	0.0	0.0	0.0	0.0	0.0	0.0	0.0	0.0	0.0	0.0	0.0	0.0	0.0	0.0	43.0	0.0	0.0	0.0	0.0	0.0	0.0	0.0	0.0	0.0	0.0	0.0	0.0	0.0	0.0	28.0	0.0	0.0	0.0	0.0	0.0	0.0	0.0	0.0	0.0	0.0	11.0	0.0	0.0	17.0
acdA_1078020.KEK_16143	0.0	4.0	0.0	0.0	0.0	0.0	0.0	0.0	0.0	0.0	211.0	0.0	1.0	0.0	0.0	0.0	1.0	0.0	1.0	0.0	0.0	0.0	2.0	0.0	1.0	4.0	0.0	0.0	0.0	0.0	0.0	0.0	0.0	0.0	14.0	0.0	0.0	0.0	1.0	0.0	0.0	0.0	0.0	0.0	0.0	0.0	0.0	0.0	0.0	24.0	1.0	0.0	0.0	1.0	0.0	0.0	0.0	0.0	0.0	0.0	4.0	0.0	0.0	0.0
acdA_349106.PsycPRwf_0300	0.0	1292.0	0.0	0.0	67.0	0.0	0.0	0.0	3883.0	0.0	0.0	0.0	0.0	0.0	0.0	2394.0	0.0	0.0	0.0	16.0	0.0	2.0	0.0	0.0	0.0	0.0	0.0	26.0	0.0	0.0	0.0	0.0	0.0	0.0	1259.0	0.0	528.0	0.0	16.0	1717.0	0.0	6201.0	0.0	0.0	0.0	0.0	0.0	0.0	10.0	2.0	178.0	0.0	468.0	0.0	0.0	87.0	0.0	934.0	0.0	891.0	16.0	0.0	0.0	0.0
acdA_1408436.JHXY01000008_gene2359	0.0	264.0	0.0	0.0	512.0	0.0	0.0	0.0	0.0	0.0	86.0	0.0	0.0	608.0	348.0	0.0	400.0	0.0	0.0	161.0	0.0	0.0	0.0	2.0	0.0	0.0	0.0	0.0	0.0	0.0	0.0	0.0	0.0	0.0	124.0	0.0	0.0	0.0	0.0	0.0	0.0	0.0	0.0	0.0	864.0	0.0	0.0	0.0	0.0	5.0	0.0	0.0	0.0	0.0	0.0	0.0	0.0	0.0	0.0	0.0	0.0	0.0	0.0	340.0
acdA_526226.Gbro_0690	0.0	0.0	0.0	0.0	0.0	0.0	0.0	0.0	0.0	0.0	110.0	0.0	0.0	0.0	0.0	0.0	2.0	0.0	0.0	0.0	0.0	0.0	0.0	0.0	0.0	0.0	0.0	0.0	0.0	0.0	0.0	0.0	0.0	0.0	2.0	0.0	2.0	0.0	0.0	0.0	0.0	0.0	0.0	0.0	0.0	0.0	0.0	0.0	0.0	10.0	0.0	0.0	0.0	0.0	0.0	0.0	0.0	0.0	0.0	0.0	0.0	0.0	0.0	0.0
acdA_1027371.GOALK_038_00770	2.0	8.0	0.0	0.0	3.0	2.0	2.0	0.0	0.0	0.0	556.0	0.0	0.0	0.0	0.0	0.0	2.0	0.0	0.0	3.0	0.0	0.0	0.0	0.0	0.0	0.0	0.0	0.0	0.0	0.0	0.0	0.0	0.0	0.0	27.0	0.0	0.0	2.0	0.0	0.0	0.0	0.0	0.0	0.0	0.0	2.0	0.0	0.0	0.0	86.0	0.0	0.0	0.0	0.0	2.0	0.0	0.0	0.0	0.0	0.0	10.0	0.0	0.0	0.0
acdA_1287475.HMPREF1650_07740	0.0	93.0	0.0	0.0	13.0	0.0	0.0	0.0	0.0	0.0	402.0	0.0	0.0	0.0	0.0	0.0	31.0	0.0	2.0	35.0	0.0	0.0	0.0	0.0	0.0	0.0	0.0	0.0	0.0	0.0	0.0	0.0	0.0	0.0	42.0	0.0	0.0	0.0	0.0	0.0	0.0	0.0	0.0	0.0	0.0	0.0	0.0	0.0	0.0	47.0	0.0	0.0	0.0	0.0	0.0	0.0	0.0	0.0	0.0	0.0	48.0	0.0	0.0	18.0
acdA_1323361.JPOC01000020_gene2568	0.0	3.0	0.0	0.0	0.0	3.0	0.0	0.0	0.0	0.0	582.0	0.0	2.0	0.0	0.0	0.0	0.0	3.0	2.0	3.0	0.0	0.0	0.0	0.0	0.0	0.0	2.0	2.0	0.0	10.0	0.0	2.0	0.0	5.0	16.0	0.0	0.0	0.0	0.0	0.0	0.0	0.0	0.0	0.0	0.0	0.0	0.0	0.0	0.0	68.0	0.0	0.0	0.0	2.0	5.0	0.0	0.0	0.0	0.0	0.0	3.0	0.0	0.0	0.0
acdA_1217710.F969_03121	0.0	2.0	0.0	0.0	0.0	0.0	0.0	0.0	0.0	0.0	52.0	0.0	0.0	0.0	0.0	0.0	2.0	0.0	0.0	0.0	0.0	0.0	0.0	0.0	0.0	0.0	0.0	0.0	0.0	5.0	0.0	0.0	0.0	0.0	0.0	0.0	3.0	0.0	2.0	0.0	0.0	0.0	0.0	0.0	0.0	0.0	0.0	0.0	0.0	34.0	0.0	0.0	0.0	0.0	0.0	0.0	0.0	0.0	0.0	0.0	0.0	0.0	0.0	0.0
acdA_710421.Mycch_1327	2.0	0.0	0.0	0.0	0.0	13.0	0.0	0.0	0.0	0.0	202.0	0.0	0.0	0.0	0.0	0.0	3.0	0.0	11.0	2.0	0.0	0.0	0.0	0.0	0.0	15.0	2.0	0.0	0.0	15.0	0.0	0.0	2.0	18.0	23.0	5.0	0.0	2.0	0.0	0.0	0.0	0.0	0.0	0.0	2.0	0.0	0.0	0.0	0.0	34.0	0.0	0.0	0.0	0.0	2.0	0.0	5.0	0.0	3.0	0.0	11.0	0.0	0.0	0.0
acdA_858619.CVAR_2096	0.0	0.0	0.0	0.0	0.0	0.0	0.0	0.0	0.0	0.0	77.0	0.0	0.0	0.0	0.0	0.0	0.0	0.0	0.0	0.0	0.0	0.0	0.0	0.0	0.0	0.0	0.0	0.0	0.0	0.0	0.0	0.0	0.0	0.0	3.0	0.0	0.0	0.0	0.0	0.0	0.0	0.0	0.0	0.0	0.0	0.0	0.0	0.0	0.0	13.0	0.0	0.0	0.0	0.0	0.0	0.0	0.0	0.0	0.0	0.0	0.0	0.0	0.0	0.0
acdA_1223545.GS4_11_02690	2.0	2.0	0.0	0.0	0.0	2.0	0.0	0.0	0.0	0.0	280.0	0.0	0.0	0.0	0.0	0.0	2.0	0.0	2.0	3.0	0.0	0.0	0.0	0.0	0.0	0.0	0.0	0.0	0.0	0.0	0.0	0.0	0.0	0.0	8.0	0.0	0.0	0.0	0.0	0.0	0.0	0.0	0.0	0.0	0.0	0.0	0.0	0.0	0.0	44.0	0.0	0.0	0.0	0.0	0.0	0.0	0.0	0.0	0.0	0.0	52.0	0.0	0.0	0.0
acdA_1111729.ATYV01000008_gene2713	0.0	22.0	0.0	0.0	11.0	0.0	0.0	0.0	0.0	0.0	3.0	0.0	6.0	0.0	0.0	0.0	19.0	0.0	0.0	43.0	0.0	0.0	0.0	0.0	0.0	0.0	0.0	0.0	0.0	0.0	0.0	0.0	0.0	0.0	2.0	0.0	0.0	0.0	0.0	0.0	0.0	0.0	0.0	0.0	0.0	0.0	0.0	0.0	0.0	0.0	0.0	0.0	0.0	3.0	0.0	0.0	0.0	0.0	0.0	0.0	3.0	0.0	0.0	13.0
acdA_858619.CVAR_1879	0.0	1132.0	2.0	44.0	1423.0	0.0	5.0	258.0	5.0	0.0	927.0	5.0	0.0	540.0	178.0	14.0	857.0	70.0	0.0	331.0	0.0	11.0	6.0	0.0	0.0	0.0	0.0	0.0	17.0	0.0	27.0	6.0	8.0	0.0	1420.0	8.0	14.0	0.0	2.0	6.0	27.0	18.0	2.0	0.0	500.0	0.0	0.0	0.0	0.0	479.0	2.0	2.0	0.0	0.0	0.0	0.0	2.0	6.0	0.0	12.0	259.0	6.0	9.0	615.0
acdA_1429046.RR21198_0359	1.0	0.0	0.0	0.0	0.0	1.0	0.0	0.0	0.0	0.0	415.0	0.0	0.0	0.0	0.0	0.0	1.0	0.0	0.0	0.0	0.0	0.0	0.0	0.0	0.0	0.0	0.0	0.0	0.0	0.0	0.0	0.0	0.0	0.0	21.0	3.0	0.0	0.0	0.0	0.0	0.0	0.0	0.0	0.0	0.0	0.0	0.0	0.0	0.0	87.0	0.0	0.0	0.0	0.0	0.0	0.0	0.0	0.0	1.0	0.0	6.0	0.0	0.0	0.0
acdA_234621.RER_23000	0.0	0.0	0.0	0.0	0.0	0.0	0.0	0.0	0.0	0.0	460.0	0.0	0.0	0.0	0.0	0.0	3.0	0.0	0.0	0.0	0.0	0.0	0.0	0.0	0.0	0.0	0.0	0.0	0.0	0.0	0.0	0.0	0.0	0.0	25.0	0.0	0.0	0.0	0.0	0.0	0.0	0.0	0.0	0.0	0.0	0.0	0.0	0.0	0.0	70.0	0.0	0.0	2.0	0.0	0.0	0.0	0.0	0.0	2.0	0.0	0.0	0.0	0.0	0.0
acdA_858619.CVAR_2090	0.0	3.0	0.0	0.0	0.0	0.0	0.0	0.0	0.0	0.0	88.0	0.0	0.0	0.0	0.0	0.0	0.0	0.0	0.0	0.0	0.0	0.0	0.0	2.0	0.0	0.0	0.0	0.0	0.0	0.0	0.0	0.0	0.0	0.0	0.0	0.0	0.0	0.0	0.0	0.0	0.0	0.0	0.0	0.0	0.0	0.0	0.0	0.0	0.0	6.0	0.0	0.0	0.0	0.0	0.0	0.0	0.0	0.0	0.0	0.0	8.0	0.0	0.0	0.0
acdA_1077144.AGFF01000024_gene385	0.0	72.0	0.0	0.0	39.0	0.0	2.0	0.0	0.0	0.0	28.0	0.0	0.0	0.0	0.0	0.0	15.0	0.0	2.0	23.0	0.0	0.0	0.0	0.0	0.0	0.0	0.0	0.0	0.0	0.0	0.0	0.0	0.0	0.0	21.0	0.0	0.0	0.0	0.0	0.0	0.0	0.0	0.0	0.0	0.0	0.0	0.0	0.0	0.0	13.0	0.0	0.0	0.0	2.0	0.0	0.0	0.0	0.0	0.0	0.0	0.0	0.0	0.0	10.0
acdA_1292020.H483_0105400	0.0	73.0	0.0	0.0	6.0	0.0	6.0	2.0	0.0	0.0	14.0	0.0	0.0	0.0	0.0	0.0	3.0	0.0	0.0	8.0	2.0	2.0	0.0	0.0	0.0	0.0	0.0	0.0	0.0	0.0	0.0	0.0	0.0	0.0	5.0	3.0	0.0	0.0	0.0	0.0	0.0	0.0	0.0	0.0	0.0	0.0	0.0	0.0	0.0	17.0	3.0	0.0	0.0	0.0	0.0	0.0	0.0	0.0	0.0	0.0	3.0	0.0	0.0	0.0
acdA_1292020.H483_0105740	0.0	77.0	0.0	0.0	5.0	0.0	0.0	0.0	0.0	0.0	31.0	0.0	0.0	0.0	0.0	0.0	13.0	0.0	0.0	20.0	0.0	0.0	0.0	0.0	0.0	8.0	0.0	0.0	0.0	0.0	0.0	0.0	0.0	8.0	20.0	0.0	0.0	0.0	0.0	0.0	0.0	0.0	0.0	0.0	0.0	0.0	0.0	0.0	0.0	18.0	0.0	0.0	0.0	0.0	0.0	0.0	0.0	0.0	3.0	0.0	3.0	0.0	0.0	11.0
acdA_404213212	2.0	0.0	0.0	0.0	0.0	0.0	0.0	0.0	0.0	0.0	256.0	0.0	0.0	0.0	0.0	0.0	2.0	0.0	0.0	0.0	0.0	0.0	0.0	0.0	0.0	2.0	0.0	0.0	0.0	0.0	0.0	0.0	0.0	0.0	10.0	0.0	0.0	0.0	0.0	0.0	0.0	0.0	0.0	0.0	0.0	0.0	0.0	0.0	0.0	18.0	0.0	0.0	0.0	0.0	0.0	0.0	0.0	0.0	0.0	0.0	3.0	0.0	0.0	0.0
acdA_37919.EP51_31375	3.0	3.0	0.0	0.0	0.0	5.0	0.0	2.0	0.0	0.0	673.0	0.0	0.0	0.0	0.0	0.0	2.0	0.0	0.0	0.0	0.0	0.0	0.0	0.0	0.0	3.0	2.0	0.0	0.0	6.0	0.0	0.0	0.0	13.0	13.0	0.0	0.0	0.0	0.0	0.0	0.0	0.0	0.0	0.0	0.0	0.0	0.0	0.0	0.0	121.0	0.0	0.0	0.0	3.0	0.0	0.0	2.0	0.0	2.0	0.0	3.0	0.0	0.0	0.0
acdA_1089455.MOPEL_099_00550	5.0	5.0	0.0	0.0	2.0	6.0	0.0	0.0	0.0	2.0	375.0	5.0	9.0	0.0	0.0	0.0	2.0	0.0	5.0	0.0	0.0	2.0	0.0	2.0	11.0	13.0	8.0	0.0	0.0	2.0	0.0	3.0	8.0	6.0	14.0	0.0	0.0	2.0	2.0	0.0	3.0	0.0	0.0	0.0	0.0	0.0	0.0	3.0	0.0	70.0	0.0	0.0	0.0	6.0	3.0	0.0	0.0	0.0	0.0	0.0	0.0	0.0	0.0	0.0
acdA_1077144.AGFF01000024_gene326	0.0	59.0	0.0	0.0	11.0	0.0	0.0	2.0	0.0	0.0	11.0	0.0	0.0	0.0	0.0	0.0	3.0	0.0	0.0	32.0	0.0	0.0	0.0	0.0	0.0	0.0	0.0	0.0	0.0	3.0	0.0	0.0	0.0	0.0	14.0	0.0	0.0	0.0	0.0	0.0	0.0	0.0	0.0	0.0	0.0	0.0	0.0	0.0	0.0	2.0	0.0	0.0	0.0	0.0	0.0	0.0	0.0	0.0	0.0	0.0	2.0	0.0	0.0	0.0
acdA_306537.jk1549	0.0	115.0	0.0	0.0	13.0	0.0	0.0	0.0	0.0	0.0	415.0	0.0	0.0	0.0	0.0	0.0	13.0	2.0	0.0	32.0	3.0	0.0	0.0	0.0	0.0	0.0	0.0	0.0	0.0	3.0	0.0	0.0	0.0	3.0	65.0	0.0	0.0	0.0	0.0	0.0	0.0	0.0	0.0	0.0	0.0	0.0	0.0	0.0	0.0	89.0	0.0	0.0	0.0	0.0	0.0	0.0	0.0	0.0	0.0	0.0	32.0	0.0	0.0	2.0
acdA_169826482	0.0	0.0	0.0	0.0	8.0	0.0	0.0	0.0	0.0	0.0	23.0	0.0	0.0	0.0	0.0	0.0	2.0	0.0	0.0	21.0	125.0	0.0	0.0	5.0	0.0	0.0	0.0	0.0	0.0	0.0	0.0	0.0	0.0	20.0	2.0	3.0	2.0	0.0	0.0	0.0	0.0	0.0	0.0	0.0	0.0	0.0	0.0	0.0	0.0	0.0	0.0	0.0	0.0	0.0	0.0	0.0	0.0	3.0	0.0	0.0	0.0	0.0	0.0	0.0
acdA_1283299.AUKG01000001_gene2897	0.0	0.0	0.0	0.0	0.0	67.0	0.0	0.0	0.0	0.0	0.0	44.0	192.0	0.0	0.0	0.0	0.0	0.0	37.0	0.0	0.0	0.0	0.0	0.0	73.0	80.0	60.0	0.0	0.0	36.0	0.0	8.0	55.0	50.0	0.0	0.0	0.0	18.0	0.0	0.0	20.0	0.0	0.0	0.0	0.0	0.0	0.0	28.0	0.0	0.0	0.0	0.0	0.0	31.0	28.0	0.0	13.0	0.0	10.0	0.0	0.0	0.0	0.0	0.0
acdA_69279.BG36_17980	0.0	0.0	2.0	2.0	21.0	0.0	0.0	0.0	0.0	0.0	20.0	2.0	0.0	0.0	0.0	0.0	10.0	0.0	2.0	7.0	0.0	0.0	0.0	0.0	0.0	5.0	0.0	0.0	0.0	2.0	0.0	0.0	0.0	0.0	10.0	0.0	0.0	0.0	0.0	0.0	0.0	0.0	0.0	2.0	0.0	0.0	0.0	0.0	0.0	3.0	0.0	0.0	0.0	0.0	0.0	0.0	0.0	0.0	0.0	0.0	0.0	0.0	0.0	0.0
acdA_1184609.KILIM_030_00380	0.0	2.0	0.0	0.0	2.0	35.0	2.0	0.0	0.0	0.0	24.0	2.0	10.0	0.0	0.0	0.0	3.0	0.0	37.0	0.0	2.0	2.0	0.0	0.0	3.0	43.0	3.0	2.0	0.0	62.0	0.0	2.0	3.0	56.0	18.0	2.0	0.0	14.0	3.0	0.0	2.0	0.0	0.0	0.0	0.0	0.0	0.0	10.0	0.0	19.0	0.0	0.0	0.0	3.0	16.0	0.0	8.0	0.0	0.0	0.0	8.0	3.0	0.0	0.0
acdA_1111729.ATYV01000005_gene1165	2.0	43.0	0.0	0.0	14.0	0.0	0.0	0.0	0.0	0.0	2.0	0.0	11.0	0.0	0.0	0.0	16.0	0.0	0.0	19.0	0.0	0.0	0.0	0.0	0.0	0.0	0.0	0.0	0.0	0.0	0.0	0.0	0.0	0.0	3.0	0.0	0.0	0.0	0.0	0.0	0.0	0.0	0.0	0.0	0.0	0.0	0.0	0.0	0.0	0.0	0.0	0.0	0.0	0.0	0.0	0.0	0.0	0.0	0.0	0.0	2.0	0.0	0.0	8.0
acdA_WP_114795994.1	0.0	0.0	0.0	0.0	0.0	13.0	0.0	0.0	0.0	0.0	0.0	64.0	219.0	0.0	0.0	0.0	2.0	0.0	13.0	0.0	0.0	0.0	0.0	0.0	129.0	52.0	52.0	0.0	0.0	45.0	0.0	6.0	109.0	26.0	0.0	0.0	0.0	14.0	0.0	0.0	14.0	0.0	0.0	0.0	0.0	0.0	0.0	64.0	0.0	0.0	0.0	0.0	0.0	34.0	32.0	0.0	2.0	0.0	11.0	0.0	0.0	0.0	0.0	0.0
acdA_116748700	0.0	0.0	0.0	0.0	0.0	16.0	0.0	0.0	0.0	0.0	0.0	6.0	0.0	0.0	0.0	0.0	2.0	0.0	0.0	0.0	0.0	0.0	0.0	0.0	0.0	10.0	10.0	0.0	0.0	5.0	0.0	0.0	3.0	8.0	0.0	0.0	0.0	0.0	0.0	0.0	0.0	0.0	0.0	0.0	0.0	0.0	0.0	5.0	0.0	0.0	0.0	0.0	0.0	0.0	0.0	0.0	0.0	0.0	0.0	0.0	0.0	0.0	0.0	0.0
acdA_284045673	0.0	0.0	0.0	0.0	0.0	29.0	0.0	0.0	0.0	2.0	0.0	0.0	3.0	0.0	0.0	0.0	3.0	0.0	57.0	0.0	0.0	0.0	0.0	0.0	3.0	87.0	3.0	0.0	0.0	62.0	0.0	6.0	3.0	54.0	0.0	0.0	0.0	25.0	0.0	0.0	3.0	0.0	0.0	0.0	0.0	0.0	0.0	6.0	0.0	0.0	0.0	0.0	0.0	0.0	16.0	0.0	3.0	0.0	0.0	0.0	0.0	0.0	0.0	0.0
acdA_116751348	0.0	0.0	0.0	0.0	0.0	6.0	0.0	0.0	0.0	0.0	0.0	3.0	11.0	0.0	0.0	0.0	2.0	0.0	0.0	0.0	0.0	0.0	0.0	0.0	14.0	14.0	5.0	0.0	0.0	5.0	0.0	0.0	3.0	6.0	0.0	0.0	0.0	0.0	0.0	0.0	0.0	0.0	0.0	0.0	0.0	0.0	0.0	8.0	0.0	0.0	0.0	0.0	0.0	0.0	0.0	0.0	0.0	0.0	0.0	0.0	0.0	0.0	0.0	0.0
acdA_1380390.JIAT01000010_gene3547	0.0	0.0	0.0	0.0	0.0	133.0	0.0	0.0	0.0	0.0	0.0	0.0	44.0	0.0	0.0	0.0	0.0	0.0	94.0	0.0	0.0	0.0	0.0	0.0	19.0	148.0	17.0	0.0	0.0	162.0	0.0	9.0	11.0	193.0	0.0	0.0	0.0	31.0	0.0	0.0	8.0	0.0	0.0	0.0	0.0	0.0	0.0	3.0	0.0	0.0	0.0	0.0	0.0	5.0	80.0	0.0	28.0	0.0	11.0	0.0	0.0	0.0	0.0	0.0
acdA_1283299.AUKG01000001_gene2420	0.0	0.0	0.0	0.0	0.0	33.0	0.0	0.0	0.0	0.0	0.0	6.0	30.0	0.0	0.0	0.0	2.0	0.0	23.0	0.0	0.0	0.0	0.0	0.0	20.0	73.0	9.0	0.0	0.0	42.0	0.0	11.0	14.0	42.0	0.0	0.0	0.0	2.0	0.0	0.0	9.0	0.0	0.0	0.0	0.0	0.0	0.0	2.0	0.0	2.0	0.0	0.0	0.0	6.0	9.0	0.0	2.0	0.0	8.0	0.0	0.0	0.0	0.0	0.0
acdA_1283299.AUKG01000002_gene4320	0.0	0.0	0.0	0.0	0.0	19.0	0.0	0.0	0.0	0.0	0.0	3.0	19.0	0.0	0.0	0.0	2.0	0.0	31.0	0.0	0.0	0.0	0.0	0.0	3.0	28.0	13.0	0.0	0.0	16.0	0.0	3.0	0.0	33.0	0.0	0.0	0.0	5.0	0.0	0.0	6.0	0.0	0.0	0.0	0.0	0.0	0.0	3.0	0.0	0.0	0.0	0.0	0.0	0.0	13.0	0.0	5.0	0.0	6.0	0.0	0.0	0.0	0.0	0.0
acdA_1869.MB27_20160	0.0	0.0	0.0	0.0	0.0	454.0	0.0	0.0	0.0	0.0	0.0	31.0	306.0	0.0	0.0	0.0	2.0	0.0	154.0	0.0	0.0	0.0	0.0	0.0	77.0	643.0	69.0	0.0	0.0	226.0	0.0	124.0	39.0	770.0	0.0	0.0	0.0	201.0	0.0	0.0	7.0	0.0	0.0	0.0	0.0	0.0	0.0	68.0	0.0	0.0	0.0	0.0	0.0	22.0	77.0	0.0	122.0	0.0	148.0	0.0	0.0	0.0	0.0	0.0
acdA_1380390.JIAT01000011_gene2814	0.0	0.0	0.0	0.0	0.0	91.0	0.0	0.0	0.0	0.0	0.0	7.0	29.0	0.0	0.0	0.0	0.0	0.0	115.0	0.0	0.0	0.0	0.0	0.0	15.0	148.0	2.0	0.0	0.0	127.0	0.0	7.0	20.0	143.0	0.0	0.0	0.0	37.0	0.0	0.0	3.0	0.0	0.0	0.0	0.0	0.0	0.0	11.0	0.0	0.0	0.0	0.0	0.0	10.0	42.0	0.0	13.0	0.0	16.0	0.0	0.0	0.0	0.0	0.0
acdA_116748810	0.0	0.0	0.0	0.0	0.0	0.0	0.0	0.0	0.0	0.0	0.0	7.0	13.0	0.0	0.0	0.0	0.0	0.0	2.0	0.0	0.0	0.0	0.0	0.0	2.0	13.0	5.0	0.0	0.0	3.0	0.0	0.0	3.0	3.0	0.0	0.0	0.0	0.0	0.0	0.0	2.0	0.0	0.0	0.0	0.0	0.0	0.0	8.0	0.0	0.0	0.0	0.0	0.0	2.0	3.0	0.0	0.0	0.0	2.0	0.0	0.0	0.0	0.0	0.0
acdA_284046203	0.0	0.0	0.0	0.0	2.0	93.0	2.0	0.0	0.0	0.0	0.0	2.0	27.0	0.0	0.0	0.0	2.0	0.0	70.0	2.0	0.0	0.0	0.0	0.0	15.0	137.0	6.0	0.0	0.0	111.0	0.0	33.0	18.0	164.0	0.0	0.0	0.0	21.0	0.0	0.0	3.0	0.0	0.0	0.0	0.0	0.0	0.0	20.0	0.0	0.0	0.0	0.0	0.0	5.0	37.0	0.0	9.0	0.0	14.0	0.0	0.0	0.0	0.0	0.0
acdA_1229780.BN381_250102	0.0	0.0	0.0	0.0	0.0	104.0	0.0	0.0	0.0	0.0	14.0	2.0	8.0	0.0	0.0	0.0	2.0	0.0	67.0	2.0	0.0	0.0	0.0	0.0	6.0	172.0	2.0	0.0	0.0	40.0	3.0	3.0	3.0	231.0	0.0	0.0	0.0	5.0	0.0	0.0	2.0	0.0	0.0	0.0	0.0	0.0	0.0	3.0	2.0	0.0	0.0	0.0	0.0	0.0	34.0	0.0	6.0	0.0	6.0	0.0	2.0	0.0	2.0	0.0
acdA_284043121	0.0	0.0	0.0	0.0	0.0	101.0	0.0	2.0	0.0	0.0	0.0	8.0	26.0	0.0	0.0	0.0	0.0	0.0	135.0	0.0	0.0	0.0	0.0	0.0	7.0	185.0	3.0	0.0	0.0	148.0	0.0	28.0	8.0	125.0	0.0	0.0	0.0	50.0	0.0	0.0	0.0	0.0	0.0	0.0	0.0	0.0	0.0	7.0	0.0	0.0	0.0	0.0	0.0	7.0	39.0	0.0	11.0	0.0	18.0	0.0	0.0	0.0	0.0	0.0
acdA_1380390.JIAT01000013_gene68	0.0	0.0	0.0	0.0	0.0	98.0	0.0	0.0	0.0	0.0	0.0	3.0	24.0	0.0	0.0	0.0	3.0	0.0	108.0	0.0	0.0	0.0	0.0	0.0	14.0	162.0	8.0	0.0	0.0	129.0	0.0	17.0	8.0	132.0	0.0	0.0	0.0	32.0	0.0	0.0	2.0	0.0	0.0	0.0	0.0	0.0	0.0	11.0	0.0	0.0	0.0	0.0	0.0	3.0	42.0	0.0	14.0	0.0	9.0	0.0	0.0	0.0	0.0	0.0
acdA_1440774.Y900_005635	0.0	0.0	0.0	0.0	2.0	31.0	0.0	0.0	0.0	0.0	0.0	0.0	0.0	0.0	0.0	0.0	2.0	0.0	15.0	0.0	0.0	0.0	0.0	0.0	3.0	31.0	2.0	0.0	0.0	37.0	0.0	2.0	0.0	20.0	0.0	0.0	0.0	9.0	0.0	0.0	0.0	0.0	0.0	0.0	0.0	0.0	0.0	0.0	0.0	0.0	0.0	0.0	0.0	0.0	21.0	0.0	3.0	0.0	0.0	0.0	0.0	0.0	0.0	0.0
acdA_393202304	0.0	2.0	0.0	0.0	0.0	0.0	0.0	0.0	0.0	0.0	0.0	0.0	0.0	0.0	0.0	0.0	0.0	0.0	3.0	0.0	3.0	0.0	0.0	370.0	0.0	0.0	0.0	0.0	2.0	0.0	0.0	0.0	3.0	32.0	0.0	0.0	0.0	0.0	0.0	0.0	0.0	0.0	0.0	0.0	0.0	0.0	0.0	0.0	0.0	0.0	16.0	0.0	0.0	0.0	0.0	0.0	0.0	0.0	0.0	0.0	0.0	0.0	0.0	0.0
acdA_931276.Cspa_c12400	0.0	0.0	0.0	0.0	0.0	0.0	0.0	0.0	0.0	0.0	0.0	4.0	10.0	0.0	0.0	0.0	0.0	0.0	0.0	3.0	0.0	36.0	0.0	27.0	8.0	0.0	4.0	1.0	0.0	32.0	0.0	524.0	12.0	0.0	0.0	13.0	0.0	0.0	0.0	17.0	0.0	0.0	0.0	0.0	0.0	1.0	0.0	0.0	797.0	0.0	0.0	0.0	0.0	0.0	10.0	0.0	0.0	96.0	0.0	4.0	0.0	0.0	0.0	0.0
acdA_521180648	0.0	3.0	0.0	3.0	0.0	0.0	0.0	0.0	0.0	0.0	2.0	0.0	0.0	0.0	0.0	0.0	0.0	0.0	0.0	0.0	0.0	0.0	0.0	0.0	0.0	0.0	0.0	562.0	0.0	0.0	0.0	0.0	0.0	0.0	199.0	51.0	0.0	0.0	5.0	0.0	0.0	0.0	0.0	0.0	0.0	0.0	0.0	0.0	21573.0	0.0	319.0	0.0	0.0	0.0	0.0	988.0	2.0	0.0	0.0	322.0	0.0	0.0	0.0	0.0
acdA_1002339.HMPREF9373_1019_m01	0.0	52.0	0.0	0.0	0.0	0.0	0.0	0.0	0.0	0.0	222.0	0.0	0.0	0.0	0.0	0.0	2.0	0.0	0.0	5.0	0.0	0.0	0.0	0.0	0.0	0.0	0.0	7.0	0.0	0.0	0.0	0.0	0.0	0.0	494.0	0.0	0.0	0.0	0.0	0.0	0.0	0.0	0.0	0.0	0.0	0.0	62.0	13.0	0.0	244.0	0.0	0.0	0.0	0.0	0.0	31.0	0.0	0.0	0.0	0.0	128.0	0.0	0.0	0.0
acdA_1123034.JMKP01000019_gene2544_m01	0.0	13.0	0.0	0.0	0.0	0.0	0.0	0.0	0.0	0.0	356.0	0.0	0.0	3.0	0.0	0.0	0.0	0.0	3.0	7.0	0.0	0.0	0.0	0.0	0.0	0.0	0.0	0.0	0.0	0.0	0.0	0.0	0.0	0.0	294.0	0.0	0.0	0.0	0.0	0.0	0.0	0.0	0.0	0.0	0.0	0.0	0.0	0.0	0.0	363.0	0.0	0.0	0.0	0.0	0.0	0.0	0.0	0.0	0.0	0.0	51.0	0.0	0.0	0.0
acdA_284045673_m01	0.0	0.0	0.0	0.0	0.0	16.0	0.0	0.0	0.0	0.0	0.0	0.0	24.0	0.0	0.0	0.0	0.0	0.0	22.0	0.0	0.0	0.0	0.0	0.0	10.0	51.0	6.0	0.0	0.0	40.0	0.0	0.0	3.0	41.0	0.0	0.0	0.0	3.0	0.0	0.0	0.0	2.0	0.0	0.0	0.0	0.0	0.0	0.0	0.0	0.0	0.0	0.0	0.0	2.0	14.0	0.0	2.0	0.0	6.0	0.0	0.0	0.0	0.0	0.0
acdA_1002339.HMPREF9373_1019_m02	2.0	710.0	0.0	2.0	0.0	0.0	0.0	0.0	0.0	0.0	412.0	0.0	0.0	2.0	0.0	0.0	0.0	0.0	0.0	0.0	2.0	0.0	0.0	0.0	0.0	0.0	0.0	0.0	0.0	0.0	0.0	0.0	0.0	0.0	314.0	0.0	0.0	0.0	0.0	0.0	0.0	0.0	0.0	0.0	0.0	0.0	0.0	0.0	0.0	422.0	0.0	0.0	0.0	0.0	0.0	0.0	0.0	0.0	0.0	0.0	33.0	0.0	0.0	0.0
acdA_1123034.JMKP01000019_gene2544_m02	0.0	2526.0	0.0	0.0	0.0	0.0	0.0	0.0	0.0	0.0	419.0	0.0	0.0	0.0	0.0	0.0	2.0	0.0	0.0	5.0	0.0	0.0	0.0	0.0	0.0	0.0	0.0	0.0	0.0	0.0	0.0	0.0	0.0	0.0	47.0	0.0	20.0	0.0	0.0	0.0	0.0	0.0	0.0	0.0	0.0	0.0	0.0	0.0	0.0	59.0	0.0	0.0	0.0	0.0	0.0	0.0	0.0	0.0	0.0	0.0	7.0	0.0	0.0	0.0
acdA_1287475.HMPREF1650_13510_m01	0.0	49.0	0.0	0.0	14.0	0.0	0.0	0.0	0.0	0.0	302.0	0.0	0.0	0.0	0.0	0.0	2.0	0.0	0.0	5.0	0.0	0.0	0.0	0.0	0.0	0.0	0.0	0.0	0.0	0.0	0.0	0.0	0.0	0.0	39.0	0.0	0.0	0.0	0.0	0.0	0.0	0.0	0.0	0.0	0.0	0.0	0.0	0.0	0.0	33.0	0.0	0.0	0.0	0.0	0.0	0.0	0.0	0.0	0.0	0.0	30.0	0.0	0.0	6.0
acdA_284045673_m02	0.0	0.0	2.0	0.0	0.0	16.0	0.0	0.0	0.0	0.0	0.0	0.0	3.0	0.0	0.0	0.0	2.0	0.0	11.0	0.0	0.0	0.0	0.0	0.0	2.0	56.0	2.0	0.0	0.0	41.0	0.0	3.0	2.0	27.0	0.0	0.0	0.0	8.0	0.0	0.0	0.0	0.0	0.0	0.0	0.0	0.0	0.0	0.0	0.0	0.0	0.0	0.0	0.0	2.0	6.0	0.0	6.0	0.0	5.0	0.0	0.0	0.0	0.0	0.0
acdA_1380390.JIAT01000010_gene3547_m01	0.0	2.0	0.0	0.0	0.0	5.0	0.0	0.0	0.0	0.0	0.0	0.0	9.0	0.0	0.0	0.0	2.0	0.0	9.0	0.0	0.0	0.0	0.0	0.0	2.0	13.0	0.0	0.0	0.0	6.0	0.0	0.0	11.0	19.0	0.0	0.0	0.0	5.0	3.0	0.0	3.0	0.0	0.0	0.0	0.0	0.0	0.0	2.0	0.0	0.0	0.0	0.0	0.0	5.0	6.0	2.0	0.0	0.0	2.0	0.0	0.0	0.0	0.0	0.0
acdA_284043121_m01	2.0	0.0	0.0	0.0	0.0	89.0	0.0	0.0	0.0	0.0	0.0	10.0	41.0	0.0	0.0	0.0	0.0	0.0	101.0	3.0	0.0	0.0	0.0	0.0	7.0	137.0	11.0	0.0	0.0	137.0	0.0	42.0	16.0	189.0	0.0	0.0	0.0	26.0	3.0	0.0	7.0	0.0	0.0	0.0	0.0	0.0	0.0	11.0	3.0	0.0	0.0	0.0	0.0	10.0	42.0	0.0	15.0	0.0	15.0	0.0	0.0	0.0	0.0	0.0
acdA_1380390.JIAT01000013_gene68_m01	0.0	0.0	0.0	0.0	0.0	50.0	0.0	0.0	0.0	0.0	0.0	2.0	14.0	0.0	0.0	0.0	0.0	0.0	44.0	0.0	0.0	0.0	0.0	0.0	3.0	86.0	3.0	0.0	0.0	59.0	0.0	2.0	3.0	88.0	0.0	0.0	2.0	35.0	0.0	0.0	3.0	0.0	0.0	0.0	0.0	0.0	0.0	8.0	0.0	0.0	0.0	0.0	0.0	2.0	36.0	0.0	6.0	0.0	12.0	0.0	0.0	0.0	0.0	0.0
acdA_1002339.HMPREF9373_1019_m03	0.0	82.0	0.0	0.0	5.0	0.0	0.0	0.0	370.0	0.0	62.0	0.0	0.0	0.0	0.0	137.0	0.0	0.0	0.0	10.0	0.0	0.0	0.0	0.0	0.0	0.0	0.0	0.0	0.0	0.0	0.0	0.0	0.0	0.0	193.0	0.0	65.0	0.0	0.0	44.0	0.0	621.0	0.0	0.0	0.0	0.0	0.0	0.0	0.0	64.0	49.0	0.0	62.0	0.0	0.0	5.0	0.0	113.0	0.0	78.0	52.0	0.0	0.0	0.0
acdA_1123034.JMKP01000019_gene2544_m03	0.0	39.0	0.0	5.0	0.0	0.0	0.0	0.0	0.0	0.0	186.0	0.0	0.0	0.0	0.0	0.0	0.0	0.0	0.0	7.0	0.0	0.0	0.0	0.0	0.0	0.0	0.0	0.0	0.0	0.0	0.0	0.0	0.0	0.0	208.0	0.0	34.0	0.0	0.0	0.0	0.0	0.0	0.0	0.0	0.0	0.0	0.0	0.0	0.0	227.0	0.0	0.0	0.0	0.0	0.0	0.0	0.0	0.0	0.0	0.0	113.0	0.0	0.0	0.0
acdA_WP_119068025.1_m01	5.0	0.0	74.0	0.0	0.0	2.0	63.0	18.0	48.0	0.0	3.0	42.0	34.0	34.0	29.0	31.0	0.0	5.0	18.0	3.0	0.0	6.0	31.0	21.0	111.0	22.0	66.0	2.0	43.0	13.0	34.0	11.0	63.0	0.0	0.0	16.0	21.0	29.0	0.0	63.0	26.0	26.0	3.0	0.0	47.0	48.0	0.0	14.0	3.0	0.0	14.0	37.0	0.0	39.0	14.0	2.0	3.0	8.0	8.0	3.0	0.0	2.0	16.0	0.0
acdA_284045673_m03	2.0	0.0	2.0	0.0	0.0	36.0	0.0	0.0	0.0	0.0	0.0	49.0	184.0	0.0	0.0	0.0	3.0	0.0	40.0	0.0	0.0	0.0	0.0	0.0	92.0	70.0	82.0	0.0	0.0	49.0	0.0	6.0	52.0	70.0	2.0	0.0	0.0	16.0	0.0	0.0	21.0	0.0	0.0	0.0	0.0	0.0	0.0	52.0	0.0	0.0	0.0	0.0	0.0	30.0	21.0	0.0	5.0	0.0	5.0	0.0	0.0	2.0	0.0	0.0
acdA_1380390.JIAT01000010_gene3547_m02	0.0	2.0	0.0	0.0	0.0	28.0	0.0	0.0	0.0	0.0	2.0	6.0	22.0	0.0	0.0	0.0	0.0	0.0	31.0	0.0	0.0	0.0	0.0	0.0	8.0	47.0	14.0	0.0	0.0	38.0	0.0	3.0	8.0	49.0	0.0	0.0	0.0	11.0	0.0	0.0	6.0	0.0	0.0	0.0	0.0	0.0	0.0	2.0	0.0	0.0	0.0	0.0	0.0	5.0	5.0	0.0	3.0	0.0	6.0	0.0	0.0	0.0	2.0	0.0
acdA_284043121_m02	0.0	0.0	0.0	0.0	0.0	60.0	0.0	0.0	0.0	0.0	0.0	8.0	10.0	0.0	0.0	0.0	2.0	0.0	88.0	2.0	0.0	0.0	0.0	0.0	2.0	127.0	2.0	0.0	0.0	146.0	0.0	13.0	5.0	111.0	0.0	0.0	0.0	23.0	0.0	0.0	0.0	0.0	0.0	0.0	0.0	0.0	0.0	0.0	0.0	0.0	0.0	0.0	0.0	0.0	46.0	0.0	10.0	0.0	23.0	0.0	0.0	0.0	0.0	0.0
acdA_1380390.JIAT01000013_gene68_m02	0.0	0.0	0.0	0.0	0.0	24.0	0.0	0.0	0.0	0.0	0.0	2.0	14.0	0.0	0.0	0.0	2.0	0.0	14.0	0.0	0.0	0.0	0.0	0.0	3.0	26.0	3.0	0.0	0.0	30.0	0.0	8.0	2.0	55.0	0.0	0.0	0.0	3.0	0.0	0.0	3.0	0.0	0.0	0.0	0.0	0.0	0.0	5.0	0.0	0.0	0.0	0.0	0.0	3.0	2.0	0.0	6.0	0.0	3.0	0.0	0.0	0.0	0.0	0.0
acdA_1123034.JMKP01000019_gene2544_m04	0.0	0.0	0.0	0.0	0.0	0.0	0.0	0.0	0.0	0.0	26.0	0.0	0.0	0.0	0.0	0.0	0.0	0.0	0.0	0.0	0.0	0.0	0.0	0.0	0.0	0.0	0.0	0.0	0.0	0.0	0.0	0.0	0.0	0.0	74.0	0.0	0.0	0.0	0.0	0.0	0.0	0.0	0.0	0.0	0.0	0.0	538.0	144.0	0.0	56.0	0.0	0.0	0.0	0.0	0.0	0.0	0.0	0.0	0.0	0.0	0.0	0.0	0.0	0.0
acdA_1002339.HMPREF9373_1019_m05	0.0	2235.0	0.0	0.0	0.0	0.0	0.0	0.0	0.0	0.0	412.0	0.0	0.0	0.0	0.0	0.0	5.0	0.0	0.0	7.0	0.0	0.0	0.0	0.0	0.0	0.0	0.0	0.0	0.0	0.0	0.0	0.0	0.0	0.0	100.0	0.0	0.0	0.0	0.0	0.0	0.0	0.0	0.0	0.0	0.0	0.0	0.0	0.0	0.0	90.0	0.0	0.0	0.0	3.0	0.0	52.0	0.0	0.0	0.0	0.0	31.0	0.0	0.0	0.0
acdA_349106.PsycPRwf_0300_m02	0.0	7.0	0.0	1045.0	0.0	0.0	0.0	0.0	0.0	0.0	0.0	0.0	620.0	10.0	0.0	0.0	0.0	34.0	0.0	8.0	0.0	450.0	0.0	6139.0	0.0	3.0	7.0	0.0	11.0	312.0	3.0	132.0	0.0	0.0	51.0	0.0	423.0	0.0	0.0	29.0	0.0	2.0	0.0	0.0	3.0	2.0	0.0	5.0	2.0	3.0	3813.0	0.0	0.0	0.0	5.0	582.0	0.0	16.0	0.0	72.0	0.0	399.0	0.0	0.0
acdA_284045673_m04	0.0	0.0	0.0	0.0	0.0	43.0	0.0	0.0	0.0	0.0	2.0	3.0	8.0	0.0	0.0	0.0	0.0	0.0	38.0	0.0	0.0	0.0	0.0	0.0	3.0	103.0	3.0	0.0	0.0	105.0	0.0	8.0	3.0	108.0	0.0	0.0	0.0	44.0	0.0	0.0	0.0	0.0	0.0	0.0	0.0	0.0	0.0	10.0	0.0	0.0	0.0	0.0	0.0	2.0	29.0	0.0	16.0	0.0	8.0	0.0	0.0	0.0	0.0	0.0
acdA_1869.MB27_20160_m01	0.0	0.0	0.0	0.0	0.0	195.0	1.0	0.0	0.0	0.0	0.0	46.0	267.0	0.0	0.0	0.0	0.0	1.0	600.0	0.0	0.0	0.0	0.0	0.0	97.0	299.0	71.0	0.0	0.0	272.0	0.0	440.0	45.0	507.0	0.0	0.0	0.0	763.0	0.0	0.0	7.0	0.0	0.0	0.0	0.0	0.0	0.0	62.0	0.0	0.0	0.0	0.0	0.0	18.0	83.0	0.0	468.0	0.0	687.0	0.0	0.0	0.0	0.0	0.0
acdA_1380390.JIAT01000011_gene2814_m01	0.0	0.0	0.0	0.0	0.0	13.0	0.0	0.0	0.0	0.0	0.0	8.0	39.0	0.0	0.0	0.0	2.0	0.0	24.0	0.0	0.0	2.0	0.0	0.0	8.0	39.0	10.0	0.0	0.0	39.0	0.0	0.0	29.0	70.0	0.0	0.0	0.0	13.0	0.0	0.0	2.0	0.0	0.0	0.0	0.0	0.0	0.0	7.0	0.0	0.0	0.0	0.0	0.0	7.0	7.0	0.0	0.0	0.0	0.0	0.0	0.0	0.0	0.0	0.0
acdA_1380390.JIAT01000013_gene68_m03	0.0	0.0	0.0	0.0	0.0	44.0	0.0	0.0	0.0	0.0	0.0	0.0	18.0	0.0	0.0	0.0	2.0	0.0	58.0	0.0	0.0	0.0	0.0	0.0	14.0	79.0	3.0	0.0	0.0	80.0	0.0	12.0	3.0	111.0	0.0	0.0	0.0	23.0	0.0	0.0	0.0	0.0	0.0	0.0	0.0	0.0	0.0	0.0	0.0	0.0	0.0	0.0	0.0	0.0	18.0	0.0	9.0	0.0	8.0	0.0	0.0	0.0	0.0	0.0
acdA_1002339.HMPREF9373_1019_m06	0.0	82.0	0.0	8.0	0.0	0.0	0.0	0.0	0.0	0.0	74.0	0.0	0.0	0.0	0.0	0.0	0.0	0.0	0.0	0.0	0.0	0.0	0.0	0.0	0.0	0.0	0.0	0.0	0.0	0.0	0.0	0.0	0.0	0.0	124.0	0.0	0.0	0.0	0.0	0.0	0.0	0.0	0.0	0.0	0.0	0.0	0.0	0.0	0.0	334.0	0.0	0.0	0.0	0.0	0.0	0.0	0.0	0.0	0.0	0.0	72.0	0.0	0.0	0.0
acdA_1123034.JMKP01000019_gene2544_m06	0.0	499.0	0.0	0.0	0.0	0.0	0.0	0.0	0.0	0.0	92.0	0.0	0.0	0.0	0.0	0.0	2.0	0.0	0.0	2.0	0.0	0.0	0.0	0.0	0.0	0.0	0.0	2.0	0.0	0.0	0.0	0.0	0.0	0.0	352.0	0.0	0.0	0.0	0.0	0.0	0.0	0.0	0.0	0.0	0.0	2.0	0.0	0.0	0.0	95.0	0.0	0.0	0.0	0.0	0.0	0.0	0.0	0.0	0.0	0.0	116.0	0.0	0.0	0.0
acdA_284045673_m05	0.0	2.0	0.0	2.0	0.0	33.0	0.0	0.0	0.0	0.0	0.0	3.0	16.0	0.0	0.0	0.0	0.0	0.0	27.0	0.0	0.0	0.0	0.0	0.0	16.0	59.0	8.0	0.0	0.0	73.0	0.0	8.0	0.0	57.0	0.0	0.0	0.0	16.0	0.0	0.0	3.0	0.0	0.0	0.0	0.0	0.0	0.0	6.0	0.0	0.0	0.0	2.0	0.0	5.0	17.0	0.0	3.0	0.0	11.0	0.0	0.0	0.0	0.0	0.0
acdA_1123034.JMKP01000019_gene2544_m09	2.0	1010.0	0.0	0.0	0.0	0.0	0.0	0.0	0.0	0.0	123.0	0.0	0.0	0.0	0.0	0.0	0.0	0.0	0.0	0.0	0.0	0.0	0.0	0.0	0.0	0.0	0.0	2.0	0.0	0.0	0.0	0.0	0.0	0.0	31.0	0.0	2.0	0.0	0.0	0.0	0.0	0.0	0.0	0.0	0.0	0.0	0.0	0.0	0.0	90.0	0.0	0.0	0.0	0.0	0.0	2.0	0.0	0.0	0.0	0.0	0.0	0.0	0.0	0.0
acdA_WP_119068025.1_m02	0.0	0.0	0.0	0.0	0.0	24.0	0.0	0.0	0.0	0.0	0.0	3.0	0.0	0.0	0.0	0.0	0.0	0.0	29.0	0.0	0.0	0.0	0.0	0.0	8.0	64.0	16.0	0.0	0.0	27.0	0.0	29.0	10.0	27.0	0.0	0.0	0.0	27.0	0.0	0.0	3.0	0.0	0.0	0.0	0.0	0.0	0.0	3.0	0.0	0.0	0.0	0.0	0.0	16.0	72.0	0.0	26.0	0.0	37.0	0.0	0.0	0.0	0.0	0.0
acdA_1002339.HMPREF9373_1019_m08	0.0	13.0	0.0	3.0	0.0	0.0	0.0	0.0	0.0	0.0	49.0	0.0	0.0	0.0	0.0	0.0	0.0	0.0	0.0	7.0	0.0	0.0	0.0	0.0	0.0	0.0	0.0	0.0	0.0	0.0	0.0	0.0	0.0	0.0	273.0	0.0	0.0	0.0	0.0	0.0	0.0	0.0	0.0	0.0	0.0	0.0	78.0	16.0	0.0	85.0	0.0	0.0	0.0	0.0	0.0	5.0	0.0	0.0	0.0	0.0	129.0	0.0	0.0	0.0
acdA_1869.MB27_20160_m02	0.0	0.0	0.0	0.0	0.0	383.0	0.0	0.0	1.0	0.0	0.0	87.0	528.0	0.0	0.0	0.0	0.0	0.0	168.0	0.0	0.0	0.0	0.0	0.0	140.0	538.0	169.0	0.0	0.0	311.0	0.0	25.0	59.0	991.0	0.0	0.0	0.0	37.0	0.0	0.0	35.0	0.0	0.0	0.0	0.0	1.0	0.0	104.0	0.0	0.0	1.0	0.0	0.0	39.0	127.0	0.0	13.0	0.0	18.0	0.0	0.0	0.0	0.0	0.0
acdA_284045673_m06	0.0	0.0	0.0	0.0	0.0	59.0	0.0	0.0	0.0	0.0	0.0	8.0	2.0	0.0	0.0	0.0	3.0	0.0	73.0	0.0	0.0	0.0	0.0	0.0	3.0	100.0	0.0	0.0	0.0	94.0	0.0	14.0	5.0	81.0	0.0	0.0	0.0	16.0	0.0	0.0	0.0	0.0	0.0	0.0	3.0	0.0	0.0	2.0	0.0	0.0	0.0	0.0	0.0	3.0	27.0	0.0	8.0	0.0	3.0	0.0	0.0	0.0	0.0	0.0
acdA_WP_119068025.1_m03	0.0	0.0	3.0	0.0	0.0	6.0	0.0	0.0	6.0	0.0	0.0	0.0	3.0	0.0	0.0	6.0	0.0	2.0	8.0	0.0	0.0	0.0	6.0	0.0	3.0	39.0	2.0	0.0	5.0	24.0	21.0	19.0	3.0	11.0	0.0	0.0	3.0	27.0	0.0	10.0	0.0	10.0	0.0	0.0	0.0	6.0	0.0	3.0	0.0	0.0	3.0	0.0	0.0	0.0	6.0	0.0	5.0	6.0	13.0	10.0	0.0	0.0	6.0	0.0
acdA_306537.jk1549_m01	0.0	86.0	0.0	0.0	6.0	0.0	0.0	0.0	0.0	0.0	55.0	0.0	0.0	0.0	0.0	0.0	31.0	0.0	3.0	13.0	94.0	0.0	0.0	2.0	0.0	0.0	0.0	0.0	0.0	0.0	0.0	0.0	2.0	0.0	31.0	0.0	0.0	0.0	0.0	0.0	0.0	0.0	0.0	0.0	0.0	0.0	0.0	0.0	0.0	23.0	0.0	0.0	0.0	0.0	0.0	0.0	0.0	6.0	0.0	0.0	19.0	0.0	0.0	11.0
acdA_1002339.HMPREF9373_1019_m10	0.0	11.0	0.0	2.0	0.0	0.0	0.0	0.0	0.0	0.0	180.0	0.0	0.0	0.0	0.0	0.0	7.0	0.0	0.0	26.0	0.0	0.0	0.0	0.0	0.0	0.0	0.0	0.0	3.0	0.0	0.0	0.0	0.0	0.0	446.0	0.0	0.0	0.0	0.0	0.0	0.0	0.0	0.0	0.0	0.0	0.0	260.0	90.0	0.0	165.0	0.0	0.0	0.0	0.0	0.0	28.0	0.0	2.0	0.0	0.0	131.0	0.0	0.0	0.0
acdA_349106.PsycPRwf_0300_m03	0.0	2.0	0.0	214.0	0.0	0.0	0.0	0.0	0.0	0.0	0.0	0.0	18.0	0.0	0.0	0.0	0.0	2.0	0.0	8.0	0.0	114.0	0.0	2.0	0.0	0.0	0.0	2.0	0.0	75.0	0.0	0.0	0.0	0.0	7.0	13.0	39.0	0.0	0.0	0.0	0.0	20.0	0.0	0.0	0.0	0.0	0.0	0.0	4602.0	0.0	74.0	0.0	0.0	0.0	0.0	75.0	0.0	119.0	0.0	41.0	0.0	110.0	0.0	0.0
acdA_349106.PsycPRwf_0300_m04	0.0	7.0	0.0	0.0	0.0	0.0	0.0	0.0	10.0	0.0	2.0	0.0	0.0	0.0	0.0	8.0	0.0	0.0	0.0	5.0	0.0	0.0	0.0	0.0	0.0	0.0	0.0	98.0	0.0	0.0	0.0	0.0	0.0	0.0	15.0	8.0	3.0	0.0	0.0	2.0	0.0	25.0	0.0	0.0	0.0	0.0	0.0	0.0	0.0	2.0	2158.0	0.0	0.0	0.0	0.0	446.0	0.0	0.0	0.0	56.0	8.0	0.0	0.0	0.0
acdA_284043121_m03	0.0	0.0	0.0	0.0	0.0	31.0	0.0	0.0	0.0	0.0	0.0	3.0	28.0	0.0	0.0	0.0	0.0	0.0	34.0	0.0	0.0	0.0	0.0	0.0	26.0	50.0	3.0	0.0	0.0	29.0	0.0	11.0	11.0	44.0	2.0	0.0	0.0	0.0	0.0	0.0	2.0	0.0	0.0	0.0	0.0	0.0	0.0	13.0	0.0	0.0	0.0	0.0	0.0	7.0	15.0	0.0	0.0	0.0	8.0	2.0	0.0	0.0	0.0	0.0
acdA_349106.PsycPRwf_0300_m05	0.0	18.0	0.0	98.0	5.0	0.0	0.0	0.0	16.0	0.0	0.0	0.0	1174.0	0.0	0.0	10.0	0.0	3.0	0.0	5.0	0.0	224.0	0.0	337.0	0.0	0.0	2.0	0.0	7.0	193.0	0.0	31.0	0.0	0.0	65.0	0.0	16.0	0.0	0.0	62.0	0.0	26.0	0.0	0.0	0.0	0.0	0.0	0.0	7.0	0.0	129.0	0.0	8.0	0.0	8.0	129.0	3.0	7.0	0.0	54.0	0.0	59.0	0.0	0.0
acdA_349106.PsycPRwf_0300_m06	0.0	0.0	0.0	0.0	0.0	0.0	0.0	0.0	0.0	0.0	0.0	0.0	13.0	0.0	0.0	0.0	0.0	0.0	0.0	0.0	0.0	0.0	0.0	0.0	0.0	0.0	0.0	0.0	0.0	0.0	0.0	0.0	0.0	0.0	0.0	3.0	0.0	0.0	0.0	2.0	0.0	3.0	0.0	0.0	0.0	0.0	0.0	0.0	2.0	0.0	234.0	0.0	0.0	0.0	0.0	0.0	0.0	0.0	0.0	358.0	0.0	0.0	0.0	0.0
acdA_349106.PsycPRwf_0300_m07	0.0	286.0	0.0	0.0	0.0	0.0	0.0	0.0	98.0	0.0	3.0	0.0	203.0	0.0	0.0	88.0	0.0	0.0	0.0	8.0	0.0	2.0	0.0	64.0	0.0	2.0	0.0	0.0	0.0	242.0	0.0	191.0	0.0	0.0	198.0	0.0	7.0	0.0	0.0	62.0	0.0	168.0	0.0	0.0	0.0	0.0	0.0	0.0	0.0	0.0	21.0	0.0	21.0	0.0	0.0	36.0	0.0	49.0	0.0	43.0	0.0	0.0	0.0	0.0
acdA_1002339.HMPREF9373_1019_m11	0.0	427.0	0.0	100.0	3.0	0.0	0.0	0.0	3.0	0.0	0.0	0.0	0.0	8.0	0.0	2.0	0.0	31.0	0.0	5.0	0.0	13.0	0.0	0.0	0.0	0.0	0.0	0.0	0.0	0.0	0.0	0.0	0.0	0.0	95.0	0.0	541.0	0.0	0.0	0.0	0.0	3.0	0.0	0.0	8.0	0.0	0.0	0.0	0.0	0.0	2.0	0.0	0.0	0.0	0.0	0.0	0.0	10.0	0.0	0.0	2.0	0.0	0.0	0.0
acdA_1002339.HMPREF9373_1019_m12	0.0	25.0	0.0	1488.0	0.0	0.0	0.0	0.0	34.0	0.0	2.0	0.0	1556.0	2.0	0.0	54.0	3.0	2.0	3.0	21.0	0.0	732.0	3.0	9847.0	0.0	5.0	20.0	78.0	7.0	768.0	3.0	476.0	0.0	0.0	110.0	0.0	95.0	3.0	0.0	129.0	0.0	26.0	0.0	0.0	0.0	3.0	0.0	3.0	8.0	3.0	6126.0	0.0	0.0	0.0	44.0	1141.0	0.0	43.0	0.0	142.0	0.0	574.0	0.0	0.0
acdA_1002339.HMPREF9373_1019_m14	0.0	26.0	0.0	0.0	20.0	0.0	0.0	0.0	20.0	0.0	0.0	0.0	43.0	0.0	0.0	13.0	2.0	0.0	0.0	43.0	0.0	28.0	0.0	0.0	0.0	0.0	0.0	74.0	5.0	3.0	0.0	0.0	0.0	0.0	46.0	13.0	3.0	0.0	0.0	13.0	0.0	72.0	0.0	0.0	0.0	0.0	0.0	0.0	7640.0	0.0	352.0	0.0	5.0	0.0	0.0	446.0	0.0	5.0	0.0	198.0	57.0	2.0	0.0	0.0
acdA_349106.PsycPRwf_0300_m18	0.0	18.0	0.0	0.0	3.0	0.0	0.0	0.0	7.0	0.0	0.0	0.0	0.0	0.0	0.0	7.0	2.0	0.0	0.0	21.0	0.0	0.0	0.0	0.0	0.0	0.0	0.0	110.0	0.0	0.0	0.0	0.0	0.0	0.0	11.0	0.0	7.0	0.0	0.0	0.0	0.0	20.0	0.0	0.0	0.0	0.0	0.0	0.0	0.0	0.0	132.0	0.0	2.0	0.0	0.0	430.0	0.0	3.0	0.0	495.0	28.0	0.0	0.0	0.0
acdA_WP_119068025.1_m04	0.0	0.0	3.0	0.0	0.0	0.0	10.0	3.0	10.0	0.0	0.0	11.0	3.0	0.0	0.0	10.0	3.0	0.0	3.0	0.0	0.0	0.0	16.0	0.0	11.0	11.0	13.0	0.0	5.0	0.0	21.0	0.0	5.0	2.0	0.0	0.0	6.0	3.0	0.0	13.0	0.0	8.0	3.0	0.0	0.0	0.0	0.0	0.0	0.0	0.0	0.0	5.0	0.0	0.0	3.0	0.0	0.0	5.0	0.0	3.0	0.0	0.0	14.0	0.0
acdA_349106.PsycPRwf_0300_m26	0.0	2.0	0.0	0.0	3.0	0.0	0.0	0.0	7.0	0.0	0.0	0.0	8.0	0.0	0.0	20.0	0.0	0.0	0.0	5.0	0.0	0.0	0.0	0.0	0.0	0.0	0.0	21.0	0.0	3.0	0.0	0.0	0.0	0.0	18.0	0.0	0.0	0.0	0.0	43.0	0.0	5.0	0.0	0.0	0.0	0.0	0.0	0.0	10.0	0.0	7.0	0.0	0.0	0.0	0.0	92.0	0.0	0.0	0.0	96.0	0.0	0.0	0.0	0.0
acdA_349106.PsycPRwf_0300_m20	0.0	10.0	0.0	15.0	16.0	0.0	0.0	0.0	16.0	0.0	0.0	0.0	72.0	0.0	0.0	5.0	3.0	0.0	0.0	25.0	0.0	2.0	0.0	0.0	0.0	0.0	0.0	26.0	0.0	5.0	0.0	0.0	0.0	0.0	47.0	0.0	3.0	0.0	3.0	2.0	0.0	21.0	0.0	0.0	2.0	0.0	0.0	0.0	0.0	3.0	70.0	0.0	2.0	0.0	0.0	353.0	0.0	0.0	0.0	132.0	16.0	0.0	0.0	0.0
acdA_1002339.HMPREF9373_1019_m15	0.0	10.0	0.0	0.0	13.0	0.0	0.0	0.0	46.0	0.0	0.0	0.0	0.0	0.0	0.0	34.0	0.0	0.0	0.0	21.0	0.0	2.0	0.0	0.0	0.0	0.0	2.0	0.0	0.0	2.0	0.0	0.0	0.0	0.0	16.0	2.0	5.0	0.0	0.0	8.0	0.0	75.0	0.0	0.0	0.0	0.0	0.0	0.0	0.0	0.0	417.0	0.0	10.0	0.0	0.0	5.0	0.0	3.0	0.0	410.0	0.0	0.0	0.0	0.0
acdA_349106.PsycPRwf_0300_m21	0.0	21.0	0.0	0.0	5.0	0.0	0.0	0.0	11.0	0.0	0.0	0.0	0.0	0.0	0.0	13.0	0.0	7.0	0.0	7.0	0.0	0.0	0.0	0.0	0.0	0.0	0.0	0.0	0.0	0.0	0.0	0.0	0.0	0.0	3.0	0.0	5.0	0.0	0.0	3.0	0.0	25.0	0.0	0.0	0.0	0.0	0.0	0.0	0.0	0.0	64.0	0.0	0.0	0.0	0.0	0.0	0.0	490.0	0.0	3.0	0.0	15.0	0.0	0.0
acdA_1002339.HMPREF9373_1019_m17	0.0	16.0	0.0	0.0	2.0	0.0	0.0	0.0	64.0	0.0	0.0	0.0	0.0	0.0	0.0	33.0	2.0	3.0	0.0	10.0	0.0	0.0	0.0	0.0	0.0	0.0	0.0	0.0	0.0	0.0	0.0	0.0	0.0	0.0	18.0	0.0	10.0	0.0	2.0	3.0	0.0	82.0	0.0	0.0	0.0	0.0	0.0	0.0	0.0	0.0	137.0	0.0	8.0	0.0	0.0	0.0	0.0	829.0	0.0	7.0	0.0	3.0	0.0	0.0
acdA_1002339.HMPREF9373_1019_m20	0.0	10.0	0.0	0.0	2.0	0.0	0.0	0.0	39.0	0.0	0.0	0.0	0.0	0.0	0.0	15.0	0.0	0.0	0.0	7.0	0.0	0.0	0.0	0.0	0.0	0.0	0.0	0.0	0.0	0.0	0.0	0.0	0.0	0.0	18.0	0.0	11.0	0.0	0.0	8.0	0.0	72.0	3.0	0.0	0.0	0.0	0.0	0.0	0.0	0.0	798.0	0.0	2.0	0.0	0.0	0.0	0.0	7.0	0.0	391.0	0.0	0.0	0.0	0.0
acdA_1002339.HMPREF9373_1019_m21	0.0	3.0	0.0	459.0	0.0	0.0	0.0	0.0	36.0	0.0	0.0	0.0	1525.0	0.0	0.0	74.0	3.0	2.0	0.0	11.0	0.0	128.0	0.0	464.0	0.0	0.0	7.0	43.0	0.0	558.0	10.0	64.0	0.0	0.0	54.0	3.0	25.0	0.0	0.0	203.0	0.0	11.0	0.0	0.0	0.0	0.0	0.0	0.0	5.0	13.0	16.0	2.0	0.0	0.0	2.0	1109.0	0.0	33.0	0.0	101.0	0.0	10.0	0.0	0.0
acdA_1002339.HMPREF9373_1019_m24	0.0	13.0	0.0	0.0	0.0	0.0	0.0	0.0	31.0	0.0	0.0	0.0	23.0	0.0	0.0	13.0	0.0	0.0	0.0	3.0	0.0	8.0	0.0	2.0	0.0	0.0	0.0	80.0	0.0	0.0	0.0	0.0	0.0	0.0	46.0	0.0	5.0	0.0	0.0	5.0	0.0	49.0	0.0	0.0	0.0	0.0	0.0	0.0	5.0	2.0	283.0	0.0	2.0	0.0	0.0	291.0	0.0	10.0	0.0	64.0	0.0	0.0	0.0	0.0
acdA_1002339.HMPREF9373_1019_m25	0.0	0.0	0.0	2.0	0.0	0.0	0.0	0.0	41.0	0.0	0.0	0.0	28.0	0.0	0.0	51.0	0.0	0.0	0.0	0.0	0.0	240.0	0.0	11.0	0.0	0.0	0.0	15.0	2.0	36.0	2.0	25.0	0.0	0.0	2.0	0.0	3.0	0.0	0.0	67.0	0.0	21.0	0.0	0.0	0.0	0.0	0.0	0.0	0.0	0.0	15.0	0.0	0.0	0.0	2.0	106.0	0.0	28.0	0.0	299.0	0.0	232.0	0.0	0.0
acdA_1002339.HMPREF9373_1019_m27	0.0	29.0	0.0	0.0	13.0	0.0	0.0	0.0	105.0	0.0	0.0	0.0	5.0	0.0	0.0	155.0	3.0	0.0	0.0	18.0	0.0	16.0	0.0	0.0	0.0	0.0	0.0	157.0	0.0	0.0	0.0	0.0	0.0	0.0	36.0	0.0	20.0	0.0	0.0	105.0	0.0	190.0	0.0	0.0	0.0	0.0	0.0	0.0	10.0	3.0	201.0	0.0	20.0	0.0	0.0	270.0	0.0	31.0	0.0	213.0	25.0	2.0	0.0	0.0
acdA_1002339.HMPREF9373_1019_m28	0.0	2.0	0.0	15.0	7.0	0.0	0.0	0.0	18.0	0.0	2.0	0.0	49.0	0.0	0.0	65.0	0.0	0.0	0.0	13.0	0.0	65.0	0.0	10.0	0.0	0.0	0.0	16.0	3.0	41.0	7.0	39.0	0.0	0.0	28.0	0.0	0.0	0.0	0.0	103.0	0.0	18.0	0.0	0.0	0.0	0.0	0.0	0.0	2.0	0.0	18.0	0.0	0.0	0.0	0.0	82.0	0.0	13.0	0.0	275.0	16.0	74.0	0.0	0.0
