	ZB_1	ZB_2	ZB_3	ZB_4	ZB_5	ZB_6	ZB_7	ZB_8	ZB_9	ZB_10	ZB_11	ZB_12	ZB_13	ZB_14	ZB_15	ZB_16	ZB_17	ZB_18	ZB_19	ZB_20	ZB_21	ZB_22	ZB_23	ZB_24	ZB_25	ZB_26	ZB_27	ZB_28	ZB_29	ZB_30	ZB_31	ZB_32	ZB_33	ZB_34	ZB_35	ZB_36	ZB_37	ZB_38	ZB_39	ZB_40	ZB_41	ZB_42	ZB_43	ZB_44	ZB_45	ZB_46	ZB_47	ZB_48	ZB_49	ZB_50	ZB_51	ZB_52	ZB_53	ZB_54	ZB_55	ZB_56	ZB_57	ZB_58	ZB_59	ZB_60	ZB_61	ZB_62	ZB_63	ZB_64
ackA_A0A521IU65	44.0	77.0	256.0	0.0	331.0	0.0	751.0	0.0	2376.0	202.0	3778.0	19.0	0.0	0.0	0.0	1003.0	187.0	0.0	4.0	872.0	185.0	0.0	2906.0	287.0	208.0	0.0	0.0	94.0	0.0	19.0	1502.0	370.0	1660.0	0.0	2717.0	1829.0	0.0	545.0	29.0	3221.0	3273.0	429.0	139.0	466.0	8.0	1479.0	2141.0	649.0	171.0	666.0	187.0	383.0	870.0	377.0	0.0	137.0	1153.0	732.0	327.0	1931.0	85.0	0.0	753.0	150.0
ackA_WP_127815703.1	18715.0	0.0	24.0	0.0	4.0	0.0	14.0	0.0	0.0	9405.0	36.0	0.0	0.0	0.0	0.0	0.0	60.0	0.0	0.0	0.0	5992.0	0.0	0.0	0.0	0.0	0.0	0.0	14307.0	4.0	0.0	0.0	0.0	0.0	0.0	28.0	93.0	0.0	0.0	8097.0	2.0	0.0	22.0	0.0	4438.0	0.0	0.0	10017.0	3088.0	58.0	0.0	10.0	18.0	6381.0	50.0	0.0	6988.0	0.0	12.0	0.0	0.0	0.0	0.0	2.0	0.0
ackA_A0A425VX59	4689.0	0.0	0.0	0.0	2.0	0.0	2.0	0.0	0.0	6628.0	18.0	0.0	0.0	0.0	4.0	0.0	6.0	0.0	0.0	0.0	3443.0	0.0	0.0	0.0	0.0	0.0	0.0	2952.0	0.0	0.0	0.0	0.0	0.0	0.0	14.0	0.0	0.0	0.0	6781.0	4.0	0.0	4.0	0.0	2155.0	0.0	0.0	4264.0	1347.0	0.0	0.0	0.0	0.0	1847.0	14.0	0.0	1538.0	0.0	4.0	0.0	0.0	0.0	0.0	0.0	0.0
ackA_WP_090846191.1	150.0	0.0	0.0	0.0	0.0	0.0	0.0	0.0	0.0	304.0	0.0	0.0	0.0	0.0	0.0	0.0	0.0	0.0	0.0	0.0	113.0	0.0	0.0	0.0	0.0	0.0	0.0	87.0	0.0	0.0	0.0	0.0	0.0	0.0	4.0	0.0	0.0	0.0	229.0	0.0	0.0	0.0	0.0	73.0	0.0	0.0	172.0	51.0	0.0	0.0	0.0	0.0	39.0	0.0	0.0	26.0	0.0	0.0	0.0	0.0	0.0	0.0	0.0	0.0
ackA_A0A1V6C033	229.0	0.0	191.0	0.0	0.0	0.0	54.0	0.0	65.0	180.0	0.0	864.0	11.0	0.0	0.0	363.0	0.0	0.0	17.0	0.0	80.0	0.0	90.0	48.0	742.0	4.0	401.0	480.0	0.0	0.0	88.0	4.0	23.0	0.0	0.0	310.0	0.0	15.0	182.0	54.0	19.0	145.0	31.0	361.0	0.0	132.0	929.0	369.0	86.0	0.0	78.0	197.0	359.0	197.0	162.0	201.0	0.0	143.0	48.0	34.0	0.0	0.0	76.0	0.0
ackA_A0A1V5JKF1	547.0	46.0	158.0	1452.0	75.0	384.0	42.0	473.0	63.0	862.0	277.0	789.0	109.0	757.0	699.0	444.0	10.0	1448.0	236.0	161.0	355.0	3246.0	129.0	148.0	1014.0	280.0	146.0	1502.0	4401.0	768.0	117.0	15.0	540.0	547.0	129.0	113.0	4328.0	31.0	426.0	98.0	674.0	242.0	42.0	1429.0	1218.0	355.0	724.0	267.0	108.0	142.0	56.0	109.0	1661.0	1022.0	234.0	1060.0	21.0	300.0	25.0	58.0	13.0	1992.0	142.0	8.0
ackA_A0A161SG15	629.0	0.0	0.0	0.0	0.0	0.0	0.0	0.0	0.0	1018.0	0.0	0.0	0.0	0.0	0.0	0.0	14.0	0.0	0.0	0.0	358.0	4.0	0.0	0.0	0.0	0.0	0.0	507.0	0.0	0.0	0.0	0.0	0.0	0.0	0.0	0.0	0.0	0.0	1858.0	4.0	0.0	0.0	0.0	1490.0	0.0	0.0	971.0	298.0	0.0	0.0	0.0	0.0	999.0	12.0	0.0	581.0	0.0	0.0	0.0	0.0	0.0	0.0	0.0	0.0
ackA_A0A1V6EJF4	21.0	8.0	19.0	0.0	8.0	0.0	19.0	0.0	0.0	108.0	10.0	0.0	0.0	0.0	0.0	0.0	6.0	2.0	0.0	12.0	77.0	0.0	0.0	10.0	0.0	0.0	0.0	45.0	0.0	4.0	0.0	0.0	0.0	0.0	29.0	15.0	0.0	0.0	12.0	0.0	14.0	0.0	4.0	209.0	0.0	27.0	81.0	12.0	10.0	35.0	2.0	25.0	81.0	0.0	4.0	68.0	0.0	2.0	0.0	0.0	0.0	0.0	0.0	0.0
ackA_A0A1V5SYY5	21.0	75.0	346.0	71.0	113.0	100.0	396.0	67.0	219.0	117.0	159.0	509.0	138.0	79.0	44.0	365.0	56.0	81.0	953.0	138.0	73.0	181.0	305.0	129.0	267.0	307.0	250.0	161.0	113.0	459.0	303.0	607.0	371.0	48.0	69.0	517.0	146.0	413.0	4.0	388.0	586.0	392.0	173.0	40.0	102.0	182.0	6.0	131.0	400.0	111.0	152.0	336.0	125.0	246.0	601.0	113.0	467.0	238.0	513.0	204.0	50.0	133.0	317.0	31.0
ackA_WP_092993041.1	242.0	0.0	0.0	0.0	0.0	0.0	0.0	0.0	0.0	739.0	8.0	0.0	0.0	0.0	0.0	0.0	0.0	0.0	0.0	0.0	406.0	0.0	0.0	0.0	0.0	0.0	0.0	161.0	0.0	0.0	0.0	0.0	0.0	0.0	0.0	0.0	0.0	0.0	370.0	0.0	0.0	8.0	0.0	911.0	0.0	0.0	689.0	223.0	0.0	0.0	0.0	0.0	240.0	0.0	0.0	254.0	0.0	0.0	0.0	0.0	0.0	0.0	0.0	0.0
ackA_minf_MESINF_2206	64.0	0.0	51.0	0.0	0.0	81.0	19.0	0.0	4.0	144.0	4.0	254.0	42.0	0.0	0.0	28.0	2.0	0.0	1039.0	0.0	100.0	0.0	38.0	6.0	155.0	290.0	114.0	104.0	0.0	1775.0	34.0	2037.0	91.0	8.0	0.0	15.0	0.0	1245.0	34.0	19.0	42.0	4.0	0.0	195.0	0.0	19.0	95.0	167.0	0.0	0.0	13.0	4.0	163.0	44.0	3161.0	91.0	901.0	30.0	3051.0	9.0	0.0	0.0	23.0	0.0
ackA_1504822.CCNO01000015_gene1022	3720.0	0.0	0.0	0.0	0.0	0.0	0.0	0.0	0.0	5777.0	18.0	0.0	0.0	0.0	0.0	0.0	14.0	0.0	0.0	0.0	2948.0	0.0	0.0	0.0	0.0	0.0	0.0	2694.0	0.0	0.0	2.0	0.0	0.0	0.0	16.0	0.0	0.0	0.0	5956.0	0.0	0.0	6.0	0.0	1944.0	0.0	0.0	3626.0	1121.0	0.0	4.0	0.0	4.0	1611.0	4.0	0.0	1390.0	0.0	2.0	0.0	0.0	0.0	0.0	4.0	4.0
ackA_A0A3C1LKM3	12.0	12.0	0.0	0.0	43.0	0.0	0.0	0.0	0.0	244.0	48.0	0.0	0.0	0.0	0.0	0.0	25.0	0.0	0.0	12.0	14.0	0.0	0.0	0.0	0.0	0.0	0.0	4.0	0.0	0.0	0.0	0.0	0.0	0.0	41.0	0.0	0.0	0.0	126.0	0.0	0.0	0.0	0.0	219.0	0.0	0.0	70.0	10.0	0.0	31.0	0.0	0.0	45.0	0.0	0.0	12.0	0.0	0.0	0.0	0.0	8.0	0.0	0.0	14.0
ackA_A0A1V5RLH4	101.0	0.0	326.0	2.0	0.0	0.0	382.0	0.0	0.0	134.0	0.0	0.0	0.0	0.0	0.0	0.0	2.0	0.0	0.0	0.0	44.0	0.0	0.0	206.0	2.0	0.0	0.0	96.0	0.0	0.0	0.0	0.0	0.0	0.0	0.0	242.0	0.0	0.0	52.0	0.0	52.0	0.0	49.0	152.0	0.0	208.0	73.0	26.0	80.0	0.0	171.0	351.0	122.0	0.0	0.0	120.0	0.0	0.0	2.0	0.0	0.0	0.0	0.0	0.0
ackA_A0A3D4ZZ15	21.0	0.0	40.0	0.0	0.0	8.0	99.0	0.0	0.0	15.0	0.0	11.0	0.0	0.0	0.0	0.0	0.0	0.0	0.0	0.0	8.0	0.0	0.0	4.0	63.0	4.0	8.0	17.0	0.0	9.0	0.0	0.0	38.0	0.0	0.0	15.0	0.0	0.0	9.0	4.0	23.0	8.0	11.0	4.0	0.0	6.0	4.0	0.0	11.0	0.0	25.0	27.0	17.0	17.0	0.0	4.0	0.0	0.0	0.0	0.0	0.0	0.0	0.0	0.0
ackA_A0A353MND7	12.0	0.0	0.0	37.0	2.0	0.0	4.0	8.0	4.0	18.0	4.0	0.0	0.0	69.0	102.0	8.0	0.0	39.0	4.0	0.0	8.0	400.0	4.0	8.0	0.0	0.0	0.0	14.0	333.0	12.0	6.0	120.0	0.0	0.0	0.0	0.0	188.0	73.0	18.0	0.0	0.0	4.0	0.0	47.0	104.0	0.0	29.0	0.0	0.0	4.0	0.0	4.0	20.0	0.0	0.0	4.0	63.0	2.0	57.0	0.0	0.0	159.0	2.0	0.0
ackA_A0A1V6H6V7	20.0	2.0	16.0	39.0	0.0	0.0	61.0	16.0	27.0	55.0	4.0	0.0	0.0	2.0	39.0	66.0	4.0	37.0	0.0	0.0	14.0	94.0	20.0	18.0	4.0	0.0	0.0	4.0	108.0	0.0	29.0	0.0	0.0	0.0	6.0	47.0	141.0	0.0	10.0	20.0	31.0	23.0	12.0	117.0	0.0	92.0	65.0	23.0	8.0	20.0	12.0	25.0	33.0	4.0	0.0	53.0	0.0	45.0	0.0	22.0	0.0	78.0	66.0	4.0
ackA_WP_092968556.1	447.0	0.0	0.0	0.0	0.0	0.0	0.0	0.0	0.0	3755.0	12.0	0.0	0.0	0.0	0.0	0.0	0.0	0.0	0.0	0.0	1814.0	0.0	0.0	0.0	0.0	0.0	0.0	922.0	0.0	0.0	0.0	0.0	0.0	0.0	2.0	0.0	0.0	0.0	1302.0	0.0	0.0	0.0	0.0	4652.0	0.0	0.0	1818.0	528.0	0.0	0.0	4.0	0.0	1539.0	12.0	0.0	466.0	0.0	15.0	0.0	0.0	0.0	0.0	0.0	0.0
ackA_A0A1V6HJD1	178.0	0.0	582.0	401.0	0.0	0.0	509.0	747.0	1767.0	151.0	4.0	0.0	0.0	815.0	3799.0	1835.0	8.0	809.0	8.0	0.0	54.0	6291.0	2951.0	770.0	0.0	0.0	0.0	581.0	5622.0	17.0	9550.0	0.0	0.0	0.0	4.0	493.0	2649.0	4.0	41.0	3067.0	2.0	942.0	606.0	159.0	1269.0	1179.0	35.0	4.0	219.0	4.0	298.0	482.0	797.0	0.0	0.0	582.0	0.0	2119.0	0.0	1300.0	0.0	7265.0	5891.0	0.0
ackA_pbt_ING2E5B_0142	35.0	46.0	3307.0	336.0	31.0	2.0	1392.0	245.0	2106.0	394.0	351.0	241.0	0.0	210.0	31.0	2919.0	14.0	259.0	6499.0	46.0	322.0	475.0	3168.0	1382.0	417.0	41.0	48.0	272.0	651.0	334.0	2884.0	1880.0	1106.0	2.0	127.0	3874.0	485.0	4060.0	46.0	3297.0	1774.0	3533.0	1089.0	378.0	158.0	2135.0	195.0	56.0	1025.0	344.0	836.0	1948.0	342.0	707.0	1183.0	106.0	3046.0	2013.0	6534.0	2455.0	31.0	261.0	3700.0	15.0
ackA_A0A3C1Q603	25.0	240.0	207.0	42.0	970.0	0.0	246.0	42.0	257.0	38.0	1573.0	0.0	4.0	165.0	1462.0	597.0	473.0	58.0	19.0	1062.0	35.0	440.0	298.0	98.0	6.0	0.0	0.0	88.0	647.0	1327.0	223.0	3223.0	29.0	0.0	1544.0	77.0	438.0	1318.0	44.0	311.0	73.0	376.0	31.0	79.0	507.0	125.0	75.0	33.0	29.0	983.0	25.0	167.0	83.0	8.0	31.0	42.0	736.0	382.0	978.0	179.0	100.0	146.0	217.0	282.0
ackA_WP_058270279.1	8402.0	0.0	0.0	0.0	0.0	0.0	2.0	4.0	0.0	11827.0	32.0	0.0	0.0	0.0	0.0	0.0	12.0	0.0	0.0	0.0	6332.0	4.0	2.0	0.0	0.0	0.0	0.0	5623.0	0.0	0.0	0.0	0.0	0.0	0.0	22.0	0.0	0.0	0.0	11973.0	4.0	0.0	16.0	0.0	4036.0	0.0	0.0	7727.0	2220.0	8.0	0.0	0.0	0.0	3598.0	51.0	0.0	2799.0	0.0	6.0	0.0	0.0	0.0	2.0	0.0	0.0
ackA_A0A117LR86	47.0	0.0	173.0	4.0	0.0	2.0	126.0	0.0	918.0	93.0	0.0	414.0	150.0	0.0	0.0	722.0	2.0	0.0	294.0	0.0	25.0	4.0	1422.0	54.0	453.0	76.0	344.0	119.0	0.0	115.0	3777.0	99.0	418.0	0.0	2.0	126.0	0.0	58.0	45.0	1138.0	358.0	1033.0	31.0	49.0	4.0	49.0	33.0	76.0	70.0	0.0	107.0	241.0	62.0	319.0	224.0	54.0	60.0	420.0	159.0	593.0	6.0	0.0	955.0	0.0
ackA_A0A1V6F5U4	35.0	0.0	158.0	2.0	0.0	0.0	234.0	0.0	0.0	35.0	0.0	0.0	0.0	0.0	0.0	0.0	0.0	0.0	0.0	4.0	12.0	0.0	0.0	162.0	2.0	0.0	0.0	33.0	0.0	0.0	0.0	0.0	0.0	2.0	0.0	12.0	0.0	0.0	25.0	0.0	0.0	0.0	57.0	37.0	0.0	441.0	55.0	10.0	4.0	0.0	27.0	181.0	60.0	0.0	0.0	66.0	0.0	0.0	0.0	0.0	0.0	0.0	4.0	0.0
ackA_WP_121549942.1	8.0	0.0	8.0	0.0	0.0	0.0	4.0	0.0	11.0	32.0	0.0	13.0	0.0	0.0	0.0	17.0	0.0	2.0	0.0	0.0	21.0	0.0	4.0	11.0	15.0	0.0	4.0	34.0	0.0	0.0	13.0	0.0	2.0	0.0	0.0	4.0	0.0	0.0	0.0	0.0	8.0	15.0	2.0	51.0	0.0	32.0	15.0	0.0	0.0	0.0	0.0	8.0	51.0	6.0	0.0	21.0	0.0	4.0	0.0	8.0	0.0	0.0	2.0	0.0
ackA_A0A3D4YSJ1	27.0	0.0	8.0	0.0	0.0	0.0	6.0	0.0	4.0	79.0	0.0	19.0	13.0	0.0	0.0	15.0	0.0	0.0	44.0	0.0	29.0	0.0	13.0	0.0	8.0	12.0	12.0	44.0	0.0	12.0	17.0	6.0	12.0	10.0	0.0	4.0	2.0	2.0	6.0	19.0	4.0	4.0	0.0	46.0	0.0	0.0	6.0	6.0	2.0	0.0	10.0	0.0	23.0	12.0	19.0	31.0	6.0	6.0	13.0	13.0	0.0	2.0	8.0	0.0
ackA_A0A1V6BL72	47.0	0.0	0.0	0.0	0.0	0.0	0.0	0.0	0.0	105.0	0.0	0.0	0.0	0.0	0.0	0.0	0.0	0.0	11.0	0.0	34.0	0.0	0.0	0.0	8.0	0.0	0.0	9.0	0.0	6.0	0.0	23.0	2.0	0.0	0.0	13.0	0.0	327.0	34.0	0.0	0.0	4.0	9.0	88.0	0.0	2.0	85.0	36.0	0.0	0.0	8.0	0.0	113.0	8.0	0.0	169.0	318.0	0.0	197.0	0.0	0.0	0.0	0.0	0.0
ackA_A0A1V5YNI7	60.0	0.0	21.0	0.0	0.0	0.0	31.0	0.0	0.0	37.0	0.0	0.0	0.0	0.0	0.0	0.0	4.0	0.0	0.0	0.0	6.0	0.0	0.0	215.0	0.0	0.0	0.0	196.0	0.0	0.0	0.0	0.0	0.0	0.0	0.0	171.0	0.0	0.0	16.0	0.0	0.0	0.0	58.0	12.0	0.0	411.0	101.0	25.0	35.0	0.0	21.0	12.0	48.0	0.0	0.0	54.0	0.0	0.0	0.0	0.0	0.0	0.0	0.0	0.0
ackA_660470.Theba_0428	13.0	0.0	4.0	0.0	0.0	0.0	0.0	0.0	0.0	106.0	0.0	0.0	0.0	0.0	0.0	4.0	0.0	0.0	0.0	0.0	85.0	2.0	0.0	0.0	0.0	0.0	0.0	78.0	0.0	0.0	0.0	0.0	0.0	0.0	0.0	0.0	0.0	0.0	32.0	4.0	0.0	4.0	0.0	155.0	0.0	0.0	62.0	19.0	0.0	0.0	0.0	0.0	144.0	0.0	0.0	114.0	0.0	0.0	0.0	2.0	0.0	0.0	2.0	0.0
ackA_WP_059054570.1	0.0	22.0	0.0	0.0	8.0	0.0	0.0	0.0	0.0	0.0	33.0	0.0	0.0	6.0	12.0	0.0	18.0	0.0	0.0	0.0	0.0	0.0	0.0	0.0	0.0	0.0	0.0	2.0	0.0	0.0	0.0	0.0	0.0	0.0	2.0	0.0	0.0	0.0	0.0	0.0	0.0	0.0	0.0	0.0	57.0	0.0	2.0	0.0	0.0	0.0	0.0	0.0	0.0	0.0	0.0	0.0	0.0	0.0	0.0	0.0	0.0	0.0	0.0	8.0
ackA_A0A349HNB0	0.0	4.0	163.0	4.0	8.0	0.0	547.0	10.0	4.0	0.0	4.0	14.0	0.0	91.0	27.0	0.0	0.0	19.0	29.0	0.0	0.0	119.0	4.0	54.0	0.0	2.0	6.0	8.0	91.0	43.0	8.0	263.0	4.0	0.0	16.0	200.0	29.0	212.0	4.0	0.0	2.0	2.0	70.0	21.0	105.0	158.0	12.0	8.0	16.0	8.0	389.0	426.0	6.0	4.0	14.0	4.0	235.0	4.0	97.0	0.0	0.0	138.0	6.0	0.0
ackA_pmuc_ING2E5A_0728	6.0	64.0	6.0	0.0	23.0	0.0	19.0	0.0	23.0	62.0	122.0	0.0	0.0	0.0	0.0	39.0	4.0	0.0	275.0	19.0	25.0	0.0	99.0	16.0	0.0	23.0	0.0	19.0	0.0	56.0	37.0	165.0	0.0	0.0	89.0	50.0	0.0	456.0	8.0	19.0	0.0	27.0	14.0	58.0	0.0	17.0	74.0	12.0	12.0	64.0	10.0	16.0	130.0	0.0	151.0	31.0	279.0	17.0	293.0	41.0	16.0	0.0	31.0	4.0
ackA_A0A350BGH0	4.0	0.0	19.0	33.0	0.0	0.0	21.0	8.0	0.0	17.0	6.0	0.0	0.0	8.0	48.0	12.0	8.0	12.0	85.0	0.0	73.0	65.0	2.0	25.0	0.0	0.0	2.0	19.0	77.0	275.0	6.0	1352.0	6.0	0.0	8.0	12.0	71.0	551.0	12.0	0.0	13.0	12.0	0.0	75.0	15.0	21.0	196.0	46.0	6.0	4.0	8.0	10.0	58.0	4.0	31.0	12.0	339.0	19.0	493.0	4.0	0.0	17.0	12.0	0.0
ackA_A0A353RNQ4	2.0	2.0	15.0	268.0	0.0	56.0	0.0	64.0	0.0	2.0	0.0	27.0	0.0	58.0	29.0	0.0	0.0	127.0	27.0	0.0	0.0	324.0	0.0	4.0	33.0	290.0	8.0	0.0	392.0	8.0	0.0	4.0	27.0	4.0	0.0	15.0	299.0	2.0	0.0	0.0	23.0	0.0	0.0	0.0	58.0	0.0	0.0	0.0	8.0	0.0	0.0	0.0	0.0	58.0	181.0	4.0	0.0	0.0	4.0	0.0	0.0	197.0	0.0	0.0
ackA_A0A350Z6U3	16.0	16.0	92.0	14.0	18.0	25.0	71.0	25.0	55.0	29.0	31.0	112.0	35.0	33.0	6.0	84.0	12.0	14.0	206.0	31.0	22.0	33.0	47.0	18.0	96.0	43.0	37.0	57.0	41.0	94.0	102.0	104.0	73.0	4.0	8.0	159.0	31.0	104.0	0.0	78.0	127.0	98.0	59.0	29.0	25.0	41.0	6.0	31.0	104.0	29.0	45.0	78.0	53.0	49.0	88.0	33.0	100.0	51.0	106.0	51.0	24.0	33.0	74.0	24.0
ackA_T2A5W1	0.0	0.0	0.0	0.0	0.0	4.0	6.0	0.0	6.0	4.0	2.0	2.0	0.0	0.0	0.0	4.0	10.0	0.0	0.0	0.0	0.0	0.0	8.0	0.0	0.0	2.0	4.0	0.0	0.0	0.0	4.0	0.0	0.0	0.0	4.0	2.0	0.0	0.0	0.0	2.0	0.0	6.0	0.0	0.0	0.0	4.0	0.0	2.0	4.0	0.0	0.0	0.0	0.0	0.0	4.0	0.0	2.0	4.0	0.0	0.0	0.0	0.0	0.0	0.0
ackA_WP_133956771.1	0.0	0.0	0.0	0.0	0.0	209.0	0.0	0.0	0.0	0.0	0.0	155.0	265.0	0.0	0.0	0.0	0.0	0.0	37.0	0.0	0.0	2.0	0.0	0.0	74.0	981.0	134.0	0.0	4.0	201.0	0.0	35.0	14.0	89.0	0.0	0.0	0.0	4.0	0.0	0.0	12.0	0.0	0.0	0.0	0.0	0.0	0.0	240.0	0.0	0.0	0.0	0.0	0.0	14.0	373.0	0.0	12.0	0.0	39.0	0.0	0.0	0.0	0.0	0.0
ackA_A0A1V5J374_m42	0.0	0.0	0.0	0.0	0.0	0.0	0.0	0.0	0.0	0.0	2.0	0.0	0.0	0.0	0.0	0.0	2.0	0.0	0.0	0.0	0.0	0.0	0.0	0.0	0.0	0.0	0.0	0.0	0.0	0.0	0.0	0.0	0.0	2.0	0.0	0.0	0.0	0.0	0.0	0.0	0.0	0.0	0.0	0.0	0.0	0.0	0.0	0.0	0.0	0.0	0.0	0.0	0.0	0.0	0.0	0.0	0.0	0.0	0.0	0.0	0.0	0.0	0.0	0.0
ackA_A0A1V5J374	38.0	0.0	0.0	17.0	0.0	25.0	0.0	4.0	0.0	46.0	0.0	73.0	2.0	0.0	13.0	0.0	2.0	13.0	85.0	0.0	6.0	113.0	0.0	0.0	67.0	181.0	23.0	40.0	188.0	188.0	2.0	6.0	23.0	0.0	0.0	0.0	113.0	342.0	19.0	0.0	77.0	0.0	0.0	33.0	8.0	0.0	133.0	109.0	6.0	0.0	4.0	0.0	23.0	19.0	471.0	8.0	0.0	4.0	818.0	0.0	0.0	86.0	0.0	0.0
ackA_A0A353TED7	4.0	8.0	0.0	37.0	31.0	107.0	0.0	16.0	0.0	0.0	8.0	12.0	4.0	21.0	58.0	4.0	6.0	16.0	16.0	29.0	0.0	23.0	10.0	0.0	27.0	2582.0	8.0	8.0	60.0	0.0	4.0	4.0	4.0	14.0	8.0	0.0	47.0	0.0	2.0	0.0	6.0	0.0	0.0	2.0	23.0	16.0	6.0	4.0	2.0	8.0	0.0	2.0	4.0	0.0	204.0	12.0	0.0	0.0	4.0	16.0	4.0	45.0	4.0	12.0
ackA_A0A1L7RTK0	10.0	0.0	0.0	0.0	0.0	0.0	0.0	0.0	0.0	16.0	0.0	0.0	0.0	0.0	0.0	0.0	2.0	0.0	0.0	0.0	0.0	0.0	0.0	0.0	0.0	0.0	0.0	0.0	0.0	0.0	0.0	2.0	0.0	0.0	0.0	0.0	0.0	0.0	2.0	0.0	0.0	0.0	0.0	0.0	0.0	0.0	16.0	8.0	0.0	0.0	0.0	0.0	6.0	0.0	0.0	12.0	0.0	0.0	0.0	0.0	0.0	0.0	0.0	0.0
ackA_A0A1V5KI88	4.0	0.0	2.0	0.0	0.0	39.0	2.0	0.0	0.0	2.0	2.0	0.0	19.0	0.0	0.0	0.0	4.0	0.0	0.0	0.0	4.0	0.0	0.0	0.0	2.0	18.0	10.0	6.0	0.0	8.0	0.0	0.0	4.0	56.0	0.0	0.0	0.0	0.0	0.0	0.0	0.0	0.0	0.0	4.0	0.0	0.0	0.0	6.0	0.0	0.0	0.0	0.0	0.0	2.0	0.0	6.0	4.0	0.0	2.0	0.0	0.0	0.0	0.0	0.0
ackA_A0A1V5UKR9	29.0	0.0	0.0	0.0	0.0	0.0	10.0	0.0	0.0	23.0	0.0	0.0	0.0	0.0	0.0	0.0	0.0	0.0	0.0	0.0	8.0	0.0	0.0	2.0	0.0	0.0	0.0	62.0	0.0	0.0	0.0	0.0	0.0	0.0	0.0	0.0	0.0	0.0	4.0	0.0	0.0	0.0	2.0	33.0	0.0	0.0	4.0	0.0	0.0	0.0	0.0	0.0	14.0	0.0	0.0	21.0	0.0	0.0	0.0	0.0	0.0	0.0	0.0	0.0
ackA_A0A3B8JA90	0.0	0.0	27.0	14.0	4.0	0.0	14.0	29.0	17.0	4.0	4.0	4.0	2.0	25.0	104.0	17.0	0.0	25.0	15.0	8.0	0.0	39.0	12.0	4.0	15.0	0.0	4.0	4.0	14.0	6.0	33.0	52.0	12.0	0.0	10.0	12.0	31.0	37.0	0.0	12.0	39.0	17.0	0.0	0.0	46.0	23.0	10.0	10.0	2.0	8.0	8.0	4.0	4.0	8.0	23.0	0.0	21.0	10.0	52.0	10.0	0.0	17.0	31.0	0.0
ackA_A0A1V6EEJ8	26.0	4.0	4.0	0.0	11.0	0.0	7.0	0.0	0.0	77.0	11.0	0.0	0.0	0.0	0.0	0.0	4.0	0.0	0.0	13.0	81.0	0.0	0.0	22.0	0.0	0.0	0.0	59.0	0.0	0.0	0.0	0.0	0.0	0.0	11.0	13.0	0.0	0.0	7.0	0.0	18.0	4.0	4.0	121.0	0.0	37.0	72.0	29.0	2.0	22.0	7.0	6.0	90.0	0.0	0.0	50.0	0.0	0.0	0.0	0.0	7.0	0.0	0.0	0.0
ackA_WP_133200627.1	0.0	0.0	0.0	0.0	0.0	0.0	0.0	0.0	0.0	41.0	0.0	0.0	0.0	0.0	0.0	0.0	4.0	0.0	0.0	0.0	85.0	0.0	0.0	0.0	0.0	0.0	0.0	0.0	0.0	0.0	0.0	2.0	0.0	0.0	0.0	0.0	0.0	0.0	0.0	0.0	0.0	0.0	0.0	37.0	0.0	0.0	120.0	25.0	0.0	0.0	0.0	0.0	4.0	0.0	0.0	8.0	0.0	0.0	0.0	0.0	0.0	0.0	0.0	0.0
ackA_572547.Amico_1071	2.0	329.0	45.0	171.0	597.0	4.0	29.0	358.0	4.0	10.0	566.0	885.0	10.0	375.0	194.0	4.0	315.0	350.0	558.0	475.0	4.0	737.0	14.0	16.0	819.0	31.0	200.0	25.0	406.0	0.0	6.0	156.0	1503.0	0.0	414.0	93.0	354.0	183.0	0.0	6.0	2312.0	21.0	12.0	4.0	638.0	88.0	0.0	31.0	45.0	473.0	35.0	101.0	12.0	965.0	284.0	12.0	181.0	0.0	642.0	10.0	453.0	455.0	12.0	335.0
ackA_WP_091002499.1	0.0	20.0	0.0	0.0	16.0	0.0	0.0	0.0	0.0	0.0	35.0	0.0	0.0	22.0	35.0	0.0	10.0	0.0	0.0	0.0	0.0	0.0	0.0	0.0	0.0	0.0	0.0	0.0	0.0	0.0	0.0	0.0	0.0	0.0	6.0	0.0	0.0	0.0	0.0	0.0	0.0	0.0	0.0	0.0	26.0	0.0	0.0	0.0	0.0	0.0	0.0	0.0	0.0	0.0	0.0	0.0	0.0	0.0	4.0	0.0	0.0	0.0	0.0	2.0
ackA_A0A352ILY6	0.0	2.0	6.0	0.0	0.0	0.0	22.0	0.0	0.0	10.0	0.0	4.0	0.0	0.0	0.0	0.0	0.0	0.0	30.0	0.0	0.0	0.0	0.0	8.0	0.0	6.0	0.0	0.0	4.0	2.0	0.0	8.0	0.0	4.0	0.0	0.0	0.0	0.0	0.0	0.0	0.0	0.0	2.0	4.0	4.0	0.0	2.0	4.0	0.0	0.0	16.0	16.0	0.0	6.0	16.0	0.0	0.0	0.0	8.0	0.0	0.0	0.0	0.0	0.0
ackA_A0A1V6I8R0	2.0	4.0	15.0	0.0	8.0	0.0	50.0	2.0	0.0	4.0	39.0	4.0	0.0	4.0	91.0	4.0	0.0	2.0	10.0	12.0	0.0	0.0	0.0	2.0	0.0	0.0	4.0	0.0	0.0	0.0	0.0	35.0	2.0	0.0	15.0	12.0	2.0	17.0	0.0	0.0	8.0	0.0	0.0	0.0	46.0	0.0	0.0	0.0	4.0	4.0	0.0	14.0	0.0	0.0	0.0	0.0	10.0	0.0	104.0	0.0	0.0	0.0	0.0	4.0
ackA_A0A375AK58	16.0	0.0	0.0	0.0	0.0	0.0	0.0	0.0	0.0	17.0	0.0	14.0	3.0	0.0	0.0	0.0	0.0	0.0	0.0	0.0	9.0	0.0	0.0	0.0	0.0	2.0	12.0	21.0	0.0	0.0	0.0	3.0	0.0	0.0	2.0	0.0	2.0	3.0	3.0	0.0	0.0	0.0	0.0	38.0	0.0	0.0	28.0	21.0	0.0	0.0	0.0	0.0	10.0	0.0	5.0	7.0	0.0	0.0	3.0	0.0	0.0	0.0	0.0	0.0
ackA_A0A3C0QDL4	0.0	0.0	0.0	0.0	0.0	1655.0	0.0	0.0	0.0	0.0	0.0	220.0	519.0	0.0	0.0	0.0	4.0	0.0	144.0	0.0	0.0	4.0	0.0	0.0	208.0	1521.0	251.0	0.0	0.0	78.0	0.0	276.0	58.0	580.0	0.0	0.0	0.0	105.0	0.0	0.0	53.0	0.0	0.0	0.0	0.0	0.0	0.0	360.0	0.0	0.0	0.0	4.0	0.0	74.0	893.0	0.0	212.0	0.0	323.0	0.0	0.0	0.0	0.0	0.0
ackA_A0A2N1QU46	1209.0	1767.0	0.0	8.0	7242.0	87.0	0.0	0.0	8633.0	4476.0	3863.0	17.0	25.0	6.0	8.0	5213.0	3719.0	0.0	21.0	3977.0	2968.0	2.0	6833.0	0.0	113.0	130.0	16.0	1990.0	0.0	10.0	6870.0	19.0	6214.0	37.0	2675.0	0.0	0.0	4.0	2821.0	9384.0	11970.0	6844.0	2.0	2856.0	6.0	0.0	2144.0	636.0	0.0	4881.0	0.0	0.0	2016.0	1934.0	27.0	1509.0	14.0	3360.0	19.0	6524.0	2776.0	0.0	4561.0	2464.0
ackA_335541.Swol_0768	25.0	45.0	113.0	45.0	185.0	0.0	78.0	16.0	55.0	193.0	25.0	29.0	0.0	19.0	37.0	538.0	2.0	55.0	55.0	19.0	150.0	211.0	269.0	0.0	25.0	0.0	0.0	29.0	195.0	58.0	74.0	68.0	316.0	0.0	57.0	23.0	150.0	37.0	33.0	70.0	177.0	682.0	8.0	723.0	60.0	25.0	448.0	99.0	16.0	25.0	68.0	37.0	68.0	185.0	60.0	8.0	96.0	133.0	107.0	76.0	19.0	142.0	101.0	6.0
ackA_WP_086341504.1	0.0	2.0	0.0	8.0	4.0	0.0	0.0	0.0	0.0	0.0	125.0	0.0	0.0	0.0	0.0	0.0	2.0	4.0	0.0	8.0	0.0	0.0	0.0	0.0	0.0	0.0	0.0	0.0	0.0	0.0	0.0	0.0	0.0	0.0	0.0	0.0	0.0	0.0	0.0	0.0	0.0	0.0	0.0	0.0	0.0	6.0	0.0	0.0	0.0	616.0	0.0	0.0	0.0	0.0	0.0	0.0	0.0	0.0	0.0	0.0	8.0	0.0	0.0	49.0
ackA_WP_044665561.1	0.0	5845.0	76.0	665.0	9067.0	0.0	42.0	1814.0	3.0	0.0	11404.0	0.0	0.0	1833.0	404.0	10.0	5951.0	868.0	3.0	5776.0	3.0	69.0	17.0	0.0	17.0	3.0	0.0	0.0	106.0	0.0	14.0	0.0	69.0	0.0	7921.0	483.0	118.0	3.0	0.0	0.0	189.0	453.0	2.0	3.0	2300.0	12.0	16.0	3.0	220.0	5788.0	118.0	66.0	0.0	19.0	2.0	0.0	2.0	3.0	0.0	2.0	4927.0	33.0	0.0	7052.0
ackA_WP_077448492.1	0.0	2860.0	0.0	288.0	104.0	0.0	0.0	0.0	6705.0	0.0	457.0	0.0	0.0	43.0	0.0	3435.0	0.0	99.0	0.0	81.0	0.0	48.0	0.0	0.0	0.0	0.0	2.0	27.0	0.0	4.0	0.0	0.0	2.0	0.0	3520.0	12.0	2196.0	0.0	10.0	2961.0	0.0	7392.0	0.0	0.0	8.0	0.0	579.0	157.0	17.0	430.0	4302.0	0.0	863.0	6.0	4.0	215.0	0.0	1564.0	0.0	1575.0	455.0	0.0	0.0	0.0
ackA_WP_077450238.1	0.0	159.0	0.0	29.0	0.0	0.0	0.0	0.0	0.0	0.0	457.0	0.0	0.0	0.0	0.0	0.0	0.0	0.0	0.0	4.0	0.0	0.0	0.0	0.0	0.0	0.0	0.0	0.0	0.0	0.0	0.0	0.0	0.0	0.0	139.0	0.0	164.0	0.0	0.0	0.0	0.0	0.0	0.0	0.0	0.0	0.0	0.0	0.0	0.0	790.0	0.0	0.0	0.0	0.0	0.0	2.0	0.0	0.0	0.0	0.0	25.0	0.0	0.0	0.0
ackA_1435356.Y013_14280	0.0	0.0	0.0	0.0	0.0	0.0	0.0	0.0	0.0	0.0	676.0	0.0	0.0	0.0	0.0	0.0	2.0	0.0	0.0	0.0	0.0	0.0	0.0	0.0	4.0	0.0	0.0	0.0	0.0	0.0	0.0	0.0	0.0	0.0	33.0	0.0	0.0	0.0	2.0	0.0	0.0	0.0	0.0	0.0	0.0	0.0	0.0	0.0	0.0	144.0	0.0	0.0	0.0	4.0	0.0	0.0	0.0	0.0	0.0	0.0	4.0	0.0	0.0	0.0
ackA_dtn_DTL3_0486	0.0	101.0	8.0	0.0	433.0	0.0	4.0	0.0	8.0	0.0	224.0	0.0	0.0	0.0	4.0	27.0	137.0	0.0	0.0	701.0	0.0	8.0	2.0	4.0	0.0	0.0	0.0	2.0	6.0	0.0	0.0	0.0	2.0	0.0	526.0	4.0	12.0	0.0	0.0	0.0	0.0	4.0	0.0	0.0	4.0	0.0	0.0	0.0	0.0	149.0	0.0	8.0	0.0	0.0	0.0	0.0	0.0	4.0	0.0	4.0	45.0	0.0	0.0	186.0
ackA_1449342.JQMR01000001_gene767	0.0	10.0	0.0	0.0	0.0	0.0	0.0	0.0	0.0	0.0	49.0	0.0	0.0	0.0	0.0	0.0	0.0	0.0	0.0	542.0	0.0	0.0	0.0	0.0	0.0	0.0	0.0	0.0	0.0	0.0	0.0	2.0	4.0	0.0	6.0	0.0	0.0	0.0	0.0	0.0	0.0	0.0	0.0	0.0	0.0	0.0	0.0	0.0	0.0	4.0	0.0	0.0	0.0	0.0	0.0	0.0	0.0	0.0	0.0	0.0	4.0	0.0	0.0	0.0
ackA_WP_071873880.1	0.0	8.0	0.0	2.0	0.0	0.0	0.0	0.0	0.0	0.0	22.0	0.0	0.0	0.0	0.0	0.0	0.0	0.0	0.0	267.0	0.0	0.0	0.0	0.0	0.0	0.0	0.0	0.0	0.0	0.0	0.0	0.0	0.0	0.0	0.0	0.0	0.0	0.0	0.0	0.0	0.0	0.0	0.0	0.0	0.0	0.0	0.0	0.0	0.0	35.0	0.0	0.0	0.0	0.0	0.0	0.0	0.0	0.0	0.0	6.0	0.0	10.0	0.0	0.0
ackA_WP_046649565.1	0.0	140.0	0.0	0.0	23.0	0.0	0.0	0.0	0.0	0.0	150.0	0.0	0.0	0.0	0.0	0.0	35.0	0.0	0.0	53.0	0.0	0.0	4.0	0.0	0.0	0.0	0.0	0.0	0.0	0.0	0.0	0.0	0.0	0.0	53.0	0.0	0.0	0.0	0.0	0.0	0.0	0.0	0.0	0.0	0.0	0.0	0.0	0.0	0.0	56.0	0.0	4.0	0.0	0.0	0.0	0.0	0.0	0.0	0.0	0.0	58.0	0.0	0.0	12.0
ackA_WP_048739762.1	2.0	56.0	0.0	0.0	0.0	0.0	0.0	0.0	0.0	0.0	412.0	0.0	0.0	0.0	0.0	0.0	0.0	0.0	0.0	12.0	0.0	0.0	0.0	0.0	0.0	0.0	0.0	2.0	0.0	0.0	0.0	0.0	0.0	0.0	58.0	0.0	0.0	0.0	0.0	0.0	0.0	0.0	0.0	0.0	0.0	0.0	0.0	0.0	0.0	47.0	0.0	0.0	0.0	0.0	0.0	0.0	0.0	0.0	0.0	0.0	4.0	0.0	0.0	2.0
ackA_1123034.JMKP01000005_gene880	0.0	9771.0	0.0	0.0	0.0	0.0	0.0	0.0	0.0	0.0	1000.0	0.0	0.0	0.0	0.0	0.0	0.0	0.0	0.0	12.0	2.0	0.0	0.0	0.0	0.0	0.0	0.0	0.0	0.0	0.0	0.0	0.0	0.0	0.0	221.0	0.0	0.0	0.0	0.0	0.0	0.0	2.0	0.0	0.0	0.0	0.0	0.0	0.0	0.0	54.0	0.0	0.0	0.0	0.0	0.0	0.0	0.0	0.0	0.0	0.0	0.0	0.0	0.0	0.0
ackA_A0A425W813	0.0	0.0	0.0	4.0	1050.0	0.0	0.0	0.0	0.0	0.0	48.0	0.0	0.0	0.0	0.0	0.0	669.0	0.0	0.0	12.0	0.0	0.0	0.0	0.0	0.0	0.0	0.0	0.0	0.0	0.0	0.0	0.0	0.0	0.0	8.0	0.0	0.0	0.0	0.0	2.0	0.0	0.0	0.0	0.0	0.0	0.0	0.0	0.0	0.0	8.0	0.0	0.0	0.0	0.0	0.0	0.0	0.0	0.0	2.0	0.0	0.0	0.0	0.0	479.0
ackA_A0A1I3Y8Z1	0.0	0.0	14.0	2.0	0.0	0.0	0.0	0.0	0.0	0.0	37.0	2.0	0.0	0.0	0.0	0.0	0.0	2.0	100.0	0.0	0.0	0.0	0.0	0.0	0.0	23.0	0.0	0.0	0.0	0.0	0.0	0.0	0.0	0.0	0.0	2.0	0.0	10.0	0.0	0.0	0.0	0.0	0.0	0.0	0.0	0.0	0.0	0.0	2.0	12.0	0.0	0.0	0.0	0.0	151.0	2.0	0.0	0.0	6.0	0.0	0.0	0.0	0.0	0.0
ackA_WP_086341093.1	0.0	20.0	0.0	10.0	2.0	0.0	0.0	0.0	0.0	0.0	248.0	0.0	0.0	0.0	0.0	0.0	4.0	8.0	0.0	18.0	0.0	0.0	0.0	0.0	0.0	0.0	0.0	0.0	0.0	0.0	0.0	0.0	0.0	0.0	4.0	0.0	0.0	0.0	0.0	0.0	0.0	0.0	0.0	0.0	0.0	8.0	6.0	106.0	0.0	8524.0	0.0	0.0	0.0	0.0	4.0	0.0	0.0	39.0	0.0	0.0	0.0	0.0	0.0	63.0
ackA_WP_096901391.1	0.0	0.0	13.0	0.0	0.0	0.0	32.0	0.0	0.0	0.0	46.0	0.0	0.0	0.0	0.0	2.0	0.0	0.0	0.0	0.0	0.0	0.0	0.0	0.0	0.0	0.0	0.0	0.0	0.0	0.0	0.0	0.0	0.0	0.0	19.0	0.0	0.0	0.0	0.0	0.0	0.0	0.0	0.0	0.0	0.0	0.0	0.0	0.0	0.0	25.0	0.0	4.0	0.0	0.0	0.0	0.0	0.0	0.0	0.0	0.0	4.0	0.0	0.0	0.0
ackA_WP_085549297.1	0.0	0.0	4.0	0.0	12.0	0.0	0.0	0.0	0.0	0.0	12.0	0.0	0.0	0.0	0.0	0.0	2.0	0.0	0.0	0.0	109.0	0.0	0.0	0.0	0.0	0.0	0.0	0.0	0.0	0.0	0.0	4.0	4.0	0.0	2.0	0.0	0.0	0.0	0.0	0.0	0.0	0.0	0.0	0.0	0.0	0.0	0.0	0.0	0.0	2.0	0.0	0.0	0.0	0.0	0.0	0.0	0.0	0.0	0.0	0.0	6.0	2.0	0.0	2.0
ackA_1408226.T233_01291	0.0	2.0	0.0	20.0	0.0	0.0	0.0	368.0	0.0	0.0	91.0	0.0	0.0	2.0	0.0	0.0	1932.0	727.0	0.0	12.0	0.0	1652.0	0.0	0.0	0.0	0.0	0.0	0.0	167.0	0.0	0.0	0.0	0.0	0.0	8.0	0.0	1658.0	0.0	0.0	0.0	0.0	0.0	0.0	0.0	0.0	4.0	0.0	0.0	26.0	4869.0	0.0	0.0	0.0	0.0	0.0	0.0	2.0	0.0	0.0	0.0	577.0	1487.0	0.0	1377.0
ackA_WP_092479643.1	0.0	8.0	0.0	10.0	0.0	0.0	0.0	0.0	0.0	0.0	151.0	0.0	0.0	0.0	0.0	0.0	0.0	65.0	1873.0	238.0	0.0	0.0	0.0	0.0	0.0	6.0	0.0	0.0	2.0	960.0	0.0	63.0	0.0	0.0	53.0	0.0	2.0	51.0	170.0	0.0	0.0	0.0	0.0	0.0	0.0	2.0	6.0	2.0	0.0	246.0	0.0	10.0	0.0	0.0	350.0	231.0	414.0	0.0	6.0	0.0	23.0	0.0	0.0	0.0
ackA_WP_138404628.1	0.0	49.0	0.0	0.0	12.0	0.0	0.0	0.0	35.0	0.0	25.0	0.0	0.0	0.0	0.0	20.0	4.0	6.0	0.0	1025.0	0.0	0.0	0.0	0.0	0.0	2.0	0.0	2.0	0.0	0.0	0.0	0.0	8.0	0.0	121.0	0.0	4.0	0.0	0.0	45.0	0.0	0.0	0.0	0.0	0.0	0.0	0.0	0.0	0.0	39.0	0.0	0.0	0.0	37.0	0.0	0.0	0.0	20.0	0.0	302.0	0.0	0.0	0.0	12.0
ackA_A0A425WP88	0.0	2273.0	0.0	0.0	3693.0	0.0	0.0	0.0	2.0	0.0	53.0	0.0	0.0	0.0	0.0	0.0	1369.0	0.0	0.0	451.0	0.0	0.0	0.0	0.0	0.0	0.0	0.0	0.0	0.0	0.0	0.0	0.0	0.0	0.0	445.0	0.0	0.0	0.0	0.0	0.0	0.0	0.0	0.0	2.0	0.0	0.0	0.0	0.0	0.0	14.0	0.0	0.0	0.0	0.0	0.0	0.0	0.0	0.0	0.0	0.0	0.0	0.0	0.0	739.0
ackA_WP_121583051.1	0.0	8.0	0.0	3.0	79.0	0.0	0.0	0.0	0.0	0.0	4.0	0.0	0.0	0.0	0.0	0.0	18.0	0.0	0.0	5.0	0.0	0.0	0.0	0.0	0.0	3.0	0.0	0.0	0.0	0.0	0.0	0.0	0.0	0.0	3.0	0.0	0.0	0.0	0.0	0.0	0.0	0.0	0.0	0.0	0.0	0.0	0.0	0.0	0.0	0.0	0.0	0.0	0.0	0.0	0.0	0.0	0.0	0.0	0.0	0.0	1.0	0.0	0.0	8.0
ackA_1121363.KB902215_gene1872	0.0	0.0	0.0	0.0	0.0	0.0	0.0	0.0	0.0	0.0	58.0	0.0	0.0	0.0	0.0	0.0	0.0	0.0	0.0	0.0	0.0	0.0	0.0	0.0	0.0	0.0	0.0	0.0	0.0	0.0	0.0	0.0	0.0	0.0	12.0	0.0	0.0	0.0	0.0	0.0	0.0	0.0	0.0	0.0	0.0	0.0	0.0	0.0	0.0	8.0	0.0	0.0	0.0	0.0	0.0	0.0	0.0	0.0	0.0	0.0	0.0	0.0	0.0	0.0
ackA_1408226.T233_00949	0.0	0.0	0.0	14.0	0.0	0.0	0.0	274.0	0.0	0.0	28.0	0.0	0.0	4.0	0.0	0.0	1552.0	507.0	0.0	36.0	0.0	1362.0	0.0	0.0	10.0	0.0	4.0	0.0	174.0	0.0	0.0	0.0	4.0	0.0	0.0	0.0	1351.0	0.0	0.0	0.0	0.0	0.0	0.0	0.0	0.0	4.0	0.0	0.0	22.0	4200.0	0.0	0.0	0.0	0.0	0.0	0.0	0.0	0.0	0.0	0.0	492.0	1222.0	0.0	1295.0
ackA_WP_059289899.1	0.0	43.0	0.0	0.0	51.0	2.0	0.0	0.0	0.0	0.0	12.0	0.0	0.0	0.0	0.0	0.0	16.0	0.0	0.0	27.0	0.0	0.0	0.0	0.0	0.0	0.0	0.0	0.0	0.0	0.0	0.0	0.0	0.0	0.0	37.0	0.0	0.0	0.0	0.0	0.0	0.0	0.0	0.0	0.0	0.0	0.0	0.0	0.0	4.0	4.0	0.0	0.0	0.0	0.0	4.0	0.0	0.0	0.0	0.0	0.0	23.0	0.0	0.0	0.0
ackA_chm_B842_11500	0.0	0.0	0.0	0.0	0.0	0.0	0.0	0.0	0.0	0.0	16.0	0.0	0.0	0.0	0.0	2.0	2.0	0.0	0.0	0.0	244.0	0.0	0.0	0.0	0.0	0.0	0.0	0.0	0.0	0.0	0.0	0.0	0.0	0.0	0.0	0.0	0.0	0.0	2.0	0.0	0.0	0.0	0.0	4.0	0.0	0.0	0.0	0.0	0.0	12.0	0.0	0.0	0.0	0.0	0.0	0.0	0.0	6.0	0.0	0.0	12.0	0.0	0.0	0.0
ackA_1158606.I579_01052	0.0	0.0	0.0	12.0	0.0	0.0	0.0	0.0	2.0	0.0	17.0	0.0	0.0	0.0	0.0	0.0	2.0	2.0	0.0	0.0	0.0	44.0	0.0	0.0	0.0	0.0	0.0	0.0	33.0	0.0	0.0	0.0	0.0	0.0	0.0	0.0	21.0	0.0	0.0	2.0	0.0	0.0	0.0	0.0	0.0	0.0	0.0	0.0	0.0	0.0	0.0	0.0	0.0	0.0	0.0	0.0	0.0	0.0	0.0	0.0	0.0	0.0	0.0	0.0
ackA_WP_141329434.1	0.0	0.0	0.0	0.0	0.0	0.0	0.0	0.0	0.0	0.0	123.0	0.0	0.0	0.0	0.0	0.0	2.0	0.0	0.0	0.0	0.0	0.0	2.0	0.0	0.0	0.0	0.0	0.0	0.0	0.0	0.0	0.0	0.0	0.0	8.0	4.0	0.0	0.0	0.0	0.0	0.0	0.0	0.0	0.0	0.0	0.0	0.0	0.0	0.0	37.0	0.0	0.0	0.0	0.0	0.0	0.0	0.0	0.0	0.0	0.0	2.0	0.0	0.0	0.0
ackA_jda_BW727_100480	0.0	4.0	0.0	4.0	0.0	0.0	0.0	0.0	2732.0	0.0	27.0	0.0	1358.0	93.0	8.0	1657.0	2.0	1857.0	4.0	5081.0	0.0	0.0	0.0	0.0	433.0	0.0	974.0	859.0	2.0	0.0	1973.0	2.0	6.0	0.0	246.0	0.0	2.0	0.0	0.0	10323.0	0.0	14.0	0.0	0.0	0.0	0.0	0.0	615.0	0.0	487.0	0.0	2.0	0.0	171.0	0.0	29.0	6.0	458.0	0.0	7017.0	15850.0	0.0	0.0	97.0
ackA_WP_074492449.1	2.0	82.0	0.0	0.0	62.0	2.0	0.0	0.0	0.0	0.0	16.0	0.0	0.0	0.0	0.0	0.0	8.0	0.0	0.0	19.0	0.0	0.0	0.0	0.0	0.0	0.0	0.0	0.0	0.0	0.0	0.0	0.0	0.0	0.0	51.0	0.0	0.0	0.0	0.0	0.0	2.0	0.0	0.0	0.0	0.0	0.0	0.0	0.0	0.0	4.0	0.0	0.0	0.0	0.0	0.0	0.0	0.0	0.0	2.0	0.0	55.0	0.0	0.0	2.0
ackA_WP_106776794.1	4.0	0.0	0.0	54.0	4.0	0.0	0.0	0.0	0.0	0.0	4.0	0.0	43.0	0.0	0.0	0.0	2.0	78.0	0.0	0.0	0.0	562.0	2.0	0.0	0.0	0.0	0.0	0.0	558.0	0.0	0.0	0.0	0.0	0.0	0.0	8.0	1011.0	0.0	0.0	0.0	0.0	0.0	0.0	0.0	0.0	0.0	0.0	6.0	8.0	2.0	0.0	0.0	2.0	0.0	0.0	0.0	0.0	0.0	0.0	0.0	0.0	51.0	0.0	0.0
ackA_WP_074910029.1	0.0	2.0	0.0	0.0	0.0	0.0	2.0	0.0	0.0	0.0	0.0	0.0	4.0	0.0	0.0	0.0	0.0	0.0	0.0	0.0	211.0	0.0	0.0	0.0	0.0	2.0	0.0	0.0	0.0	0.0	0.0	0.0	0.0	4.0	0.0	0.0	0.0	0.0	0.0	0.0	0.0	0.0	0.0	39.0	2.0	0.0	0.0	0.0	4.0	0.0	0.0	0.0	18.0	0.0	8.0	0.0	0.0	0.0	0.0	0.0	0.0	0.0	0.0	0.0
ackA_714313.LSA_08790	0.0	0.0	0.0	0.0	8.0	0.0	0.0	0.0	0.0	0.0	4.0	0.0	0.0	0.0	0.0	0.0	6.0	0.0	0.0	6.0	0.0	0.0	12.0	0.0	0.0	0.0	0.0	0.0	0.0	0.0	0.0	0.0	2.0	0.0	8.0	62.0	0.0	0.0	0.0	2.0	0.0	0.0	0.0	0.0	0.0	0.0	0.0	0.0	0.0	0.0	0.0	4.0	0.0	0.0	0.0	0.0	0.0	0.0	0.0	0.0	0.0	0.0	0.0	0.0
ackA_carc_NY10_225	2.0	12.0	0.0	0.0	0.0	0.0	0.0	0.0	0.0	0.0	25.0	0.0	0.0	0.0	0.0	0.0	0.0	0.0	0.0	425.0	0.0	0.0	0.0	0.0	0.0	0.0	0.0	0.0	0.0	0.0	0.0	0.0	2.0	0.0	6.0	0.0	0.0	0.0	0.0	0.0	0.0	0.0	0.0	0.0	0.0	0.0	0.0	0.0	0.0	0.0	0.0	0.0	0.0	0.0	0.0	0.0	0.0	0.0	0.0	0.0	0.0	0.0	0.0	0.0
ackA_A0A3D8ZWA4	0.0	0.0	0.0	0.0	0.0	0.0	0.0	0.0	0.0	0.0	16.0	0.0	4.0	0.0	0.0	0.0	0.0	0.0	0.0	0.0	0.0	2.0	0.0	0.0	0.0	0.0	0.0	0.0	24.0	0.0	0.0	0.0	0.0	0.0	0.0	0.0	0.0	0.0	0.0	0.0	0.0	0.0	0.0	0.0	0.0	0.0	0.0	0.0	0.0	10.0	0.0	0.0	0.0	0.0	0.0	0.0	0.0	0.0	0.0	0.0	0.0	0.0	0.0	0.0
ackA_WP_125943618.1	0.0	4.0	0.0	14.0	0.0	0.0	0.0	0.0	0.0	0.0	8.0	0.0	0.0	0.0	0.0	0.0	0.0	0.0	0.0	0.0	0.0	947.0	0.0	0.0	0.0	0.0	0.0	2.0	678.0	0.0	0.0	0.0	0.0	0.0	0.0	0.0	551.0	0.0	0.0	0.0	0.0	0.0	0.0	0.0	0.0	0.0	0.0	0.0	2.0	8.0	0.0	0.0	0.0	0.0	0.0	0.0	0.0	0.0	0.0	0.0	0.0	6.0	0.0	0.0
ackA_WP_125943466.1	0.0	4.0	0.0	45.0	0.0	0.0	0.0	0.0	0.0	0.0	12.0	0.0	0.0	0.0	0.0	0.0	0.0	8.0	0.0	0.0	0.0	849.0	0.0	0.0	0.0	0.0	0.0	0.0	693.0	0.0	0.0	0.0	0.0	0.0	0.0	0.0	514.0	0.0	0.0	0.0	0.0	0.0	0.0	0.0	0.0	0.0	0.0	0.0	8.0	28.0	0.0	0.0	0.0	0.0	0.0	0.0	0.0	0.0	2.0	0.0	0.0	6.0	0.0	0.0
ackA_A0A3D3IP53	0.0	95.0	0.0	0.0	2.0	0.0	0.0	0.0	0.0	0.0	10.0	0.0	0.0	0.0	0.0	0.0	6.0	0.0	0.0	25.0	0.0	0.0	0.0	0.0	0.0	0.0	0.0	0.0	0.0	0.0	2.0	0.0	0.0	0.0	23.0	0.0	0.0	0.0	0.0	0.0	0.0	0.0	0.0	0.0	0.0	0.0	0.0	0.0	0.0	16.0	0.0	0.0	0.0	0.0	0.0	0.0	0.0	0.0	0.0	4.0	23.0	0.0	0.0	4.0
ackA_WP_057807004.1	0.0	0.0	35.0	0.0	2.0	0.0	10.0	0.0	10.0	0.0	4.0	0.0	2.0	0.0	0.0	8.0	2.0	2.0	0.0	0.0	0.0	0.0	15.0	0.0	0.0	0.0	0.0	0.0	0.0	0.0	2.0	0.0	0.0	0.0	4.0	17.0	0.0	0.0	0.0	4.0	0.0	10.0	0.0	4.0	0.0	2.0	0.0	0.0	8.0	0.0	2.0	23.0	0.0	0.0	0.0	0.0	0.0	6.0	0.0	4.0	0.0	0.0	4.0	0.0
ackA_A0A3D4KGP6	0.0	81.0	0.0	5896.0	44.0	0.0	0.0	0.0	0.0	0.0	6.0	0.0	8424.0	0.0	9.0	8.0	9.0	78.0	2.0	140.0	0.0	3670.0	0.0	26403.0	0.0	28.0	53.0	0.0	70.0	4626.0	61.0	2040.0	0.0	0.0	668.0	6.0	466.0	6.0	0.0	392.0	4.0	36.0	0.0	0.0	0.0	26.0	0.0	25.0	15.0	11.0	15017.0	6.0	6.0	25.0	153.0	3481.0	11.0	97.0	4.0	566.0	0.0	2309.0	0.0	0.0
ackA_A0A353PTL2	0.0	0.0	7.0	0.0	0.0	0.0	5.0	0.0	23.0	0.0	14.0	24.0	0.0	3.0	45.0	17.0	0.0	14.0	0.0	0.0	2.0	26.0	26.0	3.0	3.0	0.0	0.0	0.0	21.0	0.0	0.0	0.0	0.0	0.0	0.0	3.0	14.0	0.0	0.0	14.0	0.0	26.0	0.0	7.0	7.0	33.0	3.0	3.0	0.0	3.0	3.0	0.0	3.0	12.0	0.0	2.0	0.0	10.0	0.0	12.0	0.0	21.0	12.0	0.0
ackA_A0A357YLV1	0.0	0.0	8.0	0.0	0.0	8.0	0.0	0.0	0.0	0.0	4.0	0.0	0.0	0.0	0.0	0.0	2.0	0.0	4.0	0.0	2.0	0.0	0.0	0.0	0.0	37.0	4.0	0.0	0.0	0.0	0.0	0.0	0.0	15.0	4.0	10.0	0.0	0.0	0.0	0.0	0.0	0.0	0.0	0.0	0.0	0.0	0.0	0.0	12.0	0.0	6.0	4.0	0.0	0.0	21.0	0.0	0.0	0.0	0.0	0.0	0.0	0.0	0.0	0.0
ackA_WP_119021354.1	0.0	4.0	0.0	0.0	25.0	0.0	0.0	0.0	0.0	0.0	2.0	0.0	0.0	0.0	0.0	0.0	4.0	0.0	0.0	2.0	0.0	0.0	0.0	0.0	0.0	0.0	0.0	6.0	0.0	0.0	4.0	0.0	0.0	0.0	8.0	0.0	0.0	0.0	0.0	4.0	0.0	0.0	2.0	0.0	0.0	0.0	0.0	0.0	0.0	0.0	0.0	0.0	0.0	0.0	0.0	0.0	0.0	0.0	0.0	0.0	0.0	0.0	4.0	0.0
ackA_WP_110781245.1	0.0	0.0	0.0	0.0	0.0	14.0	2.0	0.0	0.0	2.0	4.0	0.0	0.0	0.0	0.0	0.0	0.0	0.0	4.0	0.0	0.0	0.0	0.0	0.0	0.0	8.0	0.0	0.0	0.0	12.0	0.0	0.0	0.0	8.0	0.0	0.0	0.0	4.0	0.0	0.0	0.0	0.0	0.0	0.0	0.0	0.0	0.0	0.0	0.0	0.0	0.0	0.0	0.0	0.0	6.0	2.0	0.0	0.0	2.0	0.0	0.0	0.0	0.0	0.0
ackA_69279.BG36_04475	0.0	4.0	0.0	0.0	0.0	0.0	0.0	0.0	0.0	0.0	4.0	0.0	2.0	0.0	0.0	0.0	4.0	0.0	4.0	0.0	0.0	0.0	0.0	0.0	0.0	0.0	0.0	0.0	0.0	4.0	0.0	0.0	0.0	4.0	12.0	0.0	0.0	0.0	0.0	0.0	0.0	0.0	0.0	0.0	0.0	0.0	0.0	0.0	0.0	12.0	0.0	0.0	0.0	0.0	0.0	0.0	0.0	0.0	0.0	0.0	0.0	0.0	0.0	0.0
ackA_865861.AZSU01000003_gene1651	0.0	0.0	803.0	12.0	0.0	0.0	642.0	54.0	0.0	0.0	0.0	0.0	0.0	167.0	72.0	0.0	0.0	319.0	0.0	0.0	0.0	331.0	0.0	95.0	0.0	0.0	0.0	0.0	521.0	2.0	2.0	0.0	0.0	0.0	0.0	348.0	397.0	0.0	0.0	0.0	0.0	0.0	187.0	0.0	86.0	352.0	0.0	0.0	239.0	0.0	49.0	589.0	0.0	0.0	0.0	0.0	0.0	0.0	0.0	0.0	0.0	311.0	0.0	0.0
ackA_A0A353U1F0	0.0	8.0	0.0	0.0	4.0	0.0	0.0	0.0	0.0	0.0	4.0	0.0	0.0	0.0	0.0	0.0	21.0	0.0	0.0	0.0	0.0	0.0	0.0	0.0	0.0	0.0	0.0	0.0	4.0	0.0	0.0	0.0	0.0	0.0	0.0	0.0	0.0	0.0	0.0	0.0	4.0	0.0	0.0	0.0	0.0	0.0	0.0	0.0	0.0	4.0	0.0	0.0	0.0	0.0	0.0	0.0	0.0	0.0	0.0	0.0	2.0	0.0	0.0	15.0
ackA_A0A1V6AZ75	0.0	0.0	0.0	0.0	0.0	57.0	0.0	0.0	0.0	0.0	0.0	906.0	1533.0	0.0	3.0	0.0	0.0	0.0	5.0	0.0	0.0	0.0	0.0	0.0	1156.0	181.0	825.0	0.0	0.0	89.0	0.0	0.0	184.0	68.0	0.0	0.0	0.0	0.0	0.0	0.0	28.0	0.0	0.0	0.0	0.0	0.0	2.0	707.0	0.0	0.0	0.0	0.0	0.0	378.0	31.0	0.0	0.0	0.0	3.0	0.0	0.0	0.0	0.0	0.0
ackA_A0A1V6DRU2	4.0	0.0	2183.0	2322.0	0.0	6.0	577.0	3321.0	743.0	0.0	0.0	1417.0	207.0	2676.0	1165.0	2692.0	0.0	2405.0	10.0	10.0	0.0	3025.0	1560.0	124.0	1668.0	0.0	207.0	15.0	2442.0	79.0	950.0	0.0	1898.0	6.0	0.0	459.0	1972.0	6.0	0.0	737.0	2382.0	1535.0	77.0	6.0	3708.0	163.0	0.0	254.0	62.0	2.0	670.0	1676.0	0.0	1672.0	0.0	4.0	0.0	942.0	4.0	267.0	0.0	1703.0	1180.0	0.0
ackA_A0A1V6CYP1	11.0	0.0	0.0	0.0	0.0	0.0	0.0	0.0	0.0	0.0	0.0	563.0	0.0	0.0	0.0	0.0	0.0	0.0	0.0	0.0	0.0	0.0	0.0	0.0	1106.0	0.0	178.0	6.0	0.0	0.0	0.0	0.0	523.0	0.0	0.0	0.0	0.0	0.0	0.0	0.0	410.0	0.0	0.0	0.0	0.0	0.0	0.0	6.0	0.0	0.0	0.0	0.0	8.0	1067.0	0.0	11.0	0.0	0.0	0.0	0.0	0.0	0.0	0.0	0.0
ackA_891391.LAC30SC_10185	0.0	0.0	45.0	4.0	0.0	0.0	126.0	0.0	12.0	0.0	0.0	10.0	0.0	2.0	0.0	0.0	2.0	0.0	0.0	0.0	0.0	0.0	4.0	12.0	0.0	0.0	8.0	0.0	0.0	0.0	0.0	0.0	0.0	0.0	0.0	10.0	4.0	0.0	0.0	4.0	0.0	0.0	30.0	0.0	0.0	6.0	0.0	0.0	8.0	140.0	8.0	12.0	0.0	0.0	0.0	0.0	0.0	2.0	0.0	0.0	49.0	2.0	0.0	0.0
ackA_WP_105368305.1	0.0	0.0	0.0	4.0	0.0	0.0	0.0	8.0	0.0	0.0	0.0	6.0	0.0	12.0	27.0	0.0	0.0	4.0	8.0	0.0	0.0	0.0	0.0	0.0	0.0	0.0	0.0	0.0	8.0	0.0	0.0	4.0	0.0	0.0	0.0	0.0	8.0	6.0	0.0	0.0	12.0	0.0	0.0	0.0	8.0	4.0	0.0	2.0	0.0	0.0	0.0	0.0	0.0	8.0	0.0	0.0	19.0	4.0	4.0	0.0	0.0	8.0	0.0	0.0
ackA_585524.HMPREF0493_0632	0.0	2.0	2.0	4.0	0.0	2.0	0.0	4.0	93.0	0.0	0.0	37.0	0.0	0.0	0.0	27.0	0.0	19.0	0.0	0.0	0.0	16.0	70.0	0.0	126.0	2.0	0.0	4.0	16.0	0.0	10.0	14.0	0.0	0.0	0.0	2.0	10.0	0.0	0.0	149.0	0.0	6.0	0.0	0.0	8.0	0.0	0.0	0.0	4.0	10.0	0.0	0.0	0.0	52.0	0.0	0.0	4.0	31.0	0.0	43.0	50.0	19.0	25.0	0.0
ackA_A0A352ILS0	6.0	35.0	438.0	45.0	12.0	0.0	2571.0	45.0	6.0	60.0	2.0	23.0	4.0	558.0	74.0	12.0	2.0	144.0	53.0	6.0	25.0	687.0	19.0	307.0	19.0	4.0	12.0	35.0	410.0	64.0	29.0	1663.0	21.0	0.0	56.0	1276.0	171.0	970.0	8.0	8.0	19.0	23.0	315.0	60.0	459.0	805.0	49.0	19.0	107.0	105.0	1684.0	2277.0	33.0	25.0	33.0	35.0	1247.0	18.0	399.0	8.0	8.0	652.0	2.0	4.0
ackA_891391.LAC30SC_03720	0.0	0.0	26.0	8.0	0.0	0.0	75.0	0.0	0.0	0.0	0.0	24.0	0.0	0.0	0.0	0.0	0.0	0.0	0.0	0.0	0.0	0.0	2.0	10.0	0.0	0.0	0.0	0.0	0.0	0.0	2.0	4.0	0.0	0.0	0.0	4.0	4.0	0.0	0.0	0.0	0.0	0.0	24.0	0.0	0.0	8.0	0.0	0.0	4.0	92.0	0.0	10.0	0.0	0.0	0.0	0.0	0.0	0.0	0.0	4.0	31.0	2.0	0.0	0.0
ackA_A0A3N5SKR8	0.0	0.0	0.0	0.0	0.0	123.0	0.0	0.0	0.0	0.0	0.0	29.0	66.0	0.0	0.0	0.0	0.0	0.0	10.0	0.0	0.0	0.0	0.0	0.0	33.0	125.0	21.0	0.0	0.0	171.0	0.0	0.0	0.0	244.0	0.0	0.0	0.0	0.0	0.0	0.0	0.0	0.0	0.0	0.0	0.0	0.0	0.0	74.0	0.0	0.0	0.0	0.0	0.0	10.0	59.0	0.0	3.0	0.0	3.0	0.0	0.0	0.0	0.0	0.0
ackA_A0A1V4XGW0	0.0	0.0	0.0	0.0	0.0	217.0	0.0	0.0	0.0	1.0	0.0	16.0	200.0	0.0	0.0	1.0	1.0	1.0	28.0	0.0	0.0	0.0	0.0	0.0	17.0	128.0	20.0	0.0	0.0	339.0	0.0	0.0	2.0	268.0	0.0	0.0	0.0	2.0	0.0	0.0	2.0	0.0	0.0	0.0	0.0	0.0	0.0	80.0	0.0	0.0	0.0	0.0	0.0	18.0	15.0	0.0	0.0	0.0	6.0	0.0	0.0	0.0	0.0	0.0
ackA_WP_128425853.1	2.0	0.0	0.0	0.0	0.0	0.0	0.0	2.0	0.0	0.0	0.0	87.0	99.0	0.0	0.0	0.0	0.0	0.0	0.0	0.0	0.0	0.0	0.0	0.0	23.0	2.0	74.0	0.0	0.0	0.0	0.0	0.0	0.0	0.0	0.0	0.0	0.0	0.0	0.0	0.0	0.0	0.0	0.0	0.0	0.0	0.0	0.0	74.0	0.0	0.0	0.0	0.0	0.0	0.0	2.0	0.0	0.0	0.0	0.0	0.0	0.0	0.0	0.0	4.0
ackA_WP_104689108.1	0.0	10.0	670.0	159.0	45.0	0.0	372.0	215.0	399.0	0.0	0.0	29.0	35.0	8.0	0.0	1039.0	15.0	242.0	0.0	12.0	4.0	153.0	139.0	157.0	60.0	0.0	6.0	10.0	45.0	0.0	499.0	0.0	482.0	0.0	2.0	4310.0	85.0	0.0	0.0	563.0	776.0	1138.0	118.0	0.0	8.0	352.0	0.0	10.0	2069.0	37.0	896.0	689.0	2.0	507.0	0.0	0.0	0.0	403.0	0.0	192.0	261.0	64.0	453.0	12.0
ackA_335543.Sfum_1473	0.0	0.0	0.0	0.0	0.0	11.0	0.0	0.0	0.0	0.0	0.0	4.0	13.0	0.0	0.0	0.0	0.0	0.0	0.0	0.0	0.0	0.0	0.0	0.0	11.0	11.0	4.0	0.0	0.0	6.0	0.0	0.0	0.0	8.0	0.0	0.0	0.0	0.0	0.0	0.0	0.0	0.0	0.0	0.0	0.0	0.0	4.0	8.0	0.0	0.0	2.0	0.0	0.0	0.0	2.0	0.0	0.0	0.0	0.0	0.0	0.0	0.0	0.0	0.0
ackA_891391.LAC30SC_02415	2.0	0.0	10.0	0.0	0.0	0.0	94.0	0.0	4.0	0.0	0.0	4.0	0.0	0.0	0.0	0.0	2.0	0.0	0.0	0.0	0.0	0.0	8.0	23.0	0.0	0.0	4.0	0.0	0.0	0.0	0.0	0.0	0.0	0.0	0.0	2.0	2.0	0.0	0.0	0.0	2.0	0.0	18.0	0.0	0.0	18.0	0.0	0.0	4.0	133.0	12.0	10.0	0.0	0.0	0.0	0.0	0.0	0.0	0.0	0.0	55.0	2.0	0.0	0.0
ackA_WP_094900049.1	0.0	0.0	0.0	2.0	0.0	0.0	0.0	2.0	0.0	0.0	0.0	2.0	78.0	0.0	2.0	2.0	0.0	0.0	0.0	159.0	4.0	54.0	0.0	23.0	14.0	0.0	10.0	21.0	2.0	45.0	0.0	780.0	21.0	4.0	0.0	4.0	33.0	0.0	0.0	12.0	0.0	0.0	0.0	4.0	4.0	0.0	0.0	0.0	1857.0	0.0	0.0	0.0	53.0	0.0	23.0	0.0	0.0	89.0	0.0	0.0	4.0	4.0	0.0	0.0
ackA_585524.HMPREF0493_0115	0.0	2.0	0.0	8.0	0.0	0.0	0.0	14.0	65.0	0.0	0.0	22.0	0.0	2.0	0.0	24.0	0.0	10.0	0.0	0.0	0.0	16.0	75.0	0.0	97.0	0.0	4.0	0.0	18.0	4.0	24.0	8.0	0.0	0.0	0.0	0.0	2.0	2.0	0.0	100.0	0.0	18.0	0.0	0.0	8.0	0.0	0.0	0.0	4.0	24.0	0.0	0.0	0.0	47.0	0.0	0.0	6.0	20.0	0.0	12.0	91.0	2.0	26.0	0.0
ackA_A0A1V1I317	0.0	0.0	0.0	0.0	0.0	8.0	0.0	0.0	0.0	2.0	0.0	14.0	27.0	0.0	0.0	0.0	0.0	0.0	37.0	0.0	2.0	0.0	0.0	0.0	6.0	6.0	16.0	0.0	0.0	31.0	0.0	16.0	4.0	10.0	0.0	0.0	0.0	14.0	0.0	0.0	6.0	0.0	4.0	0.0	0.0	4.0	0.0	19.0	2.0	0.0	0.0	0.0	0.0	6.0	6.0	0.0	4.0	0.0	4.0	0.0	0.0	0.0	0.0	0.0
ackA_WP_047769649.1	0.0	0.0	6.0	0.0	0.0	0.0	6.0	0.0	0.0	0.0	0.0	4.0	2.0	0.0	0.0	0.0	6.0	0.0	0.0	6.0	0.0	0.0	0.0	4.0	0.0	0.0	0.0	0.0	0.0	0.0	0.0	0.0	0.0	0.0	2.0	16.0	0.0	0.0	0.0	0.0	0.0	0.0	2.0	0.0	0.0	4.0	0.0	0.0	4.0	0.0	4.0	14.0	0.0	0.0	0.0	0.0	0.0	0.0	2.0	0.0	0.0	0.0	0.0	0.0
ackA_WP_072972556.1	0.0	0.0	0.0	0.0	4.0	0.0	0.0	0.0	0.0	0.0	2.0	0.0	1379.0	0.0	0.0	0.0	0.0	0.0	965.0	218.0	0.0	119.0	0.0	0.0	572.0	6.0	916.0	296.0	0.0	420.0	0.0	331.0	1200.0	4.0	0.0	0.0	0.0	95.0	0.0	0.0	0.0	0.0	0.0	0.0	0.0	0.0	0.0	0.0	0.0	0.0	0.0	0.0	49.0	0.0	465.0	0.0	8.0	0.0	0.0	0.0	0.0	0.0	0.0	0.0
ackA_A0A1V6A6N5	0.0	0.0	0.0	0.0	0.0	0.0	0.0	0.0	0.0	0.0	0.0	4.0	0.0	0.0	0.0	0.0	0.0	2.0	6.0	0.0	2.0	0.0	0.0	0.0	0.0	0.0	0.0	4.0	0.0	0.0	0.0	0.0	0.0	0.0	0.0	0.0	0.0	0.0	0.0	0.0	0.0	4.0	0.0	4.0	0.0	0.0	0.0	4.0	0.0	0.0	0.0	4.0	4.0	0.0	0.0	17.0	0.0	0.0	0.0	0.0	0.0	0.0	0.0	0.0
ackA_A0A2N1R1J5	5.0	0.0	0.0	0.0	0.0	40.0	0.0	0.0	0.0	0.0	0.0	14.0	7.0	0.0	0.0	0.0	2.0	0.0	16.0	0.0	5.0	0.0	0.0	0.0	19.0	42.0	21.0	9.0	3.0	12.0	0.0	73.0	3.0	0.0	0.0	0.0	0.0	40.0	5.0	0.0	3.0	0.0	0.0	0.0	0.0	0.0	5.0	63.0	0.0	0.0	0.0	0.0	3.0	7.0	193.0	0.0	17.0	0.0	97.0	0.0	0.0	0.0	0.0	0.0
ackA_WP_055243895.1	0.0	0.0	0.0	0.0	0.0	4.0	0.0	0.0	0.0	0.0	0.0	2.0	24.0	0.0	0.0	0.0	0.0	0.0	16.0	0.0	0.0	0.0	0.0	0.0	4.0	8.0	12.0	0.0	0.0	29.0	0.0	4.0	4.0	6.0	0.0	0.0	0.0	4.0	0.0	0.0	8.0	0.0	0.0	0.0	0.0	0.0	0.0	2.0	2.0	0.0	0.0	0.0	0.0	2.0	0.0	0.0	2.0	0.0	8.0	0.0	0.0	0.0	0.0	0.0
ackA_1414720.CBYM010000013_gene2780	0.0	0.0	2.0	0.0	0.0	4.0	0.0	0.0	0.0	0.0	0.0	4.0	12.0	0.0	0.0	0.0	2.0	0.0	14.0	0.0	0.0	0.0	0.0	0.0	0.0	4.0	4.0	0.0	0.0	25.0	0.0	0.0	0.0	8.0	0.0	0.0	0.0	16.0	0.0	0.0	4.0	0.0	0.0	0.0	0.0	0.0	0.0	2.0	0.0	0.0	0.0	0.0	0.0	2.0	2.0	0.0	4.0	0.0	0.0	0.0	0.0	0.0	0.0	0.0
ackA_1414720.CBYM010000009_gene3243	0.0	0.0	0.0	0.0	0.0	2.0	0.0	0.0	0.0	0.0	2.0	0.0	17.0	0.0	0.0	0.0	2.0	0.0	35.0	0.0	6.0	0.0	0.0	0.0	4.0	10.0	4.0	0.0	0.0	10.0	0.0	4.0	0.0	4.0	0.0	0.0	0.0	0.0	0.0	0.0	0.0	0.0	2.0	0.0	0.0	0.0	0.0	0.0	0.0	0.0	0.0	0.0	0.0	4.0	4.0	0.0	0.0	0.0	0.0	0.0	0.0	0.0	0.0	0.0
ackA_A0A3D4WBZ6	0.0	0.0	0.0	0.0	0.0	0.0	0.0	0.0	0.0	0.0	0.0	0.0	77.0	0.0	0.0	0.0	0.0	0.0	0.0	0.0	0.0	0.0	0.0	0.0	0.0	2.0	0.0	0.0	0.0	0.0	0.0	0.0	0.0	0.0	0.0	0.0	0.0	0.0	0.0	0.0	0.0	0.0	0.0	0.0	0.0	0.0	0.0	0.0	51.0	0.0	0.0	0.0	0.0	0.0	0.0	0.0	0.0	0.0	0.0	0.0	0.0	0.0	0.0	0.0
ackA_WP_125277991.1	0.0	0.0	0.0	0.0	8.0	0.0	16.0	0.0	0.0	0.0	2.0	0.0	112.0	0.0	0.0	2.0	0.0	0.0	0.0	4.0	0.0	0.0	0.0	0.0	0.0	0.0	0.0	0.0	0.0	0.0	0.0	0.0	0.0	0.0	0.0	0.0	0.0	0.0	0.0	0.0	0.0	0.0	0.0	0.0	0.0	0.0	0.0	0.0	0.0	0.0	0.0	33.0	0.0	0.0	0.0	0.0	0.0	0.0	0.0	0.0	0.0	0.0	0.0	0.0
ackA_21226597	2.0	0.0	0.0	0.0	0.0	34.0	0.0	0.0	0.0	0.0	0.0	0.0	15.0	0.0	0.0	0.0	0.0	0.0	209.0	0.0	0.0	0.0	0.0	0.0	4.0	21.0	9.0	2.0	0.0	30.0	0.0	4.0	0.0	60.0	0.0	0.0	0.0	7.0	0.0	0.0	4.0	0.0	0.0	0.0	0.0	0.0	0.0	2.0	0.0	0.0	0.0	0.0	0.0	0.0	150.0	0.0	6.0	0.0	6.0	0.0	0.0	0.0	0.0	0.0
ackA_WP_091729471.1	0.0	4.0	0.0	0.0	0.0	0.0	0.0	0.0	0.0	0.0	0.0	0.0	362.0	0.0	0.0	0.0	0.0	0.0	4.0	115.0	0.0	0.0	0.0	0.0	225.0	0.0	266.0	2.0	0.0	190.0	0.0	182.0	498.0	4.0	0.0	0.0	8.0	0.0	0.0	0.0	0.0	0.0	0.0	0.0	0.0	0.0	0.0	0.0	104.0	0.0	0.0	0.0	2.0	0.0	264.0	0.0	0.0	12.0	0.0	0.0	0.0	2.0	0.0	0.0
ackA_WP_075728229.1	0.0	0.0	0.0	0.0	0.0	0.0	0.0	0.0	0.0	0.0	0.0	0.0	4.0	0.0	0.0	4.0	0.0	0.0	0.0	159.0	0.0	0.0	0.0	0.0	0.0	0.0	0.0	516.0	0.0	0.0	0.0	0.0	0.0	0.0	0.0	0.0	0.0	19.0	0.0	0.0	2.0	0.0	0.0	0.0	0.0	0.0	0.0	0.0	2.0	0.0	0.0	0.0	142.0	0.0	0.0	12.0	8.0	4.0	0.0	0.0	0.0	0.0	0.0	2.0
ackA_A0A2N3FUE5	0.0	0.0	0.0	0.0	0.0	251.0	0.0	0.0	0.0	0.0	0.0	0.0	2.0	0.0	0.0	0.0	0.0	0.0	149.0	0.0	0.0	0.0	0.0	0.0	0.0	314.0	2.0	0.0	0.0	112.0	0.0	20.0	0.0	525.0	0.0	0.0	0.0	59.0	0.0	0.0	0.0	0.0	4.0	0.0	0.0	0.0	0.0	0.0	2.0	0.0	0.0	0.0	0.0	0.0	86.0	0.0	24.0	0.0	41.0	0.0	0.0	0.0	0.0	0.0
ackA_R6G5E0	0.0	0.0	0.0	0.0	0.0	8.0	0.0	2.0	0.0	0.0	0.0	0.0	0.0	0.0	0.0	0.0	0.0	0.0	25.0	0.0	0.0	0.0	0.0	0.0	0.0	12.0	0.0	0.0	0.0	60.0	0.0	12.0	0.0	16.0	0.0	0.0	0.0	2.0	0.0	0.0	0.0	0.0	0.0	0.0	0.0	0.0	0.0	0.0	0.0	0.0	0.0	0.0	0.0	0.0	2.0	0.0	6.0	0.0	10.0	0.0	0.0	0.0	0.0	0.0
ackA_1111729.ATYV01000017_gene1889	0.0	43.0	0.0	2.0	25.0	0.0	0.0	0.0	0.0	4.0	2.0	0.0	10.0	0.0	0.0	0.0	23.0	0.0	0.0	45.0	0.0	0.0	0.0	0.0	0.0	0.0	0.0	0.0	0.0	2.0	0.0	0.0	0.0	0.0	8.0	0.0	0.0	0.0	0.0	0.0	4.0	0.0	0.0	0.0	0.0	0.0	0.0	4.0	0.0	0.0	2.0	2.0	0.0	0.0	0.0	0.0	0.0	0.0	0.0	0.0	12.0	0.0	0.0	10.0
ackA_WP_074350398.1	2.0	0.0	0.0	0.0	0.0	0.0	0.0	0.0	0.0	0.0	0.0	8.0	16.0	0.0	0.0	0.0	0.0	0.0	0.0	0.0	0.0	165.0	0.0	8.0	0.0	0.0	16.0	8.0	2.0	45.0	0.0	467.0	16.0	0.0	0.0	4.0	14.0	0.0	0.0	0.0	0.0	0.0	0.0	0.0	0.0	0.0	0.0	0.0	0.0	0.0	0.0	0.0	0.0	0.0	14.0	0.0	14.0	0.0	0.0	0.0	0.0	589.0	0.0	0.0
ackA_WP_055123535.1	0.0	0.0	0.0	0.0	0.0	0.0	0.0	0.0	0.0	0.0	0.0	0.0	0.0	0.0	0.0	0.0	0.0	0.0	0.0	0.0	0.0	0.0	2.0	0.0	0.0	4.0	0.0	0.0	0.0	0.0	0.0	0.0	0.0	0.0	0.0	0.0	0.0	0.0	0.0	0.0	0.0	0.0	0.0	0.0	0.0	0.0	0.0	0.0	30.0	0.0	0.0	0.0	0.0	0.0	0.0	0.0	0.0	0.0	0.0	493.0	0.0	0.0	0.0	0.0
ackA_220668.lp_0210	0.0	0.0	10.0	0.0	4.0	0.0	4.0	0.0	0.0	0.0	0.0	0.0	2.0	0.0	0.0	0.0	0.0	0.0	0.0	0.0	0.0	0.0	2.0	0.0	0.0	0.0	0.0	0.0	0.0	0.0	0.0	0.0	0.0	0.0	0.0	108.0	0.0	0.0	0.0	0.0	0.0	0.0	4.0	0.0	0.0	0.0	2.0	2.0	20.0	0.0	6.0	8.0	0.0	0.0	0.0	0.0	0.0	0.0	0.0	2.0	0.0	0.0	0.0	0.0
ackA_mfz_AOB57_011255	0.0	0.0	417.0	0.0	0.0	0.0	2438.0	0.0	0.0	0.0	0.0	0.0	2.0	0.0	0.0	0.0	0.0	0.0	304.0	0.0	0.0	0.0	0.0	8449.0	0.0	0.0	0.0	0.0	0.0	5662.0	4.0	3299.0	6.0	2.0	0.0	364.0	0.0	3745.0	0.0	0.0	8.0	0.0	18541.0	0.0	0.0	12784.0	0.0	0.0	252.0	0.0	268.0	1370.0	0.0	0.0	0.0	0.0	3167.0	0.0	715.0	0.0	0.0	0.0	0.0	0.0
ackA_WP_031572785.1	0.0	0.0	6.0	0.0	0.0	0.0	0.0	0.0	0.0	0.0	4.0	0.0	4.0	0.0	0.0	0.0	2.0	0.0	0.0	0.0	0.0	0.0	0.0	2.0	0.0	8.0	0.0	0.0	0.0	14.0	0.0	8.0	0.0	10.0	0.0	0.0	0.0	21.0	0.0	0.0	0.0	2.0	0.0	0.0	0.0	0.0	0.0	0.0	2.0	2.0	0.0	0.0	23.0	0.0	4.0	0.0	8.0	0.0	31.0	0.0	0.0	2.0	0.0	0.0
ackA_196164.23494434	4.0	0.0	0.0	0.0	12.0	0.0	0.0	0.0	0.0	0.0	2.0	0.0	4.0	0.0	0.0	0.0	6.0	0.0	0.0	8.0	173.0	0.0	0.0	0.0	0.0	0.0	0.0	4.0	0.0	0.0	0.0	0.0	0.0	0.0	4.0	0.0	0.0	0.0	0.0	0.0	0.0	0.0	0.0	0.0	0.0	0.0	23.0	0.0	0.0	2.0	0.0	0.0	0.0	0.0	0.0	18.0	0.0	0.0	2.0	0.0	0.0	2.0	0.0	0.0
ackA_cmq_B840_11160	0.0	0.0	0.0	0.0	0.0	4.0	0.0	0.0	0.0	0.0	0.0	0.0	4.0	0.0	0.0	10.0	0.0	2.0	0.0	0.0	251.0	0.0	0.0	0.0	0.0	0.0	0.0	0.0	0.0	0.0	0.0	0.0	0.0	0.0	0.0	0.0	0.0	0.0	0.0	0.0	0.0	0.0	0.0	0.0	0.0	0.0	0.0	0.0	0.0	4.0	0.0	0.0	0.0	0.0	0.0	0.0	0.0	12.0	2.0	0.0	0.0	0.0	0.0	0.0
ackA_A0A1V6A3N9	2.0	4.0	0.0	149.0	0.0	0.0	0.0	103.0	0.0	0.0	0.0	0.0	0.0	114.0	27.0	0.0	2.0	83.0	14.0	0.0	0.0	244.0	0.0	0.0	0.0	0.0	0.0	0.0	141.0	114.0	0.0	284.0	0.0	0.0	0.0	0.0	166.0	43.0	0.0	0.0	8.0	0.0	0.0	0.0	101.0	0.0	0.0	0.0	0.0	0.0	0.0	0.0	0.0	0.0	0.0	0.0	74.0	0.0	25.0	2.0	0.0	143.0	0.0	2.0
ackA_A0A3D1CVN1	254.0	0.0	126.0	0.0	0.0	563.0	37.0	0.0	1198.0	592.0	0.0	2452.0	1823.0	0.0	4.0	1051.0	2.0	0.0	15.0	0.0	302.0	0.0	1101.0	50.0	956.0	2750.0	3061.0	788.0	0.0	0.0	1358.0	0.0	46.0	6.0	2.0	219.0	0.0	0.0	219.0	1542.0	54.0	1022.0	0.0	714.0	0.0	104.0	1562.0	2245.0	75.0	0.0	31.0	141.0	964.0	190.0	257.0	418.0	0.0	679.0	15.0	571.0	0.0	0.0	1219.0	0.0
ackA_mek_MSKOL_2631	0.0	0.0	2.0	6.0	0.0	11.0	0.0	2.0	0.0	0.0	0.0	0.0	2.0	32.0	0.0	0.0	2.0	32.0	11.0	0.0	0.0	0.0	0.0	0.0	0.0	8.0	0.0	0.0	0.0	2.0	0.0	0.0	0.0	27.0	0.0	0.0	4.0	11.0	0.0	0.0	2.0	0.0	0.0	0.0	28.0	0.0	0.0	0.0	0.0	0.0	0.0	0.0	0.0	0.0	2.0	0.0	9.0	0.0	8.0	0.0	0.0	0.0	0.0	0.0
ackA_WP_128503929.1	2.0	0.0	1292.0	49.0	0.0	13.0	2910.0	89.0	0.0	0.0	0.0	0.0	0.0	101.0	2.0	4.0	0.0	83.0	5153.0	8.0	0.0	8.0	0.0	450.0	888.0	4.0	0.0	0.0	6.0	72.0	0.0	378.0	5971.0	2.0	2.0	3119.0	25.0	2396.0	0.0	0.0	9185.0	0.0	577.0	0.0	120.0	1064.0	0.0	0.0	1140.0	0.0	990.0	2721.0	0.0	3878.0	118.0	0.0	1076.0	0.0	1651.0	0.0	0.0	36.0	0.0	0.0
ackA_A0A3D0YIJ9	0.0	13.0	119.0	0.0	94.0	0.0	19.0	0.0	193.0	39.0	15.0	0.0	0.0	0.0	0.0	478.0	6.0	0.0	0.0	8.0	37.0	0.0	427.0	23.0	0.0	0.0	0.0	2.0	0.0	0.0	297.0	0.0	0.0	0.0	25.0	27.0	0.0	0.0	31.0	237.0	0.0	830.0	4.0	52.0	0.0	12.0	67.0	17.0	17.0	37.0	21.0	42.0	0.0	0.0	0.0	4.0	0.0	214.0	0.0	102.0	0.0	0.0	753.0	0.0
ackA_1209989.TepiRe1_1558	6.0	23.0	4.0	85.0	8.0	0.0	0.0	41.0	12.0	4.0	35.0	0.0	0.0	114.0	43.0	12.0	6.0	147.0	0.0	4.0	0.0	209.0	31.0	0.0	0.0	0.0	0.0	2.0	155.0	4.0	17.0	2.0	4.0	0.0	97.0	2.0	159.0	0.0	0.0	23.0	12.0	33.0	0.0	4.0	110.0	12.0	8.0	0.0	2.0	72.0	2.0	2.0	2.0	2.0	0.0	23.0	4.0	8.0	31.0	6.0	0.0	234.0	29.0	4.0
ackA_msz_MSSIH_1022	2.0	0.0	25.0	9.0	0.0	0.0	80.0	28.0	0.0	15.0	0.0	0.0	0.0	13.0	4.0	2.0	0.0	23.0	372.0	0.0	19.0	11.0	0.0	40.0	8.0	0.0	0.0	2.0	2.0	4.0	0.0	4.0	49.0	0.0	0.0	51.0	6.0	28.0	8.0	0.0	91.0	0.0	95.0	6.0	11.0	44.0	4.0	0.0	27.0	2.0	8.0	68.0	8.0	21.0	4.0	2.0	8.0	0.0	28.0	0.0	0.0	8.0	0.0	0.0
ackA_WP_073295358.1	0.0	131.0	0.0	2552.0	0.0	0.0	0.0	8994.0	310.0	0.0	6.0	0.0	0.0	13715.0	33.0	160.0	0.0	2127.0	0.0	386.0	0.0	107.0	0.0	0.0	4.0	0.0	0.0	49.0	4.0	0.0	376.0	0.0	4.0	0.0	394.0	0.0	575.0	4.0	2.0	248.0	0.0	35.0	0.0	0.0	5557.0	0.0	0.0	0.0	14.0	6.0	10.0	0.0	51.0	0.0	0.0	214.0	0.0	524.0	0.0	250.0	31.0	80.0	0.0	90.0
ackA_A0A354ZM97	0.0	0.0	40.0	0.0	4.0	0.0	25.0	8.0	0.0	0.0	10.0	0.0	0.0	0.0	57.0	0.0	6.0	0.0	0.0	13.0	0.0	0.0	0.0	0.0	0.0	0.0	0.0	0.0	11.0	0.0	0.0	0.0	0.0	0.0	4.0	0.0	6.0	6.0	2.0	0.0	0.0	0.0	0.0	0.0	2.0	6.0	0.0	0.0	0.0	4.0	8.0	15.0	0.0	0.0	4.0	4.0	0.0	0.0	0.0	0.0	0.0	2.0	0.0	4.0
ackA_A0A1V6GBK5	9.0	0.0	0.0	4.0	0.0	0.0	0.0	4.0	0.0	0.0	13.0	0.0	0.0	0.0	4.0	9.0	4.0	0.0	0.0	0.0	0.0	0.0	8.0	0.0	0.0	0.0	0.0	4.0	0.0	0.0	4.0	0.0	0.0	0.0	8.0	8.0	0.0	0.0	0.0	0.0	0.0	0.0	0.0	0.0	0.0	0.0	21.0	11.0	0.0	0.0	0.0	2.0	4.0	0.0	0.0	4.0	0.0	0.0	0.0	0.0	0.0	0.0	4.0	0.0
ackA_WP_101497874.1	0.0	0.0	0.0	0.0	0.0	0.0	0.0	0.0	0.0	0.0	0.0	0.0	0.0	0.0	0.0	76.0	0.0	0.0	0.0	0.0	0.0	0.0	0.0	0.0	120.0	0.0	0.0	4.0	0.0	0.0	14.0	0.0	0.0	0.0	0.0	0.0	0.0	0.0	0.0	466.0	0.0	10.0	0.0	0.0	4.0	0.0	0.0	0.0	0.0	0.0	0.0	0.0	0.0	0.0	0.0	0.0	0.0	37.0	0.0	0.0	0.0	0.0	2.0	0.0
ackA_A0A3D2ABU6	0.0	4.0	0.0	0.0	0.0	0.0	0.0	0.0	0.0	0.0	0.0	0.0	0.0	0.0	0.0	64.0	0.0	0.0	0.0	4.0	0.0	0.0	0.0	0.0	0.0	0.0	0.0	0.0	0.0	0.0	0.0	0.0	0.0	0.0	0.0	0.0	0.0	0.0	0.0	0.0	0.0	132.0	0.0	0.0	0.0	0.0	0.0	0.0	0.0	0.0	0.0	0.0	0.0	0.0	0.0	0.0	0.0	2298.0	0.0	0.0	0.0	4.0	0.0	0.0
ackA_33905.BTHE_1119	0.0	0.0	7981.0	0.0	0.0	0.0	3638.0	6.0	8.0	0.0	0.0	0.0	0.0	0.0	0.0	505.0	2.0	0.0	0.0	0.0	0.0	0.0	0.0	2478.0	0.0	0.0	0.0	0.0	0.0	0.0	165.0	0.0	0.0	0.0	0.0	5754.0	0.0	0.0	0.0	15.0	0.0	170.0	2811.0	0.0	0.0	1442.0	0.0	0.0	3399.0	0.0	4291.0	5935.0	0.0	0.0	0.0	0.0	0.0	291.0	0.0	0.0	0.0	0.0	267.0	0.0
ackA_WP_094665220.1	2.0	0.0	151.0	0.0	0.0	0.0	30.0	0.0	0.0	0.0	2.0	0.0	0.0	0.0	0.0	2.0	0.0	0.0	0.0	0.0	0.0	0.0	0.0	15.0	0.0	0.0	0.0	0.0	0.0	0.0	4.0	0.0	0.0	0.0	0.0	25.0	0.0	0.0	0.0	0.0	0.0	0.0	30.0	0.0	0.0	23.0	2.0	0.0	38.0	0.0	30.0	57.0	0.0	0.0	0.0	0.0	0.0	0.0	0.0	0.0	0.0	0.0	0.0	0.0
ackA_A0A142BVG3	0.0	0.0	0.0	0.0	12.0	0.0	93.0	0.0	0.0	0.0	0.0	0.0	0.0	0.0	0.0	0.0	6.0	0.0	0.0	4.0	2.0	0.0	0.0	0.0	0.0	0.0	0.0	0.0	0.0	0.0	0.0	0.0	0.0	0.0	0.0	0.0	0.0	0.0	0.0	2.0	0.0	0.0	0.0	0.0	0.0	0.0	0.0	0.0	0.0	0.0	0.0	8.0	0.0	0.0	0.0	0.0	0.0	0.0	0.0	0.0	0.0	0.0	0.0	4.0
ackA_334390.LAF_0550	0.0	0.0	19.0	0.0	4.0	0.0	8.0	0.0	0.0	0.0	0.0	0.0	0.0	0.0	0.0	0.0	6.0	2.0	0.0	2.0	0.0	0.0	4.0	0.0	0.0	0.0	0.0	0.0	0.0	0.0	0.0	0.0	0.0	0.0	0.0	54.0	0.0	0.0	0.0	0.0	0.0	0.0	8.0	0.0	0.0	4.0	0.0	0.0	4.0	0.0	10.0	12.0	0.0	0.0	0.0	0.0	0.0	0.0	0.0	0.0	0.0	0.0	0.0	0.0
ackA_1423814.HMPREF0549_0905	0.0	0.0	33.0	4.0	0.0	0.0	17.0	6.0	14.0	0.0	0.0	0.0	0.0	0.0	0.0	23.0	0.0	4.0	0.0	0.0	0.0	2.0	0.0	0.0	0.0	0.0	0.0	0.0	2.0	0.0	0.0	0.0	14.0	0.0	0.0	114.0	4.0	0.0	0.0	19.0	14.0	39.0	2.0	0.0	2.0	25.0	0.0	0.0	58.0	0.0	23.0	33.0	0.0	0.0	0.0	2.0	0.0	16.0	0.0	2.0	0.0	4.0	4.0	0.0
ackA_WP_091974054.1	0.0	0.0	0.0	0.0	0.0	0.0	0.0	0.0	0.0	0.0	0.0	0.0	0.0	0.0	0.0	0.0	0.0	29.0	0.0	0.0	0.0	0.0	0.0	0.0	0.0	0.0	0.0	0.0	0.0	0.0	0.0	0.0	0.0	0.0	0.0	0.0	41.0	0.0	0.0	0.0	0.0	0.0	0.0	0.0	0.0	0.0	0.0	0.0	0.0	0.0	0.0	0.0	0.0	0.0	0.0	0.0	0.0	4.0	0.0	2.0	0.0	0.0	0.0	0.0
ackA_A0A350YLU4	0.0	0.0	0.0	0.0	0.0	46.0	0.0	0.0	0.0	0.0	0.0	0.0	0.0	0.0	0.0	0.0	0.0	0.0	8.0	0.0	0.0	0.0	0.0	0.0	0.0	17.0	0.0	0.0	0.0	85.0	0.0	2.0	2.0	190.0	2.0	0.0	0.0	0.0	0.0	0.0	0.0	0.0	0.0	0.0	0.0	0.0	0.0	0.0	0.0	0.0	0.0	0.0	0.0	0.0	12.0	0.0	0.0	0.0	0.0	0.0	0.0	2.0	0.0	0.0
ackA_R6FR48	0.0	0.0	0.0	0.0	0.0	19.0	0.0	0.0	0.0	0.0	0.0	0.0	0.0	0.0	0.0	0.0	0.0	0.0	25.0	0.0	0.0	0.0	2.0	0.0	0.0	4.0	0.0	0.0	0.0	64.0	0.0	19.0	0.0	27.0	0.0	0.0	0.0	12.0	0.0	0.0	0.0	0.0	0.0	0.0	0.0	0.0	0.0	0.0	0.0	0.0	0.0	0.0	0.0	0.0	25.0	0.0	6.0	0.0	4.0	0.0	0.0	0.0	0.0	0.0
ackA_WP_131167632.1	0.0	0.0	0.0	0.0	0.0	0.0	0.0	0.0	0.0	0.0	2.0	2.0	0.0	0.0	0.0	0.0	6.0	0.0	1466.0	0.0	0.0	0.0	0.0	0.0	0.0	10.0	0.0	0.0	0.0	453.0	0.0	1305.0	0.0	0.0	0.0	0.0	0.0	2367.0	0.0	0.0	0.0	0.0	0.0	0.0	0.0	0.0	0.0	0.0	0.0	0.0	0.0	0.0	0.0	0.0	92.0	0.0	1626.0	0.0	2079.0	0.0	0.0	0.0	0.0	0.0
ackA_A0A1I6XVZ8	0.0	0.0	6.0	0.0	0.0	0.0	166.0	0.0	0.0	0.0	0.0	0.0	0.0	0.0	0.0	0.0	0.0	0.0	230.0	0.0	0.0	0.0	0.0	378.0	0.0	0.0	0.0	0.0	0.0	273.0	0.0	194.0	0.0	0.0	0.0	19.0	0.0	254.0	0.0	0.0	0.0	0.0	909.0	0.0	0.0	600.0	0.0	0.0	7.0	0.0	9.0	49.0	0.0	2.0	0.0	0.0	183.0	0.0	131.0	0.0	0.0	0.0	0.0	0.0
ackA_WP_129593714.1	0.0	4.0	0.0	0.0	0.0	2.0	0.0	0.0	0.0	0.0	0.0	0.0	0.0	0.0	0.0	0.0	0.0	0.0	23.0	0.0	0.0	0.0	0.0	0.0	0.0	72.0	0.0	0.0	0.0	0.0	0.0	0.0	0.0	0.0	0.0	0.0	0.0	0.0	0.0	0.0	0.0	0.0	2.0	0.0	0.0	0.0	0.0	0.0	0.0	0.0	0.0	0.0	0.0	2.0	241.0	0.0	0.0	0.0	0.0	0.0	0.0	0.0	0.0	0.0
ackA_WP_048039865.1	0.0	0.0	0.0	0.0	0.0	19.0	0.0	0.0	0.0	0.0	0.0	0.0	0.0	0.0	0.0	0.0	0.0	0.0	9.0	0.0	0.0	0.0	0.0	0.0	0.0	4.0	0.0	0.0	0.0	13.0	0.0	0.0	0.0	30.0	0.0	0.0	0.0	0.0	0.0	0.0	0.0	0.0	0.0	0.0	0.0	0.0	0.0	0.0	0.0	0.0	0.0	0.0	0.0	0.0	9.0	0.0	0.0	0.0	0.0	0.0	0.0	0.0	0.0	0.0
ackA_WP_141380141.1	2.0	0.0	0.0	0.0	0.0	4.0	0.0	0.0	0.0	0.0	0.0	0.0	0.0	0.0	0.0	0.0	0.0	0.0	16.0	0.0	0.0	0.0	4.0	0.0	0.0	8.0	0.0	0.0	0.0	33.0	0.0	0.0	0.0	21.0	0.0	6.0	0.0	8.0	4.0	0.0	0.0	0.0	0.0	0.0	0.0	0.0	0.0	0.0	0.0	0.0	0.0	0.0	0.0	8.0	16.0	0.0	0.0	0.0	2.0	0.0	0.0	0.0	0.0	0.0
ackA_WP_126807524.1	2.0	0.0	0.0	0.0	0.0	0.0	0.0	0.0	0.0	0.0	0.0	0.0	0.0	0.0	0.0	0.0	0.0	0.0	4.0	0.0	0.0	0.0	0.0	0.0	0.0	0.0	0.0	0.0	0.0	6.0	0.0	75.0	0.0	0.0	0.0	0.0	0.0	104.0	0.0	0.0	0.0	0.0	0.0	0.0	0.0	0.0	0.0	0.0	0.0	2.0	0.0	0.0	0.0	0.0	0.0	0.0	55.0	0.0	83.0	0.0	0.0	0.0	0.0	0.0
ackA_445973.CLOBAR_02271	2.0	0.0	0.0	0.0	0.0	6.0	0.0	0.0	0.0	0.0	0.0	0.0	0.0	0.0	0.0	0.0	0.0	0.0	27.0	0.0	0.0	0.0	0.0	0.0	0.0	0.0	0.0	0.0	0.0	54.0	0.0	4.0	0.0	21.0	0.0	0.0	0.0	23.0	0.0	0.0	4.0	0.0	0.0	0.0	0.0	0.0	0.0	0.0	0.0	0.0	0.0	0.0	0.0	0.0	4.0	0.0	4.0	0.0	12.0	0.0	0.0	0.0	0.0	0.0
ackA_A0A1D2SGW0	0.0	0.0	0.0	0.0	0.0	76.0	0.0	0.0	0.0	0.0	0.0	0.0	0.0	0.0	0.0	0.0	2.0	0.0	19.0	0.0	0.0	0.0	0.0	0.0	4.0	107.0	8.0	0.0	0.0	72.0	0.0	4.0	0.0	142.0	0.0	0.0	0.0	0.0	0.0	0.0	0.0	0.0	0.0	0.0	0.0	0.0	0.0	4.0	0.0	0.0	0.0	0.0	0.0	0.0	31.0	0.0	0.0	0.0	10.0	0.0	0.0	0.0	0.0	0.0
ackA_A0A3A0EPY1	0.0	2.0	0.0	0.0	0.0	25.0	0.0	0.0	0.0	0.0	0.0	0.0	0.0	0.0	0.0	0.0	0.0	0.0	4.0	0.0	0.0	0.0	0.0	0.0	0.0	33.0	0.0	0.0	0.0	21.0	0.0	0.0	0.0	72.0	0.0	0.0	0.0	4.0	0.0	0.0	0.0	0.0	0.0	0.0	0.0	0.0	0.0	0.0	0.0	0.0	0.0	0.0	0.0	0.0	8.0	0.0	0.0	0.0	4.0	0.0	0.0	0.0	0.0	0.0
ackA_WP_149490490.1	0.0	64.0	0.0	0.0	85.0	0.0	0.0	0.0	0.0	0.0	0.0	0.0	2.0	0.0	0.0	0.0	0.0	0.0	0.0	283.0	0.0	0.0	0.0	0.0	0.0	2.0	2.0	1027.0	4.0	0.0	0.0	0.0	0.0	0.0	351.0	76.0	0.0	0.0	0.0	0.0	0.0	0.0	2.0	0.0	0.0	0.0	0.0	0.0	22914.0	2.0	363.0	0.0	0.0	6.0	0.0	5385.0	0.0	0.0	0.0	1208.0	308.0	0.0	0.0	0.0
ackA_A0A358JRD6	0.0	27.0	0.0	0.0	4.0	0.0	0.0	0.0	0.0	0.0	0.0	0.0	0.0	0.0	0.0	0.0	0.0	0.0	0.0	33.0	0.0	0.0	0.0	0.0	0.0	0.0	0.0	0.0	0.0	0.0	0.0	0.0	0.0	0.0	2.0	0.0	0.0	0.0	0.0	0.0	0.0	0.0	0.0	0.0	0.0	0.0	0.0	0.0	0.0	4.0	0.0	0.0	0.0	0.0	0.0	33.0	0.0	0.0	0.0	8.0	0.0	0.0	0.0	0.0
ackA_335284.Pcryo_0217	0.0	0.0	0.0	0.0	6.0	0.0	0.0	0.0	0.0	0.0	0.0	0.0	0.0	0.0	0.0	0.0	0.0	0.0	0.0	0.0	0.0	0.0	0.0	0.0	0.0	0.0	0.0	0.0	0.0	0.0	0.0	0.0	0.0	0.0	0.0	0.0	0.0	0.0	0.0	4.0	0.0	21.0	0.0	0.0	0.0	0.0	0.0	0.0	2.0	0.0	0.0	0.0	0.0	0.0	0.0	0.0	0.0	0.0	0.0	498.0	0.0	0.0	0.0	0.0
ackA_WP_089554821.1	0.0	0.0	0.0	0.0	0.0	0.0	0.0	0.0	0.0	0.0	0.0	0.0	0.0	0.0	0.0	0.0	2.0	0.0	0.0	4.0	0.0	0.0	0.0	0.0	0.0	0.0	0.0	0.0	0.0	0.0	0.0	0.0	0.0	0.0	0.0	0.0	0.0	0.0	0.0	0.0	0.0	6.0	0.0	0.0	0.0	0.0	0.0	0.0	0.0	0.0	0.0	0.0	2.0	0.0	0.0	0.0	0.0	0.0	0.0	249.0	2.0	0.0	0.0	0.0
ackA_WP_058367960.1	0.0	0.0	0.0	0.0	2.0	0.0	0.0	0.0	0.0	0.0	0.0	0.0	0.0	0.0	0.0	0.0	2.0	0.0	0.0	8.0	0.0	0.0	0.0	0.0	0.0	0.0	0.0	0.0	0.0	0.0	0.0	0.0	0.0	0.0	0.0	0.0	0.0	0.0	0.0	8.0	0.0	43.0	0.0	0.0	0.0	0.0	0.0	0.0	0.0	0.0	0.0	0.0	0.0	0.0	0.0	0.0	0.0	0.0	2.0	955.0	0.0	0.0	0.0	0.0
ackA_WP_073123425.1	0.0	0.0	33.0	0.0	0.0	0.0	0.0	0.0	0.0	0.0	0.0	0.0	2.0	0.0	0.0	0.0	2.0	0.0	0.0	0.0	123.0	0.0	0.0	4.0	4.0	2.0	6.0	0.0	0.0	2.0	0.0	0.0	0.0	0.0	0.0	2.0	10.0	0.0	0.0	0.0	0.0	0.0	2.0	0.0	0.0	0.0	0.0	4.0	2.0	0.0	0.0	8.0	0.0	0.0	0.0	0.0	0.0	0.0	2.0	0.0	0.0	0.0	0.0	0.0
ackA_WP_072707438.1	0.0	0.0	0.0	0.0	0.0	0.0	0.0	0.0	0.0	0.0	0.0	0.0	0.0	0.0	0.0	0.0	0.0	0.0	0.0	0.0	76.0	0.0	0.0	0.0	0.0	0.0	2.0	0.0	0.0	0.0	0.0	0.0	8.0	0.0	0.0	0.0	0.0	0.0	0.0	0.0	0.0	0.0	0.0	0.0	0.0	0.0	0.0	0.0	0.0	0.0	0.0	0.0	0.0	0.0	0.0	0.0	0.0	0.0	0.0	0.0	0.0	0.0	0.0	0.0
ackA_2754.EH55_07285	2.0	0.0	0.0	0.0	0.0	0.0	0.0	0.0	0.0	0.0	0.0	0.0	0.0	0.0	0.0	0.0	0.0	0.0	0.0	0.0	4.0	0.0	0.0	0.0	0.0	0.0	0.0	0.0	0.0	0.0	0.0	0.0	0.0	0.0	0.0	0.0	0.0	0.0	0.0	0.0	0.0	0.0	0.0	17.0	0.0	0.0	58.0	12.0	0.0	0.0	0.0	0.0	0.0	0.0	0.0	0.0	0.0	0.0	0.0	0.0	0.0	0.0	0.0	0.0
ackA_WP_099624684.1	0.0	0.0	0.0	0.0	0.0	0.0	0.0	0.0	0.0	0.0	0.0	0.0	0.0	0.0	0.0	0.0	0.0	0.0	0.0	0.0	0.0	82.0	0.0	0.0	0.0	0.0	0.0	0.0	0.0	0.0	0.0	0.0	0.0	0.0	2.0	0.0	0.0	0.0	0.0	0.0	0.0	0.0	0.0	0.0	0.0	0.0	2.0	0.0	0.0	0.0	0.0	0.0	0.0	0.0	0.0	0.0	0.0	0.0	0.0	0.0	0.0	0.0	0.0	0.0
ackA_A0A564S1Q4	0.0	0.0	7010.0	0.0	0.0	0.0	3244.0	0.0	9.0	0.0	0.0	0.0	0.0	4.0	0.0	392.0	0.0	0.0	0.0	0.0	0.0	0.0	4.0	2402.0	0.0	0.0	0.0	4.0	0.0	0.0	170.0	0.0	0.0	0.0	0.0	4815.0	0.0	0.0	0.0	25.0	0.0	185.0	2678.0	0.0	2.0	1228.0	0.0	0.0	2830.0	0.0	3939.0	5194.0	0.0	0.0	0.0	0.0	0.0	233.0	0.0	0.0	0.0	0.0	172.0	0.0
ackA_A0A1Q3QGH1	2.0	0.0	0.0	0.0	0.0	56.0	0.0	0.0	0.0	0.0	0.0	0.0	0.0	0.0	0.0	0.0	2.0	0.0	0.0	0.0	0.0	0.0	0.0	0.0	0.0	586.0	0.0	0.0	0.0	0.0	0.0	0.0	0.0	4.0	0.0	0.0	0.0	0.0	0.0	0.0	0.0	0.0	0.0	0.0	0.0	0.0	0.0	0.0	0.0	0.0	0.0	0.0	2.0	0.0	64.0	0.0	0.0	0.0	0.0	0.0	0.0	0.0	0.0	0.0
ackA_WP_131170627.1	0.0	0.0	0.0	0.0	0.0	829.0	0.0	0.0	0.0	0.0	0.0	0.0	4.0	0.0	0.0	0.0	2.0	0.0	39.0	0.0	0.0	0.0	0.0	0.0	4.0	1092.0	0.0	0.0	0.0	69.0	0.0	4.0	8.0	1334.0	0.0	0.0	0.0	0.0	0.0	0.0	0.0	0.0	0.0	0.0	0.0	0.0	0.0	0.0	0.0	0.0	0.0	0.0	0.0	0.0	83.0	2.0	0.0	0.0	4.0	0.0	0.0	0.0	0.0	0.0
ackA_WP_062045416.1	0.0	0.0	0.0	0.0	0.0	42.0	0.0	0.0	0.0	0.0	0.0	0.0	0.0	0.0	0.0	0.0	0.0	0.0	0.0	0.0	0.0	0.0	0.0	0.0	0.0	4.0	0.0	0.0	0.0	10.0	0.0	0.0	0.0	8.0	0.0	0.0	0.0	0.0	0.0	0.0	0.0	0.0	0.0	0.0	0.0	0.0	0.0	0.0	0.0	0.0	0.0	0.0	0.0	0.0	0.0	0.0	0.0	0.0	0.0	0.0	0.0	0.0	0.0	0.0
ackA_A0A3D2HS08	0.0	0.0	0.0	0.0	0.0	65.0	0.0	0.0	0.0	0.0	0.0	0.0	0.0	0.0	0.0	0.0	0.0	0.0	0.0	0.0	0.0	0.0	0.0	0.0	0.0	2.0	0.0	0.0	0.0	0.0	0.0	0.0	0.0	0.0	0.0	0.0	0.0	0.0	0.0	0.0	0.0	0.0	0.0	0.0	0.0	0.0	0.0	0.0	0.0	0.0	0.0	0.0	0.0	0.0	4.0	0.0	0.0	0.0	0.0	0.0	0.0	0.0	0.0	0.0
ackA_521719.ATXQ01000014_gene167	2.0	0.0	0.0	0.0	0.0	0.0	0.0	0.0	0.0	0.0	2.0	0.0	0.0	0.0	0.0	0.0	2.0	0.0	0.0	0.0	0.0	0.0	2.0	0.0	0.0	0.0	0.0	3420.0	0.0	18.0	4.0	0.0	0.0	0.0	0.0	0.0	0.0	0.0	0.0	0.0	0.0	45.0	0.0	0.0	0.0	0.0	8.0	2.0	0.0	0.0	0.0	0.0	1681.0	0.0	31.0	0.0	0.0	0.0	0.0	0.0	8.0	0.0	0.0	0.0
ackA_1345023.M467_13760	0.0	0.0	4.0	0.0	0.0	0.0	0.0	0.0	0.0	0.0	0.0	0.0	0.0	0.0	0.0	0.0	2.0	0.0	0.0	0.0	0.0	0.0	0.0	0.0	0.0	0.0	2.0	0.0	0.0	25.0	0.0	0.0	0.0	0.0	0.0	0.0	0.0	2.0	90.0	0.0	0.0	0.0	0.0	0.0	0.0	0.0	0.0	0.0	0.0	0.0	0.0	0.0	0.0	0.0	0.0	0.0	0.0	0.0	0.0	0.0	0.0	0.0	0.0	0.0
ackA_WP_067721879.1	0.0	0.0	0.0	0.0	0.0	0.0	0.0	0.0	0.0	0.0	2.0	0.0	0.0	0.0	0.0	0.0	0.0	0.0	0.0	0.0	0.0	0.0	0.0	0.0	0.0	0.0	0.0	0.0	0.0	0.0	0.0	0.0	0.0	212.0	0.0	0.0	0.0	0.0	0.0	0.0	0.0	0.0	0.0	0.0	0.0	0.0	0.0	0.0	0.0	0.0	0.0	0.0	0.0	0.0	0.0	0.0	0.0	0.0	0.0	0.0	0.0	0.0	0.0	0.0
ackA_1511.CLOST_1354	0.0	0.0	0.0	2.0	0.0	2.0	0.0	0.0	0.0	0.0	2.0	0.0	0.0	0.0	0.0	0.0	0.0	0.0	0.0	0.0	0.0	0.0	0.0	0.0	0.0	0.0	0.0	0.0	0.0	0.0	0.0	0.0	0.0	105.0	0.0	0.0	0.0	0.0	0.0	0.0	0.0	0.0	0.0	0.0	0.0	0.0	0.0	0.0	0.0	0.0	0.0	4.0	0.0	0.0	0.0	0.0	0.0	0.0	0.0	0.0	0.0	0.0	0.0	0.0
ackA_220668.lp_2242	0.0	0.0	8.0	0.0	2.0	0.0	2.0	0.0	0.0	0.0	0.0	0.0	0.0	0.0	0.0	0.0	0.0	0.0	0.0	0.0	0.0	0.0	4.0	0.0	0.0	0.0	0.0	0.0	0.0	0.0	0.0	0.0	0.0	0.0	0.0	43.0	0.0	0.0	0.0	0.0	0.0	0.0	0.0	0.0	0.0	0.0	0.0	0.0	2.0	0.0	6.0	6.0	0.0	0.0	0.0	0.0	0.0	0.0	0.0	0.0	0.0	0.0	0.0	0.0
ackA_D7V885	0.0	0.0	6.0	0.0	0.0	0.0	0.0	0.0	0.0	0.0	0.0	0.0	0.0	0.0	0.0	0.0	2.0	0.0	0.0	0.0	0.0	0.0	0.0	0.0	0.0	0.0	0.0	0.0	0.0	0.0	0.0	0.0	0.0	0.0	0.0	116.0	0.0	0.0	0.0	0.0	0.0	0.0	0.0	0.0	0.0	0.0	0.0	0.0	15.0	0.0	15.0	8.0	0.0	0.0	0.0	0.0	0.0	0.0	0.0	0.0	0.0	0.0	0.0	0.0
ackA_1027292.HMPREF9372_3010	2.0	0.0	0.0	0.0	0.0	0.0	0.0	0.0	0.0	0.0	0.0	0.0	0.0	0.0	0.0	0.0	0.0	2.0	0.0	0.0	0.0	0.0	0.0	0.0	0.0	0.0	0.0	0.0	0.0	0.0	0.0	0.0	0.0	0.0	0.0	0.0	0.0	0.0	0.0	174.0	0.0	0.0	0.0	0.0	0.0	0.0	0.0	4.0	0.0	0.0	2.0	0.0	0.0	0.0	0.0	0.0	0.0	2.0	0.0	0.0	0.0	0.0	0.0	0.0
ackA_WP_085131222.1	0.0	0.0	0.0	0.0	0.0	0.0	0.0	0.0	0.0	0.0	0.0	0.0	2.0	0.0	0.0	0.0	2.0	0.0	0.0	0.0	0.0	0.0	0.0	0.0	0.0	0.0	0.0	0.0	0.0	0.0	0.0	0.0	0.0	0.0	0.0	0.0	0.0	2.0	0.0	0.0	0.0	0.0	0.0	0.0	0.0	0.0	0.0	0.0	0.0	0.0	197.0	0.0	0.0	0.0	0.0	0.0	0.0	0.0	2.0	0.0	0.0	0.0	0.0	0.0
ackA_A0A3D3KHL7	0.0	0.0	0.0	0.0	0.0	0.0	0.0	0.0	0.0	0.0	0.0	0.0	0.0	0.0	0.0	0.0	2.0	0.0	0.0	0.0	0.0	0.0	0.0	0.0	0.0	0.0	0.0	0.0	0.0	0.0	0.0	0.0	0.0	0.0	0.0	0.0	0.0	0.0	0.0	0.0	0.0	0.0	0.0	0.0	0.0	0.0	0.0	0.0	0.0	0.0	0.0	0.0	0.0	0.0	0.0	0.0	0.0	0.0	0.0	833.0	0.0	0.0	0.0	0.0
ackA_A0A3C1LKM3_m01	0.0	19.0	0.0	0.0	52.0	0.0	0.0	0.0	0.0	2.0	68.0	0.0	0.0	0.0	0.0	0.0	21.0	0.0	0.0	10.0	16.0	0.0	0.0	0.0	0.0	0.0	0.0	0.0	0.0	0.0	0.0	0.0	0.0	0.0	21.0	0.0	0.0	0.0	0.0	0.0	0.0	0.0	0.0	41.0	0.0	0.0	120.0	41.0	0.0	37.0	4.0	0.0	2.0	0.0	0.0	16.0	0.0	0.0	0.0	0.0	2.0	0.0	0.0	8.0
ackA_A0A353MND7_m01	6.0	4.0	59.0	86.0	0.0	0.0	20.0	110.0	37.0	8.0	0.0	0.0	0.0	241.0	443.0	76.0	0.0	161.0	0.0	0.0	0.0	508.0	35.0	45.0	0.0	0.0	0.0	35.0	678.0	172.0	24.0	862.0	0.0	0.0	0.0	69.0	321.0	259.0	0.0	29.0	0.0	49.0	0.0	10.0	464.0	155.0	12.0	12.0	4.0	4.0	14.0	14.0	8.0	0.0	0.0	16.0	286.0	49.0	125.0	20.0	8.0	172.0	25.0	4.0
ackA_A0A3C1Q603_m01	0.0	31.0	4.0	2.0	209.0	0.0	0.0	8.0	0.0	2.0	108.0	0.0	0.0	10.0	31.0	13.0	117.0	6.0	44.0	109.0	0.0	36.0	0.0	4.0	0.0	0.0	0.0	0.0	17.0	761.0	4.0	5735.0	0.0	0.0	100.0	4.0	10.0	1122.0	0.0	0.0	4.0	2.0	0.0	4.0	21.0	2.0	0.0	0.0	0.0	96.0	6.0	6.0	2.0	0.0	33.0	0.0	1456.0	8.0	932.0	0.0	21.0	17.0	17.0	60.0
ackA_A0A349HNB0_m01	0.0	4.0	19.0	0.0	0.0	2.0	29.0	0.0	4.0	16.0	0.0	103.0	4.0	4.0	0.0	19.0	0.0	8.0	53.0	4.0	4.0	4.0	8.0	2.0	45.0	19.0	21.0	8.0	8.0	53.0	6.0	47.0	19.0	0.0	4.0	16.0	4.0	49.0	8.0	4.0	10.0	8.0	8.0	6.0	4.0	25.0	8.0	18.0	0.0	8.0	4.0	19.0	16.0	103.0	214.0	18.0	14.0	19.0	245.0	2.0	0.0	2.0	0.0	0.0
ackA_A0A350BGH0_m01	4.0	0.0	12.0	200.0	13.0	0.0	10.0	135.0	6.0	15.0	8.0	8.0	0.0	331.0	601.0	19.0	8.0	268.0	50.0	0.0	0.0	2576.0	27.0	2.0	0.0	0.0	2.0	10.0	2509.0	225.0	19.0	1005.0	10.0	0.0	19.0	21.0	1777.0	329.0	0.0	2.0	4.0	42.0	0.0	17.0	655.0	19.0	17.0	10.0	12.0	15.0	4.0	33.0	12.0	6.0	15.0	6.0	333.0	17.0	385.0	13.0	0.0	1252.0	12.0	4.0
ackA_WP_133956771.1_m01	461.0	17.0	352.0	0.0	10.0	122.0	435.0	0.0	6.0	701.0	31.0	453.0	134.0	0.0	0.0	104.0	23.0	0.0	4.0	8.0	414.0	0.0	48.0	325.0	335.0	186.0	195.0	1326.0	0.0	41.0	87.0	23.0	288.0	33.0	15.0	652.0	0.0	8.0	255.0	29.0	244.0	99.0	153.0	1016.0	0.0	474.0	1287.0	522.0	192.0	27.0	412.0	492.0	1037.0	166.0	116.0	629.0	17.0	52.0	19.0	35.0	12.0	0.0	64.0	4.0
ackA_A0A1V5J374_m01	0.0	0.0	0.0	0.0	0.0	0.0	0.0	8.0	61.0	4.0	0.0	2.0	0.0	21.0	175.0	75.0	0.0	6.0	12.0	0.0	0.0	133.0	83.0	0.0	0.0	0.0	0.0	0.0	246.0	25.0	58.0	29.0	0.0	0.0	0.0	0.0	96.0	71.0	2.0	81.0	4.0	134.0	0.0	12.0	33.0	0.0	0.0	0.0	2.0	0.0	0.0	0.0	0.0	0.0	17.0	0.0	27.0	86.0	113.0	92.0	0.0	111.0	115.0	0.0
ackA_A0A353TED7_m01	0.0	12.0	4.0	4.0	0.0	29.0	4.0	0.0	0.0	8.0	4.0	2.0	8.0	6.0	14.0	0.0	2.0	4.0	2.0	0.0	4.0	6.0	4.0	0.0	4.0	640.0	0.0	0.0	16.0	0.0	0.0	0.0	0.0	10.0	21.0	8.0	14.0	0.0	0.0	0.0	0.0	0.0	8.0	4.0	6.0	17.0	4.0	12.0	4.0	0.0	0.0	4.0	10.0	0.0	23.0	4.0	0.0	0.0	0.0	0.0	0.0	8.0	2.0	4.0
ackA_WP_077448492.1_m01	0.0	445.0	0.0	52.0	2.0	0.0	4.0	0.0	74.0	0.0	2212.0	0.0	0.0	4.0	0.0	629.0	8.0	4.0	0.0	176.0	0.0	0.0	0.0	0.0	0.0	0.0	0.0	8.0	4.0	0.0	0.0	0.0	0.0	0.0	5670.0	6.0	23.0	0.0	0.0	188.0	0.0	2854.0	0.0	0.0	0.0	0.0	2970.0	954.0	0.0	2512.0	1898.0	0.0	0.0	0.0	0.0	250.0	0.0	466.0	0.0	43.0	2001.0	0.0	4.0	0.0
ackA_A0A425W813_m01	0.0	66.0	0.0	0.0	16.0	0.0	0.0	0.0	0.0	0.0	440.0	0.0	0.0	411.0	54.0	0.0	8.0	2.0	0.0	2.0	0.0	0.0	0.0	0.0	0.0	0.0	0.0	0.0	0.0	0.0	0.0	0.0	0.0	0.0	0.0	0.0	0.0	0.0	0.0	0.0	0.0	0.0	0.0	0.0	466.0	0.0	0.0	0.0	0.0	0.0	0.0	0.0	0.0	0.0	0.0	0.0	0.0	0.0	0.0	0.0	0.0	0.0	0.0	4.0
ackA_A0A2N3FUE5_m01	0.0	0.0	0.0	0.0	0.0	45.0	0.0	0.0	0.0	0.0	0.0	20.0	100.0	0.0	0.0	0.0	4.0	0.0	14.0	0.0	0.0	0.0	0.0	0.0	35.0	29.0	20.0	0.0	0.0	10.0	0.0	2.0	8.0	96.0	0.0	0.0	0.0	6.0	0.0	0.0	4.0	0.0	0.0	0.0	0.0	0.0	0.0	16.0	0.0	0.0	0.0	0.0	0.0	4.0	4.0	0.0	0.0	0.0	0.0	0.0	0.0	0.0	0.0	0.0
ackA_A0A1V6A3N9_m01	2.0	0.0	0.0	77.0	2.0	0.0	0.0	41.0	0.0	0.0	0.0	0.0	0.0	52.0	19.0	0.0	0.0	41.0	4.0	0.0	0.0	174.0	0.0	0.0	4.0	0.0	0.0	0.0	95.0	17.0	0.0	0.0	4.0	0.0	0.0	0.0	87.0	2.0	0.0	0.0	4.0	0.0	0.0	0.0	54.0	0.0	0.0	0.0	0.0	0.0	0.0	0.0	0.0	0.0	0.0	0.0	0.0	0.0	0.0	0.0	0.0	72.0	0.0	0.0
ackA_A0A1Q3QGH1_m01	0.0	0.0	0.0	0.0	0.0	25.0	0.0	0.0	0.0	0.0	0.0	0.0	0.0	0.0	0.0	0.0	0.0	0.0	0.0	0.0	0.0	0.0	0.0	0.0	0.0	349.0	0.0	0.0	0.0	0.0	0.0	0.0	0.0	0.0	0.0	0.0	0.0	0.0	0.0	0.0	0.0	0.0	0.0	0.0	0.0	0.0	0.0	0.0	0.0	0.0	0.0	0.0	0.0	0.0	25.0	0.0	0.0	0.0	0.0	0.0	0.0	0.0	0.0	0.0
ackA_A0A1V6C033_m01	103.0	0.0	94.0	0.0	0.0	4.0	29.0	0.0	21.0	65.0	0.0	575.0	430.0	0.0	0.0	113.0	4.0	0.0	2.0	0.0	54.0	0.0	21.0	36.0	386.0	8.0	396.0	189.0	0.0	0.0	61.0	4.0	6.0	0.0	0.0	130.0	0.0	10.0	126.0	15.0	11.0	40.0	11.0	180.0	0.0	40.0	451.0	635.0	29.0	0.0	29.0	86.0	162.0	75.0	105.0	76.0	4.0	69.0	17.0	13.0	0.0	0.0	44.0	0.0
ackA_A0A3C1LKM3_m02	58.0	0.0	0.0	0.0	0.0	0.0	0.0	0.0	0.0	409.0	0.0	0.0	0.0	0.0	2.0	0.0	0.0	0.0	0.0	0.0	39.0	0.0	0.0	0.0	0.0	0.0	0.0	23.0	0.0	0.0	0.0	0.0	0.0	0.0	0.0	0.0	0.0	0.0	262.0	0.0	0.0	0.0	0.0	318.0	0.0	0.0	103.0	29.0	0.0	0.0	0.0	0.0	50.0	0.0	0.0	17.0	0.0	0.0	0.0	0.0	0.0	0.0	0.0	0.0
ackA_A0A1V5YNI7_m01	0.0	0.0	33.0	4.0	4.0	0.0	10.0	25.0	6.0	4.0	6.0	0.0	0.0	8.0	21.0	16.0	0.0	4.0	0.0	16.0	0.0	33.0	4.0	17.0	0.0	0.0	0.0	4.0	83.0	0.0	8.0	0.0	6.0	0.0	4.0	0.0	33.0	0.0	0.0	6.0	35.0	4.0	0.0	16.0	35.0	25.0	21.0	4.0	0.0	0.0	6.0	33.0	0.0	0.0	0.0	0.0	0.0	14.0	0.0	6.0	0.0	17.0	8.0	0.0
ackA_A0A350Z6U3_m01	4.0	12.0	84.0	16.0	35.0	22.0	98.0	22.0	84.0	25.0	51.0	172.0	49.0	20.0	12.0	139.0	41.0	14.0	323.0	27.0	35.0	31.0	73.0	35.0	118.0	82.0	74.0	53.0	27.0	141.0	74.0	182.0	100.0	0.0	12.0	157.0	35.0	135.0	0.0	104.0	204.0	116.0	45.0	12.0	27.0	67.0	2.0	35.0	137.0	57.0	63.0	145.0	33.0	104.0	192.0	31.0	114.0	90.0	155.0	45.0	14.0	35.0	73.0	14.0
ackA_A0A3C0QDL4_m01	4.0	4.0	37.0	0.0	14.0	18.0	27.0	0.0	4.0	18.0	6.0	138.0	45.0	0.0	0.0	4.0	12.0	0.0	41.0	21.0	18.0	0.0	2.0	25.0	154.0	18.0	64.0	16.0	0.0	8.0	2.0	8.0	95.0	60.0	19.0	89.0	0.0	6.0	12.0	0.0	76.0	6.0	10.0	21.0	0.0	49.0	19.0	107.0	18.0	21.0	41.0	62.0	16.0	53.0	35.0	8.0	0.0	0.0	54.0	0.0	2.0	0.0	4.0	0.0
ackA_865861.AZSU01000003_gene1651_m01	0.0	2.0	459.0	14.0	6.0	0.0	451.0	88.0	0.0	0.0	2.0	0.0	4.0	342.0	27.0	0.0	2.0	480.0	0.0	0.0	0.0	261.0	0.0	51.0	0.0	0.0	0.0	0.0	729.0	0.0	0.0	0.0	0.0	0.0	2.0	222.0	342.0	0.0	0.0	0.0	0.0	0.0	132.0	0.0	144.0	206.0	0.0	0.0	130.0	0.0	16.0	274.0	0.0	0.0	0.0	0.0	0.0	0.0	0.0	0.0	0.0	480.0	0.0	0.0
ackA_WP_094900049.1_m01	0.0	0.0	0.0	0.0	0.0	0.0	0.0	0.0	0.0	0.0	8.0	0.0	0.0	0.0	0.0	0.0	0.0	2.0	0.0	593.0	0.0	2.0	0.0	0.0	0.0	0.0	0.0	2.0	10.0	0.0	0.0	6.0	0.0	0.0	0.0	0.0	0.0	0.0	0.0	0.0	0.0	0.0	0.0	0.0	2.0	0.0	0.0	0.0	0.0	0.0	0.0	0.0	0.0	0.0	0.0	0.0	0.0	0.0	0.0	0.0	0.0	6.0	0.0	0.0
ackA_WP_072972556.1_m01	0.0	0.0	0.0	0.0	0.0	0.0	0.0	0.0	0.0	0.0	0.0	0.0	348.0	0.0	0.0	0.0	0.0	0.0	47.0	12.0	0.0	0.0	4.0	0.0	18.0	8.0	64.0	4.0	0.0	2.0	0.0	101.0	371.0	0.0	0.0	0.0	0.0	4.0	0.0	0.0	0.0	0.0	0.0	0.0	0.0	0.0	0.0	0.0	16.0	0.0	0.0	0.0	0.0	0.0	6.0	0.0	0.0	0.0	0.0	0.0	0.0	0.0	0.0	0.0
ackA_A0A1Q3QGH1_m02	0.0	0.0	0.0	0.0	0.0	68.0	0.0	0.0	0.0	0.0	0.0	0.0	0.0	0.0	0.0	0.0	0.0	0.0	0.0	0.0	0.0	0.0	0.0	0.0	0.0	229.0	0.0	0.0	0.0	0.0	0.0	0.0	0.0	4.0	0.0	0.0	0.0	0.0	0.0	0.0	0.0	0.0	0.0	0.0	0.0	0.0	0.0	0.0	0.0	0.0	0.0	0.0	0.0	0.0	4.0	0.0	0.0	0.0	4.0	0.0	0.0	0.0	0.0	0.0
ackA_A0A2N3FUE5_m02	0.0	0.0	0.0	0.0	0.0	970.0	0.0	0.0	0.0	0.0	0.0	37.0	372.0	0.0	0.0	0.0	2.0	0.0	302.0	0.0	0.0	0.0	0.0	0.0	106.0	1250.0	114.0	0.0	0.0	535.0	0.0	27.0	27.0	1895.0	0.0	0.0	0.0	71.0	0.0	0.0	18.0	0.0	0.0	0.0	0.0	0.0	0.0	92.0	0.0	0.0	0.0	0.0	0.0	29.0	239.0	0.0	22.0	0.0	55.0	0.0	0.0	0.0	0.0	0.0
ackA_A0A1V6A3N9_m02	0.0	0.0	0.0	50.0	0.0	0.0	0.0	70.0	0.0	0.0	0.0	0.0	0.0	68.0	15.0	0.0	0.0	37.0	6.0	0.0	0.0	126.0	0.0	0.0	0.0	0.0	0.0	0.0	39.0	10.0	0.0	33.0	0.0	0.0	0.0	0.0	62.0	2.0	0.0	0.0	0.0	0.0	0.0	0.0	48.0	0.0	0.0	0.0	0.0	4.0	0.0	0.0	0.0	0.0	0.0	0.0	4.0	0.0	2.0	0.0	0.0	54.0	0.0	0.0
ackA_A0A350Z6U3_m02	4.0	0.0	0.0	0.0	0.0	0.0	4.0	0.0	4.0	20.0	0.0	2.0	8.0	0.0	0.0	4.0	2.0	0.0	12.0	0.0	8.0	6.0	14.0	0.0	0.0	6.0	2.0	10.0	2.0	0.0	2.0	2.0	2.0	0.0	4.0	4.0	0.0	8.0	0.0	10.0	2.0	4.0	0.0	12.0	0.0	0.0	4.0	0.0	2.0	0.0	0.0	0.0	8.0	0.0	27.0	16.0	0.0	6.0	0.0	0.0	0.0	0.0	8.0	0.0
ackA_A0A3C0QDL4_m02	97.0	93.0	488.0	0.0	64.0	0.0	476.0	0.0	18.0	189.0	140.0	1739.0	545.0	0.0	0.0	97.0	105.0	0.0	508.0	167.0	196.0	0.0	35.0	272.0	1641.0	8.0	1112.0	177.0	0.0	8.0	31.0	39.0	1494.0	0.0	165.0	790.0	0.0	58.0	78.0	37.0	1017.0	86.0	175.0	249.0	0.0	389.0	333.0	1544.0	233.0	331.0	469.0	488.0	167.0	856.0	459.0	148.0	72.0	74.0	552.0	19.0	39.0	0.0	27.0	51.0
ackA_865861.AZSU01000003_gene1651_m02	0.0	2.0	16.0	4.0	8.0	0.0	8.0	0.0	0.0	0.0	0.0	0.0	0.0	6.0	4.0	0.0	0.0	8.0	0.0	0.0	0.0	53.0	2.0	8.0	0.0	0.0	0.0	0.0	66.0	0.0	0.0	0.0	0.0	0.0	4.0	10.0	95.0	0.0	0.0	0.0	0.0	0.0	2.0	0.0	12.0	10.0	0.0	0.0	12.0	0.0	2.0	19.0	0.0	0.0	2.0	0.0	6.0	0.0	4.0	0.0	8.0	35.0	2.0	4.0
ackA_WP_094900049.1_m02	0.0	0.0	0.0	0.0	0.0	0.0	2.0	0.0	0.0	0.0	0.0	0.0	0.0	0.0	0.0	0.0	0.0	0.0	0.0	284.0	0.0	72.0	0.0	0.0	25.0	0.0	97.0	6.0	0.0	0.0	0.0	0.0	16.0	0.0	0.0	4.0	0.0	0.0	0.0	0.0	0.0	0.0	0.0	0.0	0.0	0.0	0.0	0.0	0.0	0.0	0.0	0.0	6.0	0.0	0.0	0.0	0.0	0.0	0.0	0.0	0.0	0.0	0.0	0.0
ackA_WP_072972556.1_m02	0.0	0.0	0.0	0.0	0.0	0.0	2.0	0.0	0.0	0.0	0.0	0.0	255.0	0.0	0.0	0.0	0.0	0.0	78.0	70.0	0.0	14.0	0.0	0.0	21.0	0.0	121.0	152.0	0.0	54.0	0.0	43.0	163.0	0.0	0.0	0.0	0.0	19.0	0.0	0.0	0.0	0.0	0.0	0.0	0.0	0.0	4.0	4.0	0.0	0.0	0.0	0.0	72.0	0.0	49.0	0.0	0.0	4.0	0.0	0.0	0.0	0.0	0.0	0.0
ackA_WP_091729471.1_m01	0.0	0.0	0.0	0.0	0.0	0.0	0.0	0.0	0.0	0.0	0.0	4.0	188.0	0.0	0.0	0.0	2.0	0.0	2.0	109.0	4.0	0.0	0.0	43.0	92.0	2.0	195.0	27.0	0.0	123.0	0.0	522.0	205.0	0.0	0.0	6.0	29.0	14.0	0.0	22.0	0.0	0.0	0.0	8.0	0.0	0.0	0.0	0.0	1212.0	0.0	0.0	0.0	55.0	0.0	104.0	0.0	2.0	33.0	0.0	0.0	0.0	0.0	0.0	0.0
ackA_WP_075728229.1_m01	0.0	0.0	0.0	0.0	0.0	0.0	0.0	0.0	0.0	0.0	0.0	0.0	76.0	0.0	0.0	0.0	0.0	0.0	0.0	16.0	0.0	894.0	0.0	0.0	0.0	0.0	10.0	2.0	0.0	4.0	0.0	8.0	12.0	0.0	0.0	0.0	0.0	0.0	0.0	0.0	0.0	0.0	0.0	0.0	0.0	0.0	0.0	0.0	0.0	0.0	0.0	0.0	0.0	0.0	4.0	0.0	0.0	0.0	0.0	0.0	0.0	0.0	0.0	0.0
ackA_A0A350BGH0_m02	0.0	4.0	4.0	125.0	48.0	0.0	10.0	223.0	12.0	0.0	13.0	4.0	0.0	377.0	1633.0	54.0	12.0	181.0	2.0	62.0	2.0	745.0	19.0	8.0	2.0	0.0	0.0	8.0	884.0	23.0	33.0	77.0	0.0	0.0	46.0	4.0	755.0	15.0	0.0	44.0	4.0	150.0	0.0	4.0	1125.0	8.0	2.0	0.0	4.0	8.0	0.0	2.0	0.0	0.0	0.0	0.0	39.0	40.0	10.0	17.0	0.0	379.0	54.0	8.0
ackA_A0A2N3FUE5_m03	0.0	0.0	0.0	0.0	0.0	251.0	0.0	0.0	0.0	0.0	0.0	6.0	8.0	0.0	0.0	0.0	2.0	2.0	69.0	0.0	0.0	0.0	0.0	0.0	6.0	272.0	6.0	0.0	0.0	29.0	0.0	12.0	6.0	235.0	0.0	0.0	0.0	16.0	0.0	0.0	2.0	0.0	0.0	0.0	0.0	0.0	0.0	2.0	0.0	0.0	0.0	0.0	0.0	6.0	51.0	0.0	2.0	0.0	4.0	0.0	0.0	0.0	4.0	0.0
ackA_A0A350Z6U3_m03	4.0	0.0	0.0	4.0	0.0	0.0	0.0	0.0	4.0	18.0	0.0	0.0	0.0	0.0	0.0	4.0	0.0	0.0	0.0	0.0	0.0	0.0	0.0	0.0	4.0	0.0	0.0	4.0	8.0	2.0	0.0	0.0	4.0	0.0	0.0	4.0	0.0	0.0	0.0	4.0	2.0	4.0	0.0	4.0	0.0	0.0	0.0	2.0	0.0	0.0	0.0	0.0	16.0	4.0	2.0	0.0	0.0	0.0	0.0	0.0	0.0	6.0	4.0	0.0
ackA_A0A3C0QDL4_m03	0.0	0.0	8.0	0.0	0.0	51.0	2.0	0.0	0.0	0.0	0.0	6.0	10.0	0.0	0.0	0.0	0.0	0.0	4.0	0.0	0.0	0.0	0.0	2.0	0.0	18.0	4.0	0.0	0.0	0.0	0.0	0.0	6.0	49.0	0.0	6.0	0.0	0.0	0.0	0.0	2.0	0.0	0.0	0.0	0.0	4.0	0.0	14.0	0.0	0.0	0.0	8.0	2.0	0.0	14.0	0.0	0.0	0.0	0.0	0.0	0.0	0.0	0.0	0.0
ackA_A0A2N3FUE5_m04	0.0	0.0	2.0	0.0	0.0	110.0	0.0	0.0	0.0	0.0	0.0	2.0	0.0	0.0	0.0	0.0	12.0	0.0	53.0	0.0	0.0	0.0	0.0	0.0	0.0	192.0	6.0	0.0	0.0	71.0	0.0	10.0	0.0	192.0	0.0	0.0	0.0	4.0	0.0	0.0	0.0	0.0	0.0	0.0	0.0	0.0	0.0	4.0	0.0	0.0	0.0	0.0	0.0	0.0	39.0	2.0	6.0	0.0	2.0	0.0	0.0	0.0	0.0	0.0
ackA_WP_072972556.1_m03	0.0	0.0	0.0	0.0	4.0	0.0	0.0	0.0	0.0	0.0	0.0	0.0	103.0	0.0	0.0	0.0	0.0	12.0	0.0	179.0	0.0	2.0	0.0	0.0	0.0	0.0	0.0	89.0	0.0	10.0	0.0	8.0	2.0	0.0	0.0	0.0	327.0	0.0	0.0	0.0	0.0	0.0	0.0	2.0	0.0	0.0	0.0	0.0	4.0	2.0	0.0	0.0	97.0	0.0	6.0	0.0	0.0	51.0	0.0	0.0	0.0	161.0	0.0	0.0
ackA_WP_075728229.1_m02	0.0	0.0	0.0	0.0	0.0	4.0	0.0	2.0	0.0	0.0	0.0	0.0	107.0	0.0	0.0	0.0	0.0	0.0	70.0	365.0	0.0	2.0	0.0	0.0	0.0	0.0	17.0	0.0	0.0	4.0	0.0	0.0	87.0	0.0	0.0	2.0	0.0	2314.0	0.0	0.0	0.0	0.0	0.0	0.0	0.0	0.0	0.0	0.0	47.0	0.0	0.0	0.0	0.0	0.0	10.0	0.0	175.0	0.0	4.0	0.0	0.0	0.0	0.0	0.0
ackA_521719.ATXQ01000014_gene167_m01	0.0	0.0	0.0	0.0	0.0	0.0	2.0	0.0	0.0	0.0	0.0	0.0	0.0	0.0	0.0	4.0	0.0	0.0	0.0	0.0	0.0	0.0	0.0	0.0	0.0	0.0	0.0	5290.0	0.0	58.0	2.0	0.0	0.0	0.0	0.0	0.0	0.0	0.0	4.0	0.0	0.0	2.0	0.0	0.0	0.0	0.0	0.0	0.0	0.0	0.0	0.0	0.0	10.0	0.0	2.0	0.0	0.0	0.0	0.0	0.0	347.0	0.0	0.0	0.0
ackA_A0A1V5J374_m05	0.0	0.0	0.0	2.0	0.0	0.0	0.0	2.0	0.0	0.0	0.0	69.0	4.0	4.0	12.0	0.0	0.0	4.0	8.0	0.0	0.0	44.0	0.0	0.0	94.0	15.0	8.0	2.0	75.0	15.0	0.0	0.0	46.0	0.0	0.0	0.0	12.0	4.0	0.0	0.0	35.0	0.0	4.0	0.0	0.0	0.0	4.0	19.0	0.0	0.0	0.0	0.0	0.0	56.0	69.0	0.0	4.0	0.0	12.0	0.0	0.0	23.0	0.0	0.0
ackA_A0A2N3FUE5_m05	0.0	0.0	0.0	0.0	0.0	141.0	0.0	0.0	0.0	0.0	0.0	0.0	0.0	0.0	0.0	0.0	0.0	0.0	65.0	0.0	0.0	0.0	0.0	0.0	0.0	192.0	0.0	0.0	0.0	82.0	0.0	12.0	0.0	294.0	0.0	0.0	0.0	16.0	0.0	0.0	4.0	0.0	0.0	0.0	0.0	0.0	0.0	0.0	0.0	0.0	0.0	0.0	0.0	0.0	55.0	0.0	14.0	0.0	10.0	0.0	0.0	0.0	0.0	0.0
ackA_A0A350Z6U3_m05	0.0	10.0	18.0	0.0	8.0	10.0	18.0	8.0	16.0	4.0	14.0	14.0	16.0	6.0	0.0	14.0	6.0	6.0	16.0	0.0	6.0	12.0	24.0	0.0	12.0	16.0	22.0	8.0	2.0	6.0	2.0	41.0	14.0	6.0	4.0	20.0	4.0	4.0	0.0	10.0	18.0	25.0	14.0	0.0	2.0	4.0	0.0	12.0	10.0	18.0	6.0	22.0	4.0	2.0	41.0	6.0	16.0	4.0	20.0	8.0	2.0	4.0	6.0	0.0
ackA_WP_091729471.1_m02	0.0	0.0	0.0	0.0	0.0	0.0	0.0	0.0	0.0	0.0	0.0	4.0	158.0	0.0	0.0	0.0	0.0	0.0	0.0	22.0	0.0	12.0	0.0	2.0	4.0	0.0	266.0	31.0	0.0	18.0	0.0	82.0	20.0	2.0	0.0	0.0	2.0	22.0	0.0	0.0	0.0	0.0	0.0	0.0	0.0	0.0	0.0	0.0	0.0	0.0	0.0	0.0	8.0	0.0	6.0	0.0	8.0	0.0	0.0	0.0	0.0	80.0	0.0	0.0
ackA_WP_075728229.1_m03	0.0	0.0	0.0	0.0	0.0	0.0	0.0	0.0	0.0	0.0	0.0	0.0	19.0	0.0	0.0	0.0	2.0	0.0	0.0	45.0	0.0	0.0	0.0	0.0	151.0	0.0	50.0	0.0	0.0	17.0	0.0	43.0	52.0	0.0	0.0	0.0	2.0	157.0	0.0	0.0	0.0	0.0	0.0	0.0	0.0	0.0	0.0	0.0	0.0	0.0	0.0	0.0	0.0	0.0	39.0	0.0	0.0	0.0	0.0	0.0	0.0	0.0	0.0	0.0
ackA_A0A350BGH0_m03	0.0	4.0	25.0	123.0	2.0	0.0	13.0	79.0	4.0	0.0	6.0	0.0	0.0	231.0	512.0	35.0	4.0	175.0	39.0	4.0	0.0	1875.0	21.0	0.0	8.0	0.0	0.0	4.0	1850.0	135.0	8.0	737.0	0.0	0.0	8.0	10.0	1227.0	166.0	0.0	2.0	12.0	56.0	4.0	12.0	620.0	8.0	0.0	0.0	13.0	0.0	0.0	4.0	6.0	0.0	8.0	2.0	177.0	19.0	314.0	15.0	0.0	911.0	8.0	0.0
ackA_WP_072972556.1_m04	0.0	0.0	0.0	0.0	2.0	0.0	0.0	0.0	0.0	0.0	0.0	0.0	27.0	0.0	0.0	0.0	0.0	4.0	0.0	23.0	2.0	8.0	0.0	0.0	0.0	0.0	4.0	2.0	0.0	27.0	0.0	10.0	0.0	0.0	0.0	0.0	393.0	0.0	0.0	0.0	0.0	0.0	0.0	0.0	0.0	0.0	0.0	0.0	0.0	0.0	0.0	0.0	10.0	0.0	10.0	4.0	0.0	43.0	0.0	0.0	0.0	148.0	0.0	0.0
ackA_WP_075728229.1_m04	0.0	0.0	0.0	0.0	0.0	0.0	0.0	0.0	0.0	0.0	0.0	0.0	76.0	0.0	0.0	0.0	0.0	0.0	0.0	45.0	0.0	0.0	0.0	0.0	0.0	0.0	0.0	19.0	0.0	8.0	0.0	19.0	0.0	0.0	0.0	4.0	0.0	0.0	0.0	0.0	0.0	0.0	0.0	0.0	2.0	0.0	0.0	0.0	12.0	0.0	0.0	0.0	2.0	0.0	35.0	0.0	0.0	0.0	0.0	0.0	0.0	0.0	0.0	0.0
ackA_A0A2N3FUE5_m07	2.0	0.0	0.0	0.0	0.0	153.0	0.0	0.0	0.0	0.0	0.0	24.0	123.0	0.0	0.0	0.0	0.0	2.0	94.0	0.0	0.0	0.0	0.0	0.0	47.0	186.0	65.0	0.0	0.0	143.0	0.0	0.0	18.0	374.0	0.0	0.0	0.0	10.0	0.0	0.0	12.0	0.0	0.0	0.0	0.0	0.0	0.0	45.0	0.0	0.0	0.0	0.0	0.0	27.0	37.0	0.0	0.0	0.0	14.0	0.0	0.0	0.0	0.0	0.0
ackA_A0A3C1LKM3_m03	0.0	0.0	0.0	0.0	0.0	0.0	0.0	4.0	0.0	27.0	0.0	0.0	0.0	0.0	0.0	0.0	0.0	0.0	0.0	0.0	33.0	0.0	0.0	2.0	0.0	0.0	0.0	8.0	0.0	0.0	0.0	0.0	0.0	0.0	0.0	0.0	0.0	0.0	17.0	0.0	0.0	0.0	0.0	76.0	0.0	0.0	91.0	37.0	0.0	0.0	0.0	0.0	4.0	0.0	0.0	16.0	0.0	0.0	0.0	0.0	0.0	0.0	0.0	0.0
ackA_A0A350Z6U3_m06	0.0	6.0	45.0	4.0	8.0	14.0	16.0	4.0	14.0	16.0	18.0	39.0	10.0	12.0	0.0	16.0	6.0	4.0	55.0	6.0	2.0	12.0	16.0	8.0	14.0	35.0	24.0	0.0	27.0	27.0	29.0	29.0	39.0	0.0	8.0	29.0	18.0	24.0	2.0	22.0	55.0	12.0	14.0	4.0	10.0	14.0	4.0	6.0	22.0	18.0	16.0	27.0	4.0	37.0	47.0	0.0	29.0	8.0	63.0	8.0	4.0	20.0	22.0	10.0
ackA_A0A3C0QDL4_m06	0.0	2.0	2.0	0.0	0.0	10.0	2.0	0.0	0.0	10.0	0.0	25.0	12.0	0.0	2.0	0.0	6.0	0.0	8.0	0.0	0.0	0.0	0.0	0.0	16.0	10.0	18.0	0.0	0.0	0.0	0.0	4.0	12.0	56.0	2.0	12.0	0.0	0.0	2.0	0.0	8.0	0.0	0.0	2.0	0.0	6.0	2.0	10.0	0.0	4.0	4.0	2.0	2.0	6.0	14.0	2.0	2.0	0.0	8.0	0.0	2.0	0.0	0.0	0.0
ackA_WP_091729471.1_m03	0.0	0.0	0.0	0.0	0.0	0.0	0.0	0.0	0.0	0.0	2.0	0.0	43.0	0.0	0.0	0.0	0.0	0.0	4.0	8.0	0.0	2.0	0.0	8.0	2.0	0.0	90.0	8.0	0.0	190.0	0.0	233.0	10.0	0.0	0.0	0.0	0.0	4.0	0.0	0.0	0.0	0.0	0.0	0.0	0.0	0.0	0.0	0.0	0.0	0.0	0.0	0.0	0.0	2.0	166.0	0.0	2.0	0.0	0.0	0.0	0.0	0.0	0.0	0.0
ackA_A0A350Z6U3_m07	0.0	2.0	2.0	0.0	0.0	6.0	2.0	2.0	0.0	0.0	2.0	20.0	10.0	0.0	0.0	6.0	0.0	2.0	25.0	0.0	0.0	4.0	2.0	0.0	8.0	18.0	0.0	0.0	0.0	14.0	2.0	14.0	12.0	4.0	0.0	4.0	4.0	8.0	0.0	6.0	4.0	10.0	0.0	0.0	0.0	6.0	0.0	2.0	2.0	0.0	4.0	8.0	0.0	4.0	29.0	0.0	12.0	0.0	6.0	2.0	0.0	0.0	6.0	0.0
ackA_A0A3C0QDL4_m07	54.0	25.0	284.0	0.0	35.0	356.0	284.0	0.0	10.0	154.0	66.0	1243.0	370.0	0.0	4.0	27.0	16.0	0.0	331.0	97.0	105.0	0.0	19.0	196.0	1173.0	257.0	774.0	78.0	0.0	31.0	18.0	56.0	883.0	128.0	97.0	461.0	0.0	60.0	88.0	23.0	593.0	39.0	86.0	121.0	0.0	247.0	167.0	1169.0	152.0	261.0	354.0	401.0	95.0	529.0	422.0	58.0	95.0	23.0	406.0	4.0	16.0	0.0	23.0	29.0
ackA_A0A350BGH0_m04	0.0	0.0	0.0	175.0	6.0	0.0	0.0	65.0	2.0	0.0	4.0	0.0	4.0	194.0	383.0	8.0	4.0	121.0	15.0	8.0	0.0	1953.0	4.0	0.0	6.0	0.0	4.0	2.0	2176.0	8.0	17.0	13.0	8.0	0.0	19.0	0.0	1136.0	0.0	0.0	2.0	17.0	4.0	0.0	0.0	372.0	0.0	0.0	0.0	19.0	2.0	0.0	0.0	0.0	19.0	4.0	0.0	6.0	8.0	35.0	4.0	0.0	955.0	6.0	2.0
ackA_WP_090846191.1_m01	118.0	2.0	0.0	0.0	0.0	0.0	0.0	0.0	0.0	253.0	4.0	0.0	0.0	0.0	2.0	0.0	4.0	0.0	0.0	0.0	107.0	0.0	0.0	0.0	0.0	0.0	0.0	57.0	0.0	0.0	0.0	0.0	0.0	0.0	0.0	0.0	0.0	0.0	194.0	0.0	0.0	0.0	0.0	83.0	0.0	0.0	190.0	77.0	0.0	0.0	0.0	0.0	24.0	0.0	0.0	30.0	0.0	0.0	0.0	0.0	0.0	0.0	0.0	4.0
ackA_A0A3C0QDL4_m08	4.0	2.0	29.0	0.0	8.0	14.0	16.0	0.0	0.0	14.0	8.0	82.0	23.0	0.0	0.0	0.0	8.0	0.0	12.0	4.0	4.0	0.0	2.0	16.0	47.0	4.0	31.0	6.0	0.0	0.0	0.0	0.0	43.0	14.0	0.0	60.0	0.0	4.0	2.0	2.0	33.0	2.0	16.0	12.0	0.0	18.0	10.0	53.0	10.0	12.0	14.0	19.0	4.0	27.0	6.0	2.0	4.0	0.0	23.0	0.0	0.0	0.0	0.0	0.0
ackA_865861.AZSU01000003_gene1651_m03	0.0	0.0	2.0	91.0	0.0	0.0	6.0	27.0	0.0	0.0	4.0	0.0	0.0	140.0	0.0	0.0	2.0	41.0	0.0	0.0	0.0	352.0	0.0	2.0	0.0	0.0	0.0	0.0	585.0	0.0	0.0	4.0	0.0	0.0	2.0	2.0	739.0	2.0	0.0	0.0	0.0	0.0	2.0	0.0	154.0	2.0	0.0	0.0	4.0	0.0	0.0	6.0	0.0	0.0	0.0	0.0	0.0	0.0	0.0	0.0	0.0	282.0	0.0	0.0
ackA_WP_072972556.1_m05	0.0	0.0	0.0	16.0	0.0	19.0	0.0	8.0	0.0	0.0	0.0	113.0	4.0	39.0	58.0	0.0	2.0	70.0	25.0	10.0	0.0	86.0	0.0	0.0	51.0	8.0	12.0	4.0	128.0	4.0	0.0	4.0	0.0	4.0	0.0	0.0	126.0	4.0	0.0	0.0	19.0	4.0	0.0	0.0	126.0	0.0	0.0	12.0	0.0	0.0	0.0	0.0	0.0	0.0	51.0	0.0	0.0	0.0	12.0	0.0	0.0	58.0	0.0	0.0
ackA_WP_072972556.1_m06	0.0	2.0	0.0	0.0	16.0	0.0	0.0	0.0	0.0	0.0	0.0	0.0	31.0	0.0	0.0	0.0	0.0	0.0	0.0	156.0	0.0	0.0	0.0	0.0	0.0	0.0	0.0	0.0	0.0	8.0	0.0	2.0	0.0	0.0	0.0	0.0	0.0	0.0	0.0	0.0	0.0	0.0	0.0	0.0	0.0	0.0	0.0	0.0	0.0	0.0	0.0	0.0	0.0	0.0	6.0	0.0	0.0	0.0	0.0	0.0	0.0	0.0	0.0	0.0
ackA_WP_075728229.1_m05	0.0	0.0	0.0	0.0	0.0	4.0	0.0	0.0	0.0	0.0	0.0	0.0	0.0	0.0	0.0	0.0	0.0	0.0	0.0	310.0	0.0	0.0	0.0	0.0	0.0	0.0	0.0	250.0	0.0	4.0	0.0	0.0	0.0	0.0	0.0	0.0	0.0	0.0	0.0	0.0	0.0	0.0	0.0	0.0	0.0	0.0	0.0	0.0	0.0	0.0	0.0	0.0	74.0	0.0	0.0	4.0	0.0	14.0	0.0	0.0	2.0	0.0	0.0	0.0
ackA_A0A350BGH0_m05	4.0	0.0	0.0	46.0	12.0	0.0	4.0	96.0	8.0	0.0	2.0	0.0	0.0	137.0	705.0	17.0	10.0	64.0	4.0	4.0	0.0	474.0	8.0	0.0	0.0	0.0	0.0	0.0	418.0	13.0	25.0	35.0	0.0	0.0	8.0	0.0	320.0	10.0	0.0	2.0	4.0	25.0	0.0	4.0	637.0	6.0	0.0	4.0	13.0	4.0	0.0	4.0	0.0	2.0	2.0	0.0	4.0	4.0	10.0	10.0	0.0	169.0	13.0	0.0
ackA_A0A350BGH0_m07	0.0	6.0	0.0	71.0	73.0	0.0	17.0	179.0	13.0	2.0	23.0	0.0	0.0	364.0	1631.0	114.0	23.0	221.0	0.0	33.0	0.0	693.0	65.0	12.0	0.0	0.0	0.0	2.0	872.0	12.0	104.0	50.0	0.0	0.0	44.0	0.0	643.0	15.0	0.0	33.0	4.0	129.0	0.0	4.0	1229.0	13.0	2.0	2.0	12.0	0.0	0.0	2.0	0.0	8.0	0.0	0.0	15.0	33.0	19.0	29.0	0.0	314.0	64.0	15.0
ackA_A0A1V6C033_m02	54.0	6.0	0.0	107.0	78.0	6.0	0.0	38.0	0.0	63.0	27.0	4.0	0.0	82.0	241.0	0.0	61.0	71.0	612.0	96.0	48.0	75.0	0.0	0.0	21.0	419.0	10.0	94.0	80.0	287.0	0.0	69.0	13.0	0.0	17.0	4.0	48.0	161.0	52.0	0.0	17.0	0.0	0.0	155.0	50.0	0.0	289.0	90.0	4.0	31.0	0.0	4.0	92.0	2.0	2294.0	61.0	54.0	0.0	508.0	0.0	0.0	57.0	0.0	31.0
ackA_A0A3C0QDL4_m09	4.0	4.0	33.0	0.0	6.0	6.0	47.0	0.0	0.0	14.0	23.0	109.0	45.0	0.0	0.0	2.0	10.0	0.0	19.0	4.0	18.0	0.0	4.0	14.0	128.0	0.0	107.0	6.0	0.0	6.0	0.0	4.0	93.0	0.0	6.0	66.0	0.0	10.0	6.0	0.0	43.0	2.0	8.0	14.0	0.0	31.0	14.0	111.0	12.0	16.0	33.0	35.0	10.0	51.0	16.0	16.0	6.0	0.0	31.0	0.0	6.0	0.0	0.0	0.0
ackA_WP_075728229.1_m06	0.0	0.0	0.0	0.0	0.0	0.0	0.0	0.0	0.0	0.0	0.0	0.0	29.0	0.0	0.0	0.0	2.0	0.0	0.0	0.0	0.0	0.0	0.0	0.0	126.0	0.0	41.0	4.0	0.0	25.0	0.0	43.0	80.0	0.0	0.0	0.0	0.0	159.0	0.0	0.0	0.0	0.0	0.0	0.0	0.0	0.0	0.0	0.0	0.0	0.0	0.0	0.0	0.0	0.0	29.0	0.0	4.0	0.0	0.0	0.0	0.0	0.0	0.0	0.0
ackA_A0A350BGH0_m08	0.0	0.0	4.0	46.0	0.0	0.0	4.0	58.0	10.0	0.0	4.0	0.0	0.0	94.0	119.0	15.0	0.0	62.0	25.0	6.0	0.0	730.0	2.0	0.0	6.0	0.0	0.0	0.0	809.0	44.0	0.0	349.0	0.0	0.0	0.0	15.0	593.0	131.0	0.0	17.0	0.0	21.0	2.0	4.0	204.0	10.0	0.0	0.0	4.0	0.0	8.0	15.0	4.0	8.0	8.0	4.0	83.0	21.0	119.0	4.0	0.0	325.0	15.0	0.0
ackA_335541.Swol_0768_m01	0.0	6.0	2.0	0.0	4.0	0.0	0.0	4.0	0.0	12.0	0.0	2.0	0.0	14.0	0.0	0.0	0.0	27.0	2.0	0.0	12.0	25.0	0.0	0.0	0.0	0.0	0.0	0.0	53.0	2.0	0.0	16.0	0.0	0.0	8.0	4.0	41.0	4.0	4.0	0.0	0.0	0.0	0.0	78.0	6.0	0.0	99.0	23.0	0.0	0.0	4.0	4.0	0.0	0.0	8.0	0.0	8.0	0.0	16.0	0.0	0.0	14.0	2.0	0.0
ackA_A0A3D1CVN1_m01	0.0	33.0	0.0	5579.0	10.0	2.0	0.0	3675.0	8.0	0.0	19.0	15.0	0.0	1498.0	352.0	2.0	17.0	5308.0	12.0	12.0	2.0	4366.0	6.0	2.0	27.0	2.0	14.0	0.0	4989.0	4.0	8.0	0.0	35.0	0.0	50.0	0.0	5747.0	0.0	0.0	6.0	37.0	6.0	0.0	0.0	1397.0	0.0	8.0	10.0	60.0	33.0	0.0	0.0	0.0	27.0	8.0	0.0	0.0	8.0	0.0	0.0	0.0	2078.0	4.0	4.0
ackA_WP_075728229.1_m07	0.0	0.0	0.0	0.0	0.0	0.0	0.0	0.0	0.0	0.0	0.0	0.0	10.0	0.0	0.0	0.0	2.0	0.0	0.0	613.0	0.0	14.0	0.0	0.0	0.0	0.0	0.0	0.0	6.0	10.0	0.0	0.0	0.0	0.0	4.0	0.0	0.0	0.0	0.0	0.0	0.0	0.0	2.0	0.0	0.0	0.0	0.0	0.0	0.0	0.0	0.0	0.0	0.0	0.0	0.0	0.0	0.0	0.0	0.0	0.0	0.0	0.0	0.0	0.0
ackA_WP_075728229.1_m08	2.0	0.0	0.0	0.0	0.0	0.0	0.0	0.0	0.0	0.0	0.0	0.0	12.0	0.0	0.0	0.0	2.0	0.0	6.0	70.0	0.0	0.0	0.0	0.0	0.0	0.0	0.0	0.0	0.0	0.0	0.0	2.0	16.0	0.0	0.0	0.0	0.0	318.0	0.0	0.0	0.0	0.0	0.0	0.0	0.0	0.0	0.0	0.0	0.0	0.0	0.0	0.0	0.0	0.0	0.0	0.0	27.0	60.0	0.0	0.0	0.0	0.0	0.0	0.0
ackA_A0A350BGH0_m10	2.0	0.0	0.0	37.0	6.0	0.0	0.0	19.0	0.0	0.0	0.0	0.0	0.0	37.0	79.0	12.0	2.0	37.0	0.0	0.0	0.0	248.0	8.0	0.0	0.0	0.0	0.0	0.0	275.0	0.0	6.0	8.0	0.0	0.0	0.0	0.0	139.0	4.0	0.0	4.0	0.0	17.0	0.0	0.0	104.0	0.0	0.0	0.0	8.0	0.0	0.0	0.0	0.0	0.0	0.0	0.0	0.0	0.0	0.0	0.0	0.0	146.0	12.0	0.0
ackA_A0A1V6C033_m03	0.0	0.0	0.0	0.0	0.0	2.0	0.0	0.0	0.0	0.0	0.0	235.0	830.0	0.0	0.0	0.0	2.0	0.0	0.0	0.0	0.0	0.0	0.0	0.0	92.0	17.0	443.0	0.0	0.0	0.0	0.0	0.0	6.0	0.0	0.0	0.0	0.0	4.0	0.0	0.0	0.0	0.0	0.0	0.0	0.0	0.0	0.0	810.0	0.0	0.0	0.0	0.0	4.0	15.0	11.0	0.0	0.0	0.0	0.0	0.0	0.0	0.0	0.0	0.0
ackA_WP_075728229.1_m09	2.0	0.0	2.0	0.0	0.0	0.0	0.0	0.0	0.0	0.0	0.0	0.0	31.0	0.0	0.0	0.0	0.0	0.0	0.0	359.0	0.0	0.0	0.0	0.0	0.0	0.0	8.0	0.0	0.0	0.0	0.0	0.0	0.0	0.0	0.0	0.0	0.0	0.0	0.0	0.0	0.0	0.0	0.0	0.0	0.0	0.0	0.0	0.0	2.0	0.0	0.0	0.0	0.0	0.0	10.0	0.0	0.0	0.0	0.0	0.0	0.0	0.0	0.0	0.0
ackA_WP_072972556.1_m07	0.0	0.0	0.0	4.0	0.0	2.0	0.0	2.0	0.0	0.0	0.0	18.0	29.0	14.0	12.0	2.0	0.0	12.0	4.0	107.0	0.0	8.0	0.0	0.0	8.0	6.0	2.0	0.0	37.0	8.0	0.0	49.0	4.0	0.0	0.0	0.0	35.0	6.0	0.0	0.0	0.0	0.0	0.0	0.0	31.0	0.0	0.0	2.0	0.0	0.0	0.0	0.0	0.0	0.0	8.0	0.0	4.0	0.0	4.0	0.0	0.0	4.0	0.0	0.0
ackA_WP_075728229.1_m10	0.0	2.0	0.0	0.0	0.0	0.0	0.0	0.0	0.0	0.0	0.0	0.0	4.0	0.0	0.0	0.0	0.0	0.0	0.0	4.0	0.0	0.0	0.0	0.0	99.0	0.0	25.0	0.0	0.0	25.0	0.0	43.0	43.0	0.0	0.0	0.0	0.0	140.0	0.0	0.0	0.0	0.0	0.0	0.0	0.0	0.0	0.0	0.0	2.0	0.0	0.0	0.0	0.0	0.0	17.0	0.0	0.0	58.0	0.0	0.0	0.0	0.0	0.0	0.0
ackA_A0A350BGH0_m11	0.0	0.0	13.0	12.0	8.0	0.0	2.0	17.0	23.0	0.0	0.0	0.0	0.0	29.0	44.0	39.0	2.0	19.0	12.0	0.0	0.0	243.0	17.0	0.0	0.0	0.0	0.0	0.0	198.0	6.0	12.0	89.0	4.0	0.0	2.0	0.0	194.0	35.0	0.0	12.0	4.0	50.0	0.0	0.0	65.0	0.0	0.0	0.0	2.0	0.0	0.0	0.0	0.0	0.0	2.0	2.0	19.0	15.0	8.0	10.0	0.0	121.0	17.0	0.0
ackA_A0A425VX59_m02	297.0	4.0	0.0	0.0	4.0	0.0	0.0	0.0	0.0	362.0	10.0	0.0	0.0	0.0	6.0	0.0	2.0	0.0	0.0	2.0	230.0	0.0	0.0	0.0	0.0	0.0	0.0	165.0	0.0	0.0	0.0	0.0	0.0	0.0	0.0	0.0	0.0	0.0	406.0	0.0	0.0	0.0	0.0	162.0	0.0	0.0	301.0	112.0	0.0	0.0	2.0	0.0	95.0	0.0	0.0	57.0	0.0	0.0	0.0	0.0	0.0	0.0	0.0	0.0
ackA_A0A2N3FUE5_m10	0.0	0.0	0.0	0.0	0.0	65.0	0.0	0.0	0.0	0.0	0.0	8.0	2.0	0.0	0.0	0.0	0.0	0.0	31.0	0.0	0.0	0.0	0.0	0.0	4.0	137.0	0.0	0.0	0.0	29.0	0.0	2.0	0.0	161.0	0.0	0.0	0.0	24.0	0.0	0.0	2.0	0.0	0.0	0.0	0.0	0.0	0.0	14.0	0.0	0.0	0.0	0.0	0.0	2.0	25.0	0.0	4.0	0.0	6.0	0.0	0.0	0.0	0.0	0.0
ackA_1209989.TepiRe1_1558_m01	0.0	2.0	10.0	6.0	10.0	0.0	25.0	4.0	8.0	4.0	4.0	8.0	0.0	12.0	0.0	15.0	0.0	15.0	2.0	0.0	0.0	27.0	4.0	6.0	4.0	0.0	0.0	14.0	10.0	0.0	14.0	2.0	2.0	0.0	29.0	77.0	14.0	0.0	0.0	10.0	21.0	31.0	4.0	14.0	12.0	12.0	6.0	2.0	23.0	12.0	41.0	25.0	4.0	6.0	0.0	4.0	4.0	31.0	17.0	4.0	0.0	35.0	17.0	0.0
ackA_WP_072972556.1_m08	0.0	0.0	0.0	0.0	0.0	0.0	0.0	0.0	0.0	0.0	0.0	0.0	45.0	0.0	0.0	0.0	0.0	0.0	12.0	158.0	0.0	4.0	0.0	0.0	6.0	0.0	14.0	6.0	0.0	4.0	0.0	56.0	58.0	0.0	0.0	0.0	0.0	0.0	0.0	0.0	0.0	0.0	0.0	0.0	0.0	0.0	0.0	0.0	0.0	0.0	0.0	0.0	0.0	0.0	14.0	0.0	0.0	0.0	0.0	0.0	0.0	0.0	0.0	0.0
ackA_A0A2N3FUE5_m11	0.0	2.0	0.0	0.0	0.0	200.0	0.0	0.0	0.0	2.0	0.0	165.0	741.0	0.0	0.0	0.0	0.0	0.0	80.0	2.0	0.0	0.0	0.0	0.0	308.0	267.0	192.0	0.0	0.0	98.0	0.0	6.0	155.0	470.0	0.0	0.0	0.0	4.0	0.0	0.0	25.0	0.0	0.0	0.0	0.0	0.0	0.0	204.0	0.0	0.0	0.0	0.0	0.0	73.0	35.0	0.0	10.0	0.0	8.0	0.0	0.0	0.0	0.0	0.0
ackA_WP_075728229.1_m11	0.0	0.0	0.0	0.0	0.0	0.0	0.0	0.0	0.0	0.0	0.0	0.0	12.0	0.0	0.0	0.0	2.0	0.0	0.0	149.0	0.0	0.0	0.0	0.0	0.0	0.0	0.0	0.0	0.0	4.0	0.0	0.0	8.0	0.0	0.0	0.0	0.0	225.0	0.0	0.0	0.0	0.0	0.0	0.0	0.0	0.0	0.0	0.0	4.0	0.0	0.0	0.0	0.0	0.0	0.0	0.0	23.0	0.0	0.0	0.0	0.0	0.0	0.0	0.0
ackA_WP_091729471.1_m04	0.0	0.0	0.0	0.0	0.0	0.0	0.0	0.0	0.0	0.0	2.0	2.0	33.0	0.0	0.0	0.0	2.0	0.0	4.0	4.0	0.0	27.0	0.0	2.0	4.0	0.0	35.0	0.0	0.0	88.0	0.0	195.0	2.0	4.0	2.0	0.0	4.0	33.0	0.0	0.0	0.0	0.0	0.0	0.0	0.0	0.0	0.0	0.0	2.0	0.0	0.0	0.0	0.0	0.0	57.0	0.0	65.0	0.0	0.0	0.0	0.0	127.0	0.0	0.0
ackA_A0A350BGH0_m12	0.0	0.0	2.0	17.0	0.0	0.0	0.0	8.0	4.0	0.0	0.0	0.0	0.0	44.0	13.0	4.0	0.0	29.0	15.0	0.0	0.0	206.0	0.0	0.0	0.0	4.0	0.0	0.0	146.0	23.0	6.0	73.0	0.0	0.0	4.0	0.0	133.0	48.0	0.0	0.0	0.0	33.0	0.0	0.0	48.0	0.0	0.0	0.0	2.0	4.0	0.0	0.0	0.0	0.0	2.0	0.0	19.0	4.0	31.0	4.0	0.0	112.0	4.0	0.0
ackA_WP_133956771.1_m02	33.0	0.0	17.0	0.0	0.0	4.0	15.0	0.0	0.0	50.0	0.0	77.0	48.0	0.0	0.0	2.0	4.0	0.0	0.0	0.0	19.0	0.0	4.0	4.0	60.0	23.0	70.0	72.0	0.0	0.0	0.0	0.0	4.0	0.0	0.0	4.0	0.0	0.0	33.0	0.0	0.0	4.0	4.0	50.0	0.0	14.0	72.0	135.0	0.0	0.0	4.0	8.0	54.0	6.0	15.0	19.0	0.0	0.0	2.0	0.0	0.0	0.0	4.0	0.0
ackA_WP_072972556.1_m10	0.0	0.0	0.0	0.0	0.0	0.0	0.0	0.0	0.0	0.0	0.0	0.0	72.0	0.0	0.0	0.0	0.0	0.0	8.0	18.0	0.0	0.0	0.0	0.0	4.0	0.0	21.0	152.0	0.0	0.0	0.0	14.0	60.0	0.0	0.0	0.0	0.0	0.0	0.0	0.0	0.0	0.0	0.0	0.0	0.0	0.0	0.0	0.0	202.0	0.0	0.0	0.0	0.0	0.0	4.0	0.0	0.0	0.0	0.0	0.0	0.0	0.0	0.0	0.0
ackA_WP_072972556.1_m12	0.0	0.0	0.0	0.0	0.0	0.0	0.0	0.0	0.0	0.0	0.0	0.0	12.0	0.0	0.0	0.0	0.0	0.0	4.0	41.0	0.0	0.0	0.0	0.0	2.0	0.0	6.0	0.0	0.0	8.0	0.0	140.0	4.0	0.0	0.0	0.0	0.0	0.0	0.0	0.0	0.0	0.0	0.0	0.0	0.0	0.0	0.0	0.0	4.0	0.0	0.0	0.0	0.0	0.0	4.0	0.0	0.0	0.0	0.0	0.0	0.0	0.0	0.0	2.0
ackA_A0A3D0YIJ9_m01	0.0	8.0	297.0	1781.0	6.0	0.0	35.0	1080.0	0.0	23.0	46.0	0.0	0.0	437.0	87.0	2.0	0.0	1604.0	0.0	0.0	8.0	1408.0	0.0	8.0	4.0	0.0	0.0	0.0	1619.0	0.0	0.0	0.0	25.0	0.0	10.0	21.0	1783.0	0.0	4.0	0.0	13.0	2.0	6.0	33.0	306.0	23.0	56.0	12.0	27.0	2.0	23.0	56.0	2.0	15.0	0.0	0.0	8.0	0.0	0.0	0.0	0.0	560.0	0.0	4.0
ackA_WP_072972556.1_m17	0.0	0.0	0.0	0.0	0.0	0.0	0.0	0.0	0.0	0.0	0.0	0.0	74.0	0.0	0.0	0.0	2.0	0.0	12.0	18.0	0.0	0.0	0.0	0.0	6.0	0.0	10.0	0.0	0.0	0.0	0.0	27.0	226.0	0.0	0.0	0.0	0.0	4.0	0.0	0.0	0.0	0.0	0.0	2.0	0.0	0.0	0.0	0.0	0.0	0.0	0.0	0.0	0.0	0.0	23.0	0.0	0.0	0.0	0.0	0.0	0.0	0.0	0.0	0.0
ackA_A0A3D0YIJ9_m02	0.0	0.0	383.0	0.0	17.0	0.0	39.0	0.0	31.0	15.0	6.0	0.0	0.0	0.0	0.0	52.0	0.0	0.0	0.0	2.0	33.0	0.0	50.0	15.0	0.0	0.0	0.0	0.0	0.0	0.0	29.0	0.0	0.0	0.0	6.0	42.0	0.0	0.0	25.0	15.0	0.0	42.0	12.0	44.0	0.0	19.0	85.0	27.0	6.0	8.0	31.0	71.0	6.0	0.0	0.0	0.0	0.0	6.0	0.0	13.0	0.0	0.0	79.0	0.0
