	ZB_1	ZB_2	ZB_3	ZB_4	ZB_5	ZB_6	ZB_7	ZB_8	ZB_9	ZB_10	ZB_11	ZB_12	ZB_13	ZB_14	ZB_15	ZB_16	ZB_17	ZB_18	ZB_19	ZB_20	ZB_21	ZB_22	ZB_23	ZB_24	ZB_25	ZB_26	ZB_27	ZB_28	ZB_29	ZB_30	ZB_31	ZB_32	ZB_33	ZB_34	ZB_35	ZB_36	ZB_37	ZB_38	ZB_39	ZB_40	ZB_41	ZB_42	ZB_43	ZB_44	ZB_45	ZB_46	ZB_47	ZB_48	ZB_49	ZB_50	ZB_51	ZB_52	ZB_53	ZB_54	ZB_55	ZB_56	ZB_57	ZB_58	ZB_59	ZB_60	ZB_61	ZB_62	ZB_63	ZB_64
acs_330506788	1074.0	0.0	20.0	0.0	0.0	867.0	12.0	0.0	0.0	2532.0	18.0	1540.0	846.0	0.0	0.0	0.0	10.0	0.0	664.0	0.0	1457.0	4.0	0.0	3.0	879.0	1170.0	763.0	2078.0	0.0	849.0	0.0	154.0	225.0	1163.0	5.0	43.0	1.0	60.0	1294.0	0.0	231.0	5.0	0.0	2576.0	0.0	1.0	4450.0	1812.0	10.0	0.0	10.0	23.0	2232.0	258.0	943.0	1879.0	70.0	0.0	275.0	0.0	0.0	2.0	2.0	0.0
acs_330508629	995.0	0.0	0.0	4.0	4.0	918.0	0.0	0.0	0.0	2122.0	5.0	1428.0	855.0	0.0	1.0	0.0	15.0	0.0	714.0	0.0	1331.0	0.0	0.0	0.0	785.0	1158.0	738.0	1789.0	0.0	914.0	1.0	117.0	205.0	1494.0	2.0	5.0	1.0	41.0	1153.0	0.0	226.0	6.0	0.0	2561.0	0.0	0.0	3928.0	1543.0	0.0	0.0	6.0	1.0	2084.0	259.0	876.0	1856.0	74.0	7.0	315.0	0.0	0.0	0.0	0.0	0.0
acs_330506785	1109.0	1.0	1.0	0.0	0.0	1074.0	2.0	0.0	0.0	2267.0	10.0	1460.0	837.0	0.0	0.0	1.0	6.0	0.0	668.0	0.0	1433.0	0.0	0.0	0.0	814.0	1263.0	899.0	1773.0	0.0	949.0	2.0	138.0	171.0	1758.0	3.0	0.0	0.0	69.0	1412.0	1.0	219.0	7.0	0.0	2476.0	0.0	0.0	4733.0	1905.0	0.0	0.0	1.0	0.0	2132.0	262.0	892.0	1858.0	73.0	1.0	272.0	0.0	0.0	0.0	0.0	0.0
acs_330506786	876.0	0.0	0.0	0.0	0.0	1466.0	0.0	0.0	0.0	2268.0	8.0	1398.0	741.0	0.0	0.0	1.0	12.0	0.0	710.0	0.0	1276.0	0.0	0.0	0.0	833.0	1324.0	760.0	1737.0	4.0	1217.0	5.0	139.0	180.0	2057.0	1.0	4.0	0.0	68.0	1117.0	1.0	218.0	12.0	0.0	2461.0	0.0	0.0	4256.0	1718.0	0.0	2.0	2.0	0.0	2059.0	209.0	962.0	1721.0	86.0	3.0	351.0	0.0	0.0	2.0	4.0	0.0
acs_330506787	1007.0	0.0	0.0	0.0	0.0	1657.0	0.0	0.0	1.0	2393.0	4.0	1609.0	872.0	0.0	0.0	2.0	8.0	0.0	768.0	0.0	1522.0	0.0	0.0	0.0	861.0	1444.0	821.0	1910.0	0.0	1319.0	0.0	139.0	229.0	2218.0	7.0	4.0	0.0	77.0	1043.0	0.0	246.0	2.0	0.0	2672.0	0.0	0.0	3995.0	1715.0	2.0	0.0	0.0	0.0	2247.0	251.0	1149.0	1899.0	66.0	4.0	286.0	0.0	0.0	2.0	1.0	0.0
acs_386001446	524.0	0.0	6129.0	0.0	1.0	0.0	5678.0	0.0	16.0	444.0	0.0	59.0	7.0	0.0	0.0	386.0	1.0	1.0	0.0	4.0	155.0	2.0	26.0	925.0	144.0	0.0	17.0	863.0	0.0	0.0	36.0	0.0	66.0	0.0	0.0	5775.0	0.0	0.0	275.0	35.0	94.0	423.0	567.0	220.0	0.0	1180.0	179.0	82.0	2788.0	0.0	2905.0	5910.0	448.0	56.0	0.0	477.0	0.0	97.0	0.0	14.0	0.0	0.0	63.0	0.0
acs_386001449	394.0	0.0	4695.0	0.0	0.0	0.0	4594.0	0.0	15.0	381.0	0.0	44.0	1.0	0.0	0.0	305.0	3.0	0.0	2.0	0.0	155.0	0.0	18.0	768.0	106.0	0.0	6.0	691.0	0.0	0.0	34.0	0.0	40.0	0.0	0.0	4604.0	0.0	0.0	131.0	34.0	64.0	359.0	547.0	204.0	2.0	925.0	125.0	35.0	2209.0	0.0	2297.0	4710.0	331.0	48.0	0.0	385.0	0.0	81.0	1.0	8.0	0.0	0.0	60.0	0.0
acs_386001448	305.0	0.0	4465.0	0.0	0.0	0.0	4053.0	0.0	25.0	333.0	2.0	31.0	2.0	0.0	2.0	251.0	2.0	0.0	0.0	0.0	153.0	0.0	25.0	674.0	100.0	0.0	13.0	542.0	0.0	0.0	24.0	0.0	46.0	0.0	2.0	3997.0	1.0	0.0	149.0	8.0	70.0	270.0	538.0	140.0	0.0	808.0	109.0	38.0	2136.0	0.0	2102.0	4241.0	329.0	48.0	0.0	302.0	0.0	77.0	0.0	7.0	0.0	0.0	37.0	0.0
acs_A0A3R7FTN0	18.0	0.0	0.0	4.0	0.0	44.0	0.0	0.0	2.0	21.0	2.0	21.0	6.0	0.0	2.0	0.0	2.0	1.0	15.0	0.0	0.0	0.0	0.0	0.0	40.0	81.0	23.0	11.0	0.0	10.0	0.0	2.0	36.0	127.0	0.0	0.0	0.0	2.0	13.0	0.0	6.0	0.0	0.0	0.0	0.0	0.0	0.0	0.0	0.0	0.0	0.0	0.0	13.0	9.0	14.0	6.0	0.0	0.0	0.0	0.0	0.0	0.0	0.0	0.0
acs_A0A540PD29	0.0	0.0	0.0	0.0	0.0	22.0	0.0	0.0	0.0	0.0	0.0	2.0	1.0	0.0	0.0	0.0	2.0	1.0	0.0	0.0	0.0	0.0	0.0	0.0	8.0	23.0	6.0	0.0	0.0	1.0	0.0	0.0	5.0	16.0	0.0	0.0	0.0	0.0	2.0	0.0	0.0	1.0	0.0	0.0	0.0	0.0	0.0	0.0	0.0	0.0	0.0	0.0	0.0	3.0	1.0	0.0	0.0	0.0	0.0	0.0	0.0	0.0	0.0	0.0
acs_A0A4P8HDU6	0.0	1.0	1.0	0.0	0.0	0.0	0.0	0.0	0.0	0.0	0.0	0.0	0.0	0.0	0.0	0.0	1.0	2.0	0.0	0.0	0.0	0.0	0.0	6.0	0.0	1.0	0.0	0.0	0.0	2.0	0.0	10.0	1.0	0.0	1.0	0.0	0.0	18.0	0.0	0.0	0.0	0.0	1.0	0.0	0.0	0.0	0.0	0.0	0.0	1.0	0.0	0.0	0.0	0.0	0.0	0.0	0.0	0.0	0.0	1.0	2.0	2.0	0.0	1.0
acs_A0A2L0R1V9	0.0	0.0	1.0	0.0	2.0	31.0	0.0	0.0	0.0	5.0	0.0	9.0	2.0	0.0	0.0	0.0	0.0	0.0	6.0	0.0	0.0	0.0	0.0	0.0	23.0	33.0	19.0	2.0	0.0	8.0	0.0	5.0	2.0	43.0	0.0	0.0	0.0	0.0	0.0	0.0	6.0	0.0	0.0	1.0	0.0	0.0	0.0	0.0	0.0	0.0	0.0	0.0	0.0	1.0	1.0	0.0	0.0	0.0	5.0	0.0	0.0	0.0	0.0	0.0
acs_1123034.JMKP01000019_gene2542	0.0	3829.0	0.0	9.0	0.0	0.0	0.0	0.0	0.0	0.0	1290.0	0.0	1.0	3.0	0.0	0.0	4.0	0.0	0.0	42.0	7.0	3.0	0.0	0.0	0.0	0.0	0.0	0.0	0.0	0.0	0.0	0.0	0.0	0.0	2271.0	0.0	0.0	0.0	0.0	0.0	0.0	0.0	0.0	0.0	0.0	0.0	1554.0	471.0	0.0	1092.0	0.0	0.0	0.0	0.0	2.0	43.0	0.0	1.0	1.0	0.0	744.0	0.0	0.0	0.0
acs_A0A2N6TZ94	72.0	4.0	0.0	0.0	0.0	502.0	1.0	0.0	0.0	83.0	2.0	115.0	39.0	0.0	0.0	0.0	0.0	0.0	84.0	1.0	6.0	0.0	0.0	0.0	368.0	634.0	259.0	18.0	0.0	68.0	0.0	16.0	209.0	907.0	0.0	2.0	0.0	10.0	57.0	0.0	54.0	0.0	0.0	0.0	0.0	0.0	2.0	24.0	0.0	0.0	0.0	0.0	54.0	92.0	86.0	28.0	5.0	0.0	13.0	0.0	0.0	0.0	0.0	0.0
acs_A0A2Z4VE46	0.0	2.0	0.0	0.0	0.0	0.0	0.0	0.0	0.0	0.0	668.0	0.0	0.0	0.0	0.0	0.0	2.0	0.0	0.0	0.0	0.0	0.0	0.0	0.0	0.0	3.0	1.0	0.0	0.0	1.0	0.0	0.0	0.0	1.0	21.0	0.0	0.0	0.0	0.0	0.0	0.0	0.0	0.0	0.0	0.0	0.0	0.0	0.0	0.0	125.0	0.0	0.0	0.0	0.0	0.0	0.0	0.0	0.0	1.0	0.0	1.0	0.0	0.0	0.0
acs_A0A1R4GUW2	0.0	62.0	0.0	9.0	0.0	0.0	0.0	0.0	1.0	0.0	589.0	0.0	0.0	0.0	0.0	0.0	2.0	0.0	0.0	50.0	1.0	0.0	0.0	0.0	0.0	0.0	0.0	2.0	0.0	0.0	0.0	0.0	0.0	0.0	1662.0	0.0	9.0	0.0	0.0	0.0	0.0	0.0	0.0	0.0	0.0	0.0	918.0	307.0	0.0	728.0	0.0	0.0	0.0	0.0	0.0	79.0	0.0	0.0	0.0	0.0	486.0	0.0	0.0	2.0
acs_A0A379LLC4	0.0	1355.0	0.0	17.0	0.0	0.0	0.0	0.0	0.0	0.0	1208.0	0.0	0.0	2.0	0.0	0.0	2.0	0.0	0.0	70.0	2.0	0.0	0.0	0.0	0.0	0.0	0.0	0.0	0.0	0.0	0.0	0.0	0.0	0.0	2580.0	0.0	0.0	0.0	0.0	0.0	0.0	0.0	0.0	0.0	0.0	0.0	1882.0	543.0	0.0	954.0	0.0	0.0	0.0	0.0	0.0	6.0	0.0	0.0	0.0	0.0	758.0	0.0	0.0	0.0
acs_A0A2N6PJT2	1.0	13.0	0.0	0.0	0.0	0.0	0.0	0.0	0.0	0.0	18.0	0.0	2.0	0.0	0.0	0.0	2.0	12.0	1.0	3.0	0.0	0.0	0.0	0.0	0.0	3.0	0.0	0.0	0.0	3.0	0.0	0.0	4.0	1.0	6.0	0.0	0.0	1.0	0.0	0.0	0.0	0.0	0.0	0.0	2.0	0.0	0.0	0.0	0.0	11.0	1.0	0.0	0.0	0.0	1.0	0.0	1.0	0.0	0.0	0.0	3.0	0.0	0.0	0.0
acs_gcr_GcLGCM259_0223	0.0	3.0	0.0	2.0	4.0	0.0	0.0	0.0	0.0	0.0	66.0	0.0	0.0	0.0	0.0	1.0	0.0	0.0	0.0	1.0	0.0	0.0	0.0	0.0	0.0	0.0	0.0	0.0	0.0	0.0	0.0	0.0	0.0	0.0	1.0	0.0	0.0	0.0	0.0	0.0	0.0	0.0	0.0	0.0	0.0	0.0	0.0	0.0	0.0	5.0	0.0	0.0	0.0	0.0	0.0	0.0	0.0	0.0	0.0	0.0	5.0	0.0	0.0	0.0
acs_WP_077448960.1	1.0	2200.0	0.0	196.0	70.0	0.0	0.0	0.0	5420.0	0.0	0.0	0.0	0.0	29.0	0.0	3411.0	5.0	62.0	0.0	57.0	0.0	40.0	0.0	0.0	0.0	0.0	2.0	33.0	0.0	1.0	0.0	0.0	0.0	0.0	1911.0	9.0	1688.0	0.0	20.0	2796.0	0.0	8617.0	1.0	0.0	6.0	0.0	0.0	0.0	23.0	13.0	5376.0	0.0	677.0	0.0	0.0	143.0	0.0	1776.0	0.0	1371.0	22.0	0.0	0.0	0.0
acs_1077144.AGFF01000007_gene1765	0.0	163.0	1.0	0.0	26.0	0.0	0.0	0.0	0.0	0.0	33.0	0.0	0.0	0.0	0.0	0.0	4.0	1.0	0.0	36.0	0.0	0.0	0.0	0.0	0.0	0.0	1.0	0.0	0.0	0.0	0.0	0.0	0.0	0.0	19.0	1.0	0.0	0.0	0.0	0.0	0.0	0.0	0.0	0.0	0.0	0.0	0.0	0.0	1.0	15.0	0.0	0.0	0.0	1.0	0.0	0.0	0.0	0.0	1.0	0.0	10.0	0.0	0.0	2.0
acs_349106.PsycPRwf_0302	0.0	895.0	0.0	71.0	43.0	0.0	0.0	0.0	2683.0	0.0	54.0	0.0	0.0	10.0	0.0	544.0	0.0	35.0	1.0	32.0	0.0	9.0	0.0	0.0	0.0	0.0	0.0	3.0	0.0	0.0	0.0	0.0	0.0	1.0	838.0	4.0	629.0	0.0	6.0	384.0	0.0	1916.0	0.0	0.0	2.0	0.0	0.0	0.0	15.0	23.0	1371.0	1.0	189.0	0.0	2.0	41.0	0.0	699.0	0.0	693.0	5.0	0.0	0.0	0.0
acs_A0A2L2LZK1	0.0	2.0	6.0	0.0	0.0	0.0	22.0	0.0	0.0	0.0	53.0	0.0	0.0	2.0	0.0	0.0	0.0	0.0	0.0	0.0	0.0	0.0	0.0	2.0	0.0	0.0	0.0	0.0	0.0	0.0	0.0	0.0	0.0	0.0	35.0	0.0	0.0	0.0	0.0	0.0	0.0	0.0	0.0	0.0	0.0	0.0	2.0	0.0	0.0	39.0	1.0	4.0	0.0	0.0	0.0	0.0	0.0	0.0	0.0	0.0	6.0	0.0	0.0	0.0
acs_1055815.AYYA01000006_gene1982	0.0	14.0	0.0	59.0	6.0	0.0	0.0	0.0	0.0	0.0	0.0	0.0	1685.0	4.0	5.0	0.0	0.0	2.0	2.0	14.0	0.0	613.0	0.0	19392.0	0.0	3.0	0.0	3.0	8.0	1009.0	11.0	548.0	2.0	0.0	72.0	0.0	65.0	4.0	0.0	96.0	0.0	4.0	0.0	0.0	0.0	20.0	0.0	10.0	6.0	0.0	12397.0	2.0	1.0	0.0	24.0	260.0	0.0	22.0	0.0	56.0	0.0	583.0	0.0	0.0
acs_gcr_GcLGCM259_2237	0.0	16.0	0.0	0.0	4.0	0.0	0.0	0.0	0.0	0.0	66.0	0.0	0.0	0.0	0.0	0.0	6.0	0.0	1.0	5.0	0.0	0.0	0.0	0.0	0.0	0.0	0.0	0.0	0.0	0.0	0.0	0.0	0.0	0.0	1.0	0.0	0.0	0.0	0.0	0.0	0.0	0.0	0.0	0.0	0.0	0.0	0.0	0.0	0.0	12.0	0.0	0.0	0.0	0.0	0.0	0.0	0.0	0.0	0.0	0.0	6.0	0.0	0.0	0.0
acs_69279.BG36_18870_m08	1.0	1.0	0.0	0.0	0.0	1.0	0.0	0.0	0.0	0.0	1.0	0.0	0.0	0.0	0.0	0.0	1.0	0.0	1.0	0.0	0.0	0.0	0.0	0.0	0.0	2.0	0.0	0.0	0.0	0.0	0.0	0.0	1.0	2.0	0.0	0.0	0.0	0.0	0.0	0.0	0.0	0.0	0.0	0.0	0.0	0.0	0.0	0.0	0.0	0.0	0.0	0.0	0.0	0.0	1.0	0.0	0.0	0.0	0.0	0.0	0.0	0.0	0.0	0.0
acs_69279.BG36_18870	0.0	27.0	3.0	0.0	167.0	98.0	8.0	0.0	2.0	0.0	34.0	9.0	32.0	0.0	1.0	0.0	38.0	0.0	87.0	18.0	0.0	0.0	5.0	0.0	17.0	167.0	11.0	0.0	0.0	156.0	5.0	14.0	17.0	196.0	16.0	0.0	0.0	29.0	3.0	1.0	5.0	0.0	0.0	0.0	0.0	0.0	0.0	14.0	0.0	13.0	1.0	1.0	0.0	5.0	45.0	2.0	10.0	1.0	11.0	0.0	3.0	0.0	2.0	31.0
acs_WP_073062986.1	0.0	6.0	0.0	0.0	17.0	55.0	8.0	0.0	0.0	0.0	5.0	4.0	16.0	0.0	0.0	1.0	5.0	0.0	53.0	5.0	0.0	0.0	1.0	0.0	3.0	71.0	4.0	0.0	0.0	92.0	1.0	3.0	4.0	107.0	2.0	0.0	0.0	12.0	0.0	0.0	2.0	0.0	0.0	0.0	1.0	0.0	0.0	3.0	0.0	2.0	1.0	5.0	0.0	2.0	23.0	0.0	5.0	0.0	3.0	0.0	1.0	1.0	0.0	6.0
acs_WP_141380122.1	0.0	0.0	0.0	0.0	4.0	12.0	0.0	2.0	0.0	0.0	1.0	0.0	3.0	0.0	0.0	0.0	1.0	0.0	6.0	0.0	0.0	0.0	0.0	0.0	3.0	22.0	1.0	0.0	0.0	45.0	0.0	7.0	2.0	20.0	0.0	0.0	1.0	11.0	0.0	0.0	2.0	0.0	0.0	0.0	0.0	0.0	0.0	0.0	0.0	0.0	1.0	0.0	0.0	0.0	3.0	0.0	0.0	0.0	0.0	0.0	0.0	0.0	0.0	1.0
acs_1002339.HMPREF9373_1016	0.0	153.0	0.0	4.0	10.0	0.0	0.0	0.0	431.0	0.0	0.0	0.0	0.0	0.0	0.0	623.0	1.0	0.0	0.0	4.0	0.0	15.0	0.0	0.0	0.0	0.0	0.0	0.0	0.0	0.0	0.0	0.0	0.0	0.0	156.0	6.0	204.0	0.0	4.0	74.0	0.0	2594.0	0.0	1.0	0.0	0.0	0.0	0.0	0.0	3.0	1731.0	0.0	227.0	0.0	0.0	6.0	0.0	258.0	1.0	141.0	10.0	0.0	0.0	0.0
acs_arl_AFL94_01315	0.0	12.0	0.0	0.0	112.0	0.0	0.0	0.0	0.0	0.0	1.0	0.0	0.0	0.0	0.0	0.0	25.0	0.0	0.0	22.0	0.0	0.0	0.0	0.0	0.0	0.0	0.0	0.0	0.0	0.0	0.0	0.0	0.0	0.0	0.0	0.0	0.0	0.0	0.0	0.0	0.0	0.0	0.0	0.0	0.0	0.0	0.0	0.0	2.0	2.0	0.0	0.0	0.0	0.0	0.0	0.0	0.0	0.0	0.0	0.0	0.0	0.0	0.0	14.0
acs_A0A2N2J934	0.0	0.0	0.0	0.0	1.0	94.0	0.0	0.0	0.0	0.0	0.0	5.0	2.0	0.0	0.0	0.0	0.0	0.0	7.0	0.0	0.0	0.0	0.0	0.0	4.0	31.0	6.0	0.0	0.0	136.0	0.0	5.0	2.0	69.0	0.0	0.0	0.0	0.0	0.0	0.0	2.0	0.0	0.0	0.0	1.0	0.0	1.0	10.0	0.0	0.0	0.0	0.0	0.0	6.0	23.0	0.0	2.0	0.0	3.0	0.0	1.0	0.0	0.0	0.0
acs_A0A2N2GD63	0.0	0.0	0.0	0.0	0.0	222.0	0.0	0.0	0.0	0.0	0.0	12.0	14.0	0.0	0.0	0.0	0.0	0.0	21.0	0.0	0.0	0.0	0.0	0.0	4.0	103.0	0.0	0.0	0.0	272.0	0.0	15.0	0.0	124.0	0.0	0.0	0.0	0.0	0.0	0.0	3.0	0.0	0.0	0.0	0.0	0.0	0.0	18.0	0.0	0.0	0.0	0.0	0.0	4.0	35.0	0.0	12.0	0.0	15.0	0.0	0.0	0.0	0.0	0.0
acs_A0A2G5P925	0.0	0.0	1.0	0.0	0.0	13.0	0.0	0.0	0.0	0.0	0.0	0.0	5.0	0.0	0.0	0.0	0.0	1.0	14.0	0.0	0.0	0.0	0.0	1.0	4.0	16.0	2.0	0.0	0.0	29.0	0.0	0.0	1.0	24.0	0.0	2.0	0.0	10.0	2.0	0.0	0.0	0.0	0.0	0.0	0.0	0.0	0.0	0.0	1.0	0.0	0.0	0.0	0.0	0.0	11.0	0.0	6.0	0.0	3.0	0.0	4.0	0.0	0.0	0.0
acs_1429916.X566_12365	0.0	0.0	2.0	1.0	0.0	48.0	0.0	0.0	0.0	0.0	0.0	5.0	8.0	0.0	0.0	0.0	1.0	0.0	17.0	0.0	0.0	0.0	0.0	0.0	5.0	36.0	1.0	0.0	0.0	44.0	0.0	3.0	0.0	55.0	0.0	0.0	0.0	10.0	0.0	0.0	0.0	1.0	0.0	0.0	0.0	0.0	0.0	1.0	0.0	0.0	0.0	0.0	0.0	1.0	22.0	0.0	0.0	0.0	3.0	0.0	0.0	0.0	0.0	0.0
acs_A0A2N2IQ47	1.0	0.0	0.0	0.0	0.0	163.0	0.0	0.0	0.0	0.0	0.0	20.0	154.0	0.0	0.0	1.0	1.0	0.0	27.0	0.0	0.0	0.0	0.0	0.0	7.0	92.0	10.0	0.0	0.0	328.0	0.0	6.0	4.0	174.0	0.0	0.0	0.0	3.0	0.0	0.0	1.0	0.0	0.0	0.0	0.0	0.0	0.0	43.0	0.0	0.0	0.0	0.0	0.0	7.0	16.0	0.0	0.0	0.0	6.0	0.0	0.0	0.0	0.0	0.0
acs_134098939	0.0	0.0	0.0	0.0	0.0	22.0	0.0	0.0	1.0	0.0	3.0	0.0	5.0	0.0	0.0	0.0	1.0	0.0	4.0	0.0	0.0	0.0	0.0	0.0	2.0	29.0	6.0	0.0	0.0	13.0	0.0	0.0	0.0	74.0	0.0	0.0	0.0	2.0	0.0	0.0	0.0	0.0	0.0	0.0	0.0	0.0	0.0	1.0	0.0	0.0	0.0	0.0	0.0	0.0	2.0	0.0	3.0	0.0	0.0	0.0	0.0	0.0	0.0	0.0
acs_doa_AXF15_09390	11.0	8.0	300.0	0.0	13.0	0.0	87.0	0.0	12.0	1.0	12.0	9.0	0.0	4.0	0.0	18.0	0.0	6.0	0.0	16.0	0.0	0.0	28.0	116.0	64.0	0.0	0.0	1.0	0.0	0.0	2.0	0.0	56.0	0.0	14.0	248.0	0.0	0.0	4.0	12.0	15.0	36.0	42.0	2.0	0.0	288.0	3.0	2.0	173.0	23.0	138.0	219.0	2.0	85.0	0.0	5.0	0.0	4.0	0.0	0.0	2.0	0.0	19.0	2.0
acs_A0A2U1ZUW3	14.0	1.0	1.0	3.0	0.0	341.0	0.0	0.0	0.0	8.0	0.0	88.0	23.0	0.0	0.0	0.0	1.0	1.0	21.0	0.0	0.0	0.0	0.0	0.0	197.0	363.0	115.0	5.0	0.0	32.0	0.0	7.0	143.0	518.0	0.0	1.0	0.0	4.0	7.0	0.0	25.0	0.0	0.0	4.0	0.0	0.0	0.0	8.0	1.0	0.0	0.0	1.0	11.0	36.0	31.0	4.0	7.0	0.0	2.0	0.0	0.0	0.0	0.0	0.0
acs_WP_127357519.1	4.0	0.0	0.0	0.0	0.0	49.0	1.0	0.0	0.0	0.0	2.0	8.0	9.0	0.0	0.0	0.0	2.0	0.0	17.0	0.0	0.0	0.0	0.0	0.0	38.0	49.0	28.0	2.0	0.0	12.0	0.0	4.0	18.0	122.0	0.0	0.0	0.0	4.0	0.0	0.0	2.0	0.0	0.0	0.0	0.0	0.0	0.0	3.0	0.0	0.0	0.0	0.0	0.0	6.0	11.0	0.0	0.0	0.0	3.0	0.0	0.0	0.0	0.0	0.0
acs_67281.JNZZ01000008_gene5816	1.0	0.0	0.0	0.0	0.0	40.0	2.0	0.0	0.0	1.0	0.0	6.0	1.0	0.0	0.0	0.0	1.0	0.0	15.0	0.0	0.0	0.0	0.0	2.0	31.0	58.0	25.0	0.0	0.0	13.0	0.0	3.0	17.0	97.0	0.0	1.0	0.0	3.0	0.0	0.0	5.0	0.0	2.0	0.0	0.0	0.0	0.0	2.0	1.0	0.0	0.0	0.0	0.0	3.0	6.0	0.0	1.0	0.0	0.0	0.0	0.0	0.0	0.0	0.0
acs_A0A2N2I2G2	0.0	0.0	0.0	0.0	0.0	293.0	0.0	0.0	0.0	0.0	0.0	4.0	33.0	0.0	0.0	0.0	1.0	0.0	52.0	0.0	0.0	0.0	0.0	0.0	4.0	121.0	11.0	0.0	0.0	392.0	0.0	17.0	2.0	212.0	0.0	0.0	0.0	11.0	0.0	0.0	0.0	0.0	0.0	0.0	0.0	0.0	0.0	28.0	0.0	0.0	0.0	0.0	0.0	6.0	69.0	0.0	8.0	0.0	14.0	0.0	0.0	0.0	0.0	0.0
acs_WP_114794641.1	0.0	0.0	0.0	0.0	1.0	28.0	0.0	0.0	0.0	0.0	0.0	46.0	148.0	0.0	0.0	0.0	1.0	0.0	26.0	0.0	0.0	2.0	0.0	0.0	122.0	43.0	69.0	0.0	0.0	39.0	0.0	4.0	92.0	51.0	0.0	0.0	0.0	14.0	0.0	0.0	15.0	0.0	0.0	0.0	0.0	0.0	0.0	29.0	0.0	0.0	0.0	0.0	0.0	25.0	19.0	0.0	3.0	0.0	3.0	0.0	0.0	0.0	0.0	1.0
acs_WP_127512917.1	39.0	0.0	0.0	0.0	0.0	463.0	0.0	0.0	0.0	59.0	1.0	158.0	38.0	0.0	0.0	0.0	0.0	0.0	75.0	0.0	6.0	0.0	0.0	0.0	396.0	616.0	222.0	34.0	0.0	50.0	0.0	12.0	243.0	921.0	0.0	0.0	0.0	20.0	40.0	0.0	49.0	0.0	0.0	3.0	0.0	1.0	2.0	32.0	0.0	0.0	0.0	0.0	52.0	71.0	82.0	24.0	10.0	0.0	8.0	0.0	0.0	0.0	0.0	0.0
acs_A0A2I0ENX5	1.0	24.0	0.0	675.0	18.0	0.0	0.0	0.0	0.0	0.0	0.0	0.0	20.0	0.0	0.0	0.0	4.0	6.0	0.0	60.0	0.0	167.0	0.0	1484.0	0.0	3.0	9.0	53.0	13.0	233.0	2.0	57.0	0.0	0.0	79.0	0.0	36.0	0.0	0.0	13.0	0.0	4.0	0.0	0.0	0.0	4.0	0.0	0.0	3.0	0.0	981.0	0.0	0.0	2.0	2.0	1032.0	0.0	18.0	1.0	230.0	56.0	38.0	0.0	0.0
acs_116748191	0.0	0.0	0.0	0.0	0.0	16.0	0.0	0.0	0.0	0.0	0.0	0.0	17.0	0.0	0.0	0.0	1.0	0.0	2.0	0.0	0.0	0.0	0.0	0.0	13.0	8.0	3.0	0.0	0.0	12.0	0.0	2.0	2.0	5.0	0.0	0.0	0.0	0.0	0.0	0.0	0.0	0.0	0.0	0.0	0.0	0.0	0.0	9.0	0.0	0.0	0.0	0.0	0.0	8.0	2.0	0.0	0.0	0.0	0.0	0.0	0.0	0.0	0.0	0.0
acs_A0A553XZK8	0.0	48.0	0.0	208.0	18.0	0.0	0.0	0.0	2.0	0.0	0.0	0.0	5249.0	2.0	0.0	0.0	0.0	6.0	0.0	46.0	0.0	189.0	0.0	24652.0	0.0	9.0	2.0	3.0	67.0	2071.0	22.0	1504.0	0.0	0.0	227.0	4.0	86.0	15.0	0.0	186.0	4.0	5.0	0.0	0.0	0.0	32.0	0.0	0.0	3.0	5.0	13749.0	6.0	4.0	0.0	61.0	681.0	0.0	15.0	0.0	113.0	0.0	63.0	0.0	0.0
acs_259536.Psyc_0899	0.0	18.0	0.0	0.0	3.0	0.0	0.0	0.0	0.0	0.0	0.0	1.0	0.0	0.0	1.0	14.0	1.0	1.0	0.0	17.0	0.0	3.0	0.0	0.0	0.0	0.0	1.0	1.0	2.0	0.0	0.0	0.0	0.0	0.0	1.0	0.0	1.0	0.0	0.0	0.0	0.0	52.0	0.0	0.0	0.0	3.0	0.0	0.0	0.0	1.0	0.0	0.0	0.0	1.0	0.0	0.0	0.0	901.0	0.0	0.0	0.0	1.0	0.0	0.0
acs_A0A3D4KFL9	0.0	2.0	0.0	4755.0	4.0	0.0	0.0	0.0	0.0	0.0	0.0	0.0	38.0	0.0	0.0	0.0	2.0	45.0	0.0	13.0	0.0	854.0	0.0	58.0	0.0	11.0	68.0	0.0	5.0	783.0	0.0	22.0	0.0	0.0	209.0	0.0	315.0	0.0	0.0	21.0	0.0	10.0	0.0	0.0	0.0	0.0	0.0	0.0	2.0	4.0	4.0	7.0	0.0	1.0	0.0	1786.0	0.0	66.0	1.0	245.0	0.0	12.0	0.0	0.0
acs_afq_AFA_12960	0.0	2.0	0.0	0.0	8.0	0.0	20.0	0.0	0.0	0.0	0.0	0.0	105.0	0.0	0.0	0.0	5.0	0.0	0.0	8.0	0.0	0.0	0.0	0.0	0.0	0.0	0.0	2.0	0.0	0.0	0.0	0.0	0.0	1.0	0.0	0.0	0.0	0.0	2.0	0.0	2.0	0.0	0.0	0.0	0.0	1.0	0.0	2.0	0.0	0.0	0.0	20.0	0.0	0.0	0.0	0.0	0.0	0.0	0.0	0.0	0.0	0.0	0.0	0.0
acs_318996.AXAZ01000050_gene3844	0.0	0.0	0.0	0.0	0.0	19.0	0.0	1.0	0.0	0.0	0.0	0.0	5.0	0.0	0.0	0.0	2.0	0.0	15.0	0.0	0.0	0.0	0.0	0.0	3.0	20.0	4.0	0.0	0.0	26.0	0.0	0.0	2.0	33.0	0.0	0.0	0.0	0.0	0.0	0.0	0.0	0.0	0.0	0.0	0.0	0.0	0.0	0.0	0.0	0.0	0.0	0.0	0.0	1.0	3.0	0.0	0.0	0.0	2.0	2.0	0.0	0.0	0.0	0.0
acs_WP_149490475.1	2.0	72.0	0.0	0.0	60.0	0.0	0.0	0.0	0.0	0.0	0.0	0.0	0.0	0.0	0.0	0.0	7.0	0.0	2.0	216.0	0.0	2.0	0.0	0.0	0.0	0.0	0.0	818.0	0.0	0.0	0.0	0.0	0.0	0.0	295.0	73.0	0.0	0.0	1.0	0.0	0.0	0.0	0.0	0.0	0.0	0.0	0.0	0.0	21577.0	6.0	344.0	3.0	0.0	2.0	0.0	3380.0	0.0	0.0	0.0	809.0	191.0	2.0	0.0	0.0
acs_A0A3D2IY01	0.0	0.0	0.0	0.0	0.0	0.0	0.0	0.0	0.0	0.0	0.0	0.0	16.0	0.0	0.0	0.0	1.0	0.0	0.0	0.0	0.0	0.0	0.0	0.0	0.0	0.0	0.0	0.0	0.0	0.0	0.0	0.0	0.0	0.0	0.0	0.0	0.0	0.0	0.0	0.0	0.0	0.0	0.0	0.0	0.0	0.0	0.0	0.0	33.0	0.0	0.0	1.0	0.0	0.0	0.0	0.0	0.0	0.0	0.0	484.0	0.0	0.0	0.0	0.0
acs_A0A3D4WFP4	0.0	0.0	0.0	0.0	0.0	0.0	0.0	0.0	0.0	0.0	0.0	0.0	55.0	0.0	0.0	1.0	1.0	1.0	0.0	0.0	0.0	0.0	0.0	0.0	0.0	2.0	0.0	0.0	0.0	0.0	0.0	0.0	0.0	0.0	0.0	0.0	0.0	0.0	0.0	0.0	0.0	0.0	0.0	0.0	0.0	0.0	1.0	1.0	41.0	0.0	0.0	0.0	0.0	0.0	0.0	0.0	0.0	0.0	1.0	129.0	0.0	0.0	0.0	0.0
acs_909663.KI867150_gene2573	0.0	0.0	0.0	0.0	0.0	44.0	0.0	0.0	0.0	0.0	0.0	0.0	5.0	0.0	0.0	0.0	1.0	0.0	8.0	0.0	0.0	0.0	0.0	0.0	2.0	33.0	4.0	0.0	0.0	30.0	0.0	0.0	0.0	41.0	0.0	0.0	0.0	0.0	0.0	0.0	0.0	0.0	0.0	0.0	0.0	0.0	0.0	5.0	0.0	0.0	0.0	0.0	0.0	0.0	12.0	0.0	0.0	0.0	2.0	0.0	0.0	0.0	0.0	0.0
acs_WP_147705892.1	0.0	0.0	0.0	0.0	1.0	30.0	0.0	0.0	0.0	0.0	0.0	0.0	6.0	0.0	0.0	0.0	1.0	0.0	16.0	0.0	0.0	0.0	0.0	0.0	3.0	60.0	0.0	0.0	0.0	42.0	0.0	0.0	0.0	80.0	0.0	0.0	0.0	6.0	0.0	0.0	2.0	0.0	0.0	0.0	0.0	0.0	0.0	2.0	0.0	1.0	0.0	0.0	0.0	0.0	13.0	0.0	0.0	0.0	0.0	0.0	0.0	0.0	0.0	0.0
acs_1298608.JCM18900_12185	0.0	4.0	0.0	0.0	6.0	0.0	0.0	0.0	0.0	0.0	0.0	0.0	0.0	0.0	0.0	10.0	0.0	0.0	0.0	3.0	0.0	4.0	0.0	0.0	0.0	0.0	0.0	0.0	0.0	1.0	0.0	0.0	0.0	0.0	63.0	0.0	0.0	0.0	0.0	0.0	0.0	34.0	0.0	0.0	0.0	0.0	0.0	0.0	0.0	0.0	0.0	0.0	0.0	0.0	0.0	0.0	0.0	670.0	0.0	15.0	7.0	0.0	0.0	0.0
acs_A0A3A0EGD6	0.0	1.0	0.0	0.0	0.0	40.0	0.0	0.0	0.0	0.0	0.0	0.0	5.0	0.0	0.0	1.0	0.0	1.0	22.0	0.0	0.0	0.0	0.0	0.0	1.0	89.0	0.0	0.0	0.0	65.0	0.0	2.0	0.0	116.0	0.0	0.0	0.0	6.0	0.0	0.0	0.0	0.0	0.0	0.0	0.0	0.0	0.0	0.0	0.0	0.0	0.0	0.0	0.0	0.0	44.0	0.0	2.0	0.0	4.0	0.0	0.0	0.0	0.0	0.0
acs_A0A3D2A7L9	0.0	4.0	0.0	0.0	3.0	0.0	0.0	0.0	0.0	0.0	0.0	1.0	0.0	0.0	0.0	64.0	1.0	0.0	0.0	1.0	0.0	4.0	0.0	0.0	0.0	0.0	0.0	0.0	0.0	0.0	0.0	0.0	0.0	0.0	0.0	0.0	0.0	0.0	0.0	0.0	0.0	107.0	0.0	0.0	0.0	0.0	2.0	0.0	0.0	0.0	0.0	0.0	0.0	0.0	0.0	0.0	0.0	2452.0	0.0	0.0	0.0	0.0	0.0	0.0
acs_arl_AFL94_12845	0.0	10.0	0.0	1.0	103.0	1.0	0.0	0.0	0.0	0.0	2.0	0.0	0.0	0.0	0.0	0.0	19.0	0.0	1.0	20.0	0.0	0.0	0.0	0.0	0.0	2.0	0.0	0.0	0.0	0.0	0.0	0.0	0.0	1.0	1.0	0.0	0.0	2.0	0.0	0.0	0.0	0.0	0.0	0.0	0.0	0.0	0.0	0.0	0.0	0.0	0.0	0.0	0.0	0.0	0.0	0.0	0.0	0.0	0.0	0.0	0.0	0.0	0.0	9.0
acs_A0A4R0XWL6	0.0	0.0	0.0	0.0	0.0	0.0	0.0	0.0	0.0	0.0	0.0	0.0	0.0	0.0	0.0	0.0	0.0	0.0	0.0	0.0	0.0	0.0	0.0	0.0	0.0	0.0	0.0	0.0	0.0	0.0	0.0	0.0	0.0	60.0	0.0	0.0	0.0	0.0	0.0	0.0	0.0	0.0	0.0	0.0	0.0	0.0	0.0	0.0	0.0	0.0	0.0	0.0	0.0	0.0	0.0	0.0	0.0	0.0	0.0	0.0	0.0	0.0	0.0	0.0
acs_189753.AXAS01000001_gene3735	2.0	2.0	0.0	0.0	0.0	13.0	0.0	0.0	0.0	0.0	0.0	1.0	9.0	0.0	0.0	0.0	2.0	0.0	21.0	0.0	0.0	0.0	0.0	0.0	2.0	28.0	1.0	0.0	0.0	28.0	0.0	3.0	2.0	33.0	0.0	0.0	0.0	5.0	0.0	0.0	0.0	0.0	0.0	0.0	0.0	0.0	0.0	0.0	0.0	0.0	0.0	0.0	0.0	1.0	9.0	0.0	0.0	0.0	9.0	0.0	0.0	0.0	0.0	0.0
acs_1055815.AYYA01000050_gene2560	329.0	15.0	0.0	0.0	9.0	0.0	0.0	0.0	0.0	161.0	0.0	0.0	0.0	0.0	0.0	0.0	7.0	0.0	0.0	29.0	112.0	0.0	0.0	0.0	0.0	0.0	0.0	291.0	0.0	1.0	0.0	0.0	0.0	0.0	36.0	3.0	0.0	0.0	120.0	0.0	0.0	0.0	0.0	78.0	0.0	0.0	154.0	44.0	9.0	3.0	1.0	0.0	98.0	4.0	0.0	945.0	0.0	0.0	0.0	307.0	24.0	0.0	0.0	0.0
acs_WP_067725484.1	0.0	0.0	0.0	0.0	0.0	0.0	0.0	0.0	0.0	0.0	1.0	0.0	0.0	0.0	0.0	0.0	0.0	0.0	0.0	0.0	1.0	0.0	0.0	0.0	0.0	0.0	0.0	0.0	0.0	1.0	0.0	0.0	0.0	170.0	0.0	0.0	0.0	0.0	0.0	0.0	1.0	0.0	0.0	0.0	0.0	0.0	0.0	0.0	0.0	0.0	0.0	0.0	0.0	0.0	0.0	0.0	0.0	0.0	1.0	0.0	0.0	0.0	0.0	0.0
acs_1354303.M917_2853	0.0	0.0	0.0	0.0	0.0	0.0	0.0	0.0	0.0	0.0	0.0	0.0	0.0	0.0	0.0	0.0	0.0	0.0	0.0	0.0	0.0	0.0	0.0	0.0	0.0	0.0	0.0	0.0	0.0	0.0	0.0	0.0	0.0	0.0	0.0	0.0	0.0	0.0	0.0	1.0	0.0	0.0	0.0	0.0	0.0	0.0	0.0	0.0	0.0	0.0	0.0	0.0	0.0	0.0	0.0	3.0	0.0	0.0	0.0	273.0	0.0	0.0	0.0	0.0
acs_330506788_m01	0.0	11.0	0.0	21.0	24.0	1.0	0.0	38.0	1550.0	0.0	23.0	0.0	1.0	41.0	298.0	6171.0	7.0	65.0	3.0	2.0	0.0	59.0	2710.0	0.0	2.0	0.0	0.0	14.0	65.0	0.0	2743.0	0.0	2.0	1.0	1.0	0.0	122.0	0.0	1.0	2438.0	168.0	5170.0	0.0	0.0	69.0	0.0	0.0	1.0	0.0	38.0	0.0	0.0	1.0	0.0	0.0	1.0	0.0	2479.0	0.0	1134.0	10.0	17.0	4473.0	2.0
acs_330506785_m01	1.0	11.0	0.0	26.0	11.0	10.0	4.0	71.0	1597.0	0.0	21.0	0.0	1.0	39.0	364.0	6277.0	10.0	61.0	0.0	0.0	0.0	69.0	2739.0	1.0	0.0	4.0	1.0	37.0	77.0	0.0	2793.0	0.0	0.0	5.0	1.0	0.0	116.0	0.0	0.0	2761.0	180.0	5239.0	0.0	0.0	91.0	0.0	2.0	0.0	0.0	67.0	0.0	0.0	0.0	0.0	0.0	1.0	0.0	2547.0	0.0	1017.0	3.0	17.0	5039.0	2.0
acs_330506786_m01	0.0	23.0	0.0	24.0	22.0	95.0	2.0	54.0	1680.0	0.0	6.0	1.0	2.0	59.0	310.0	6348.0	11.0	65.0	6.0	3.0	1.0	56.0	2763.0	0.0	1.0	50.0	0.0	36.0	68.0	69.0	2887.0	0.0	1.0	115.0	2.0	1.0	141.0	0.0	0.0	2742.0	180.0	5307.0	0.0	0.0	77.0	3.0	1.0	2.0	0.0	58.0	0.0	0.0	0.0	0.0	14.0	2.0	0.0	2826.0	1.0	1035.0	1.0	23.0	4899.0	0.0
acs_386001446_m01	253.0	0.0	3642.0	0.0	0.0	0.0	3179.0	0.0	11.0	269.0	0.0	28.0	2.0	0.0	0.0	213.0	0.0	0.0	0.0	0.0	94.0	0.0	30.0	457.0	80.0	0.0	8.0	471.0	0.0	0.0	23.0	0.0	38.0	0.0	0.0	3036.0	0.0	0.0	143.0	16.0	54.0	229.0	390.0	111.0	0.0	616.0	74.0	19.0	1645.0	0.0	1664.0	3361.0	278.0	35.0	0.0	234.0	0.0	56.0	0.0	8.0	0.0	0.0	46.0	0.0
acs_386001449_m01	343.0	0.0	3139.0	0.0	0.0	0.0	3071.0	0.0	4.0	332.0	1.0	27.0	0.0	0.0	0.0	177.0	0.0	0.0	0.0	0.0	127.0	2.0	7.0	517.0	85.0	0.0	1.0	508.0	0.0	0.0	11.0	0.0	57.0	0.0	1.0	3023.0	0.0	0.0	103.0	16.0	49.0	238.0	327.0	136.0	0.0	636.0	81.0	24.0	1536.0	0.0	1591.0	3051.0	275.0	32.0	0.0	284.0	0.0	67.0	0.0	3.0	0.0	0.0	45.0	0.0
acs_386001448_m01	85.0	0.0	57.0	2.0	0.0	0.0	56.0	0.0	0.0	135.0	1.0	2.0	0.0	0.0	0.0	1.0	0.0	0.0	0.0	0.0	100.0	0.0	2.0	1.0	0.0	0.0	0.0	137.0	0.0	0.0	0.0	0.0	2.0	0.0	0.0	86.0	0.0	0.0	120.0	0.0	0.0	6.0	8.0	129.0	0.0	8.0	61.0	23.0	40.0	0.0	34.0	70.0	93.0	0.0	2.0	121.0	0.0	4.0	1.0	0.0	0.0	0.0	0.0	0.0
acs_1123034.JMKP01000019_gene2542_m01	0.0	5197.0	0.0	6.0	0.0	0.0	0.0	0.0	0.0	0.0	888.0	0.0	0.0	0.0	0.0	0.0	3.0	0.0	0.0	34.0	2.0	2.0	0.0	0.0	0.0	0.0	0.0	0.0	0.0	0.0	0.0	0.0	0.0	0.0	959.0	0.0	0.0	0.0	0.0	0.0	0.0	0.0	0.0	0.0	0.0	0.0	692.0	223.0	0.0	433.0	0.0	0.0	0.0	0.0	0.0	0.0	0.0	2.0	0.0	0.0	322.0	0.0	0.0	0.0
acs_A0A1R4GUW2_m01	0.0	71.0	0.0	8.0	0.0	0.0	0.0	0.0	0.0	0.0	300.0	0.0	0.0	0.0	0.0	0.0	1.0	0.0	0.0	0.0	0.0	0.0	0.0	0.0	0.0	0.0	0.0	0.0	0.0	0.0	0.0	0.0	0.0	0.0	191.0	0.0	24.0	0.0	0.0	0.0	0.0	0.0	0.0	0.0	0.0	0.0	0.0	0.0	0.0	378.0	0.0	0.0	0.0	0.0	2.0	24.0	0.0	0.0	0.0	0.0	54.0	0.0	0.0	0.0
acs_A0A379LLC4_m01	0.0	6173.0	0.0	0.0	1.0	0.0	0.0	0.0	0.0	0.0	653.0	0.0	0.0	0.0	0.0	0.0	0.0	0.0	0.0	2.0	0.0	0.0	0.0	0.0	0.0	0.0	0.0	0.0	0.0	0.0	0.0	0.0	0.0	0.0	209.0	0.0	0.0	0.0	0.0	0.0	0.0	0.0	0.0	0.0	0.0	0.0	0.0	0.0	0.0	55.0	0.0	0.0	0.0	0.0	0.0	0.0	0.0	0.0	0.0	0.0	50.0	0.0	0.0	0.0
acs_1055815.AYYA01000006_gene1982_m01	0.0	10.0	0.0	1788.0	13.0	0.0	0.0	0.0	0.0	0.0	2.0	0.0	1927.0	0.0	2.0	2.0	3.0	13.0	0.0	14.0	0.0	667.0	2.0	394.0	0.0	2.0	28.0	0.0	13.0	645.0	6.0	39.0	0.0	0.0	118.0	31.0	112.0	2.0	0.0	64.0	0.0	3.0	0.0	0.0	0.0	0.0	0.0	3.0	9355.0	6.0	152.0	3.0	0.0	0.0	17.0	993.0	0.0	11.0	0.0	305.0	1.0	353.0	0.0	0.0
acs_1123034.JMKP01000019_gene2542_m02	0.0	180.0	0.0	25.0	0.0	0.0	0.0	0.0	66.0	0.0	796.0	0.0	0.0	4.0	0.0	114.0	8.0	0.0	0.0	52.0	4.0	0.0	0.0	0.0	0.0	0.0	0.0	0.0	1.0	0.0	1.0	0.0	0.0	0.0	2071.0	0.0	0.0	0.0	1.0	140.0	0.0	13.0	0.0	0.0	0.0	0.0	1603.0	452.0	0.0	957.0	0.0	0.0	0.0	0.0	0.0	32.0	0.0	47.0	0.0	0.0	708.0	0.0	0.0	0.0
acs_A0A1R4GUW2_m02	0.0	81.0	0.0	11.0	0.0	0.0	0.0	0.0	0.0	0.0	285.0	0.0	0.0	0.0	0.0	0.0	0.0	0.0	0.0	25.0	2.0	0.0	0.0	0.0	0.0	0.0	0.0	0.0	0.0	0.0	0.0	0.0	0.0	0.0	587.0	0.0	12.0	0.0	0.0	0.0	0.0	0.0	0.0	0.0	0.0	0.0	512.0	149.0	0.0	355.0	0.0	0.0	0.0	0.0	0.0	12.0	0.0	1.0	0.0	0.0	166.0	0.0	0.0	0.0
acs_metn_BK008_01890_m01	0.0	2210.0	0.0	18.0	4182.0	2.0	5.0	28.0	103.0	19.0	3148.0	12.0	0.0	20.0	18.0	154.0	2819.0	2.0	22.0	1526.0	4.0	0.0	33.0	0.0	1.0	6.0	3.0	0.0	0.0	8.0	190.0	11.0	6.0	3.0	2537.0	0.0	6.0	6.0	2.0	24.0	16.0	282.0	0.0	0.0	35.0	6.0	0.0	1.0	0.0	2109.0	0.0	1.0	2.0	6.0	5.0	3.0	7.0	49.0	5.0	21.0	1656.0	0.0	179.0	1813.0
acs_330506788_m02	344.0	0.0	3239.0	4.0	4.0	0.0	3274.0	1.0	111.0	277.0	3.0	34.0	2.0	2.0	46.0	634.0	4.0	2.0	0.0	0.0	100.0	0.0	273.0	577.0	79.0	0.0	7.0	536.0	6.0	0.0	218.0	0.0	60.0	0.0	0.0	3173.0	6.0	0.0	98.0	180.0	91.0	583.0	394.0	135.0	12.0	767.0	50.0	11.0	1579.0	4.0	1826.0	3452.0	280.0	39.0	0.0	286.0	0.0	248.0	0.0	79.0	0.0	2.0	333.0	0.0
acs_386001448_m02	285.0	0.0	3955.0	1.0	0.0	0.0	3983.0	0.0	14.0	306.0	2.0	21.0	1.0	0.0	0.0	248.0	1.0	0.0	0.0	0.0	122.0	0.0	22.0	632.0	77.0	0.0	9.0	570.0	0.0	0.0	31.0	0.0	43.0	0.0	0.0	3751.0	0.0	2.0	108.0	9.0	62.0	240.0	509.0	160.0	0.0	744.0	95.0	31.0	1839.0	2.0	1884.0	3810.0	311.0	31.0	0.0	319.0	1.0	75.0	2.0	19.0	0.0	0.0	38.0	0.0
acs_1123034.JMKP01000019_gene2542_m03	0.0	74.0	0.0	4.0	5.0	0.0	0.0	0.0	5.0	0.0	38.0	0.0	0.0	0.0	0.0	937.0	0.0	0.0	0.0	3.0	0.0	17.0	0.0	0.0	0.0	0.0	0.0	0.0	0.0	0.0	0.0	0.0	0.0	0.0	332.0	2.0	372.0	0.0	10.0	36.0	0.0	4277.0	0.0	0.0	0.0	0.0	0.0	0.0	6.0	54.0	2849.0	0.0	364.0	0.0	2.0	16.0	0.0	299.0	0.0	48.0	49.0	0.0	0.0	0.0
acs_1055815.AYYA01000006_gene1982_m03	1.0	10.0	0.0	0.0	6.0	0.0	0.0	0.0	0.0	0.0	3.0	0.0	0.0	0.0	0.0	0.0	1.0	0.0	0.0	12.0	0.0	0.0	0.0	0.0	0.0	0.0	0.0	330.0	0.0	0.0	0.0	7.0	0.0	0.0	11.0	0.0	0.0	0.0	0.0	0.0	0.0	1.0	0.0	0.0	0.0	0.0	0.0	0.0	1.0	2.0	0.0	0.0	0.0	2.0	0.0	2035.0	0.0	0.0	0.0	88.0	3.0	2.0	0.0	0.0
acs_metn_BK008_01890_m02	0.0	0.0	0.0	0.0	0.0	29.0	0.0	2.0	0.0	0.0	0.0	27.0	12.0	0.0	0.0	0.0	1.0	0.0	84.0	0.0	0.0	0.0	0.0	0.0	13.0	18.0	23.0	0.0	0.0	38.0	0.0	21.0	41.0	2.0	0.0	2.0	0.0	16.0	0.0	0.0	24.0	0.0	0.0	0.0	0.0	0.0	0.0	12.0	0.0	0.0	0.0	0.0	0.0	40.0	27.0	0.0	17.0	0.0	12.0	0.0	0.0	0.0	0.0	0.0
acs_386001448_m03	106.0	0.0	43.0	0.0	0.0	0.0	33.0	0.0	0.0	178.0	0.0	0.0	0.0	0.0	0.0	0.0	2.0	0.0	0.0	0.0	113.0	0.0	0.0	2.0	0.0	0.0	0.0	185.0	0.0	0.0	0.0	0.0	0.0	0.0	0.0	56.0	0.0	0.0	145.0	0.0	1.0	0.0	1.0	92.0	0.0	0.0	75.0	22.0	18.0	0.0	5.0	26.0	102.0	0.0	0.0	119.0	0.0	0.0	0.0	0.0	0.0	0.0	0.0	0.0
acs_1123034.JMKP01000019_gene2542_m04	0.0	29.0	0.0	4.0	0.0	0.0	0.0	0.0	0.0	0.0	504.0	0.0	0.0	0.0	0.0	0.0	0.0	0.0	0.0	9.0	0.0	0.0	0.0	0.0	0.0	0.0	0.0	2.0	0.0	0.0	0.0	0.0	0.0	0.0	153.0	0.0	9.0	0.0	0.0	0.0	0.0	0.0	0.0	0.0	0.0	0.0	169.0	46.0	0.0	135.0	0.0	0.0	0.0	0.0	2.0	121.0	0.0	0.0	0.0	0.0	45.0	0.0	0.0	0.0
acs_1123034.JMKP01000019_gene2542_m05	0.0	167.0	0.0	32.0	17.0	0.0	0.0	0.0	1117.0	1.0	11.0	0.0	0.0	6.0	0.0	571.0	0.0	11.0	0.0	6.0	0.0	1.0	0.0	0.0	0.0	0.0	0.0	3.0	0.0	0.0	0.0	0.0	2.0	0.0	418.0	0.0	205.0	0.0	0.0	674.0	0.0	83.0	0.0	0.0	0.0	0.0	147.0	43.0	6.0	27.0	0.0	0.0	0.0	0.0	0.0	2.0	0.0	144.0	0.0	279.0	24.0	0.0	0.0	0.0
acs_1055815.AYYA01000006_gene1982_m04	0.0	6.0	0.0	3.0	0.0	0.0	0.0	0.0	1.0	0.0	0.0	0.0	48.0	0.0	0.0	0.0	4.0	0.0	0.0	0.0	0.0	26.0	0.0	34.0	0.0	0.0	0.0	103.0	0.0	13.0	1.0	2.0	0.0	0.0	6.0	0.0	2.0	0.0	0.0	8.0	0.0	0.0	0.0	0.0	0.0	0.0	0.0	0.0	0.0	0.0	0.0	0.0	0.0	0.0	4.0	930.0	0.0	2.0	0.0	221.0	0.0	24.0	0.0	0.0
acs_349106.PsycPRwf_0302_m01	0.0	457.0	0.0	57.0	0.0	0.0	0.0	0.0	411.0	0.0	4.0	1.0	0.0	5.0	0.0	881.0	2.0	6.0	0.0	19.0	0.0	0.0	0.0	0.0	0.0	0.0	0.0	22.0	0.0	0.0	0.0	0.0	0.0	0.0	165.0	0.0	199.0	0.0	0.0	1098.0	0.0	132.0	0.0	0.0	1.0	0.0	1.0	1.0	4.0	4.0	1.0	0.0	7.0	0.0	0.0	15.0	0.0	73.0	0.0	10.0	0.0	0.0	0.0	0.0
acs_metn_BK008_01890_m03	0.0	0.0	0.0	0.0	0.0	17.0	1.0	0.0	1.0	0.0	0.0	4.0	0.0	0.0	0.0	0.0	0.0	2.0	90.0	0.0	0.0	0.0	0.0	0.0	4.0	0.0	0.0	0.0	0.0	28.0	0.0	8.0	2.0	6.0	0.0	0.0	0.0	12.0	0.0	0.0	4.0	1.0	0.0	0.0	0.0	0.0	0.0	1.0	0.0	0.0	0.0	2.0	0.0	4.0	16.0	0.0	28.0	1.0	12.0	0.0	0.0	0.0	0.0	0.0
acs_A0A2I0ENX5_m03	0.0	16.0	0.0	45.0	0.0	0.0	0.0	0.0	0.0	0.0	0.0	0.0	2154.0	0.0	0.0	0.0	2.0	15.0	0.0	12.0	0.0	2406.0	0.0	384.0	0.0	2.0	0.0	0.0	24.0	876.0	18.0	411.0	0.0	0.0	26.0	0.0	33.0	0.0	0.0	18.0	0.0	0.0	0.0	0.0	0.0	2.0	0.0	11.0	6.0	2.0	170.0	0.0	0.0	0.0	82.0	406.0	0.0	4.0	3.0	64.0	0.0	2018.0	0.0	0.0
acs_1123034.JMKP01000019_gene2542_m07	0.0	509.0	0.0	69.0	15.0	0.0	0.0	0.0	1258.0	0.0	20.0	0.0	0.0	6.0	2.0	55.0	0.0	32.0	0.0	6.0	0.0	7.0	0.0	0.0	0.0	0.0	0.0	2.0	0.0	0.0	0.0	0.0	0.0	0.0	523.0	0.0	405.0	0.0	0.0	202.0	0.0	104.0	0.0	0.0	0.0	0.0	94.0	27.0	2.0	69.0	0.0	0.0	0.0	0.0	0.0	9.0	0.0	235.0	0.0	259.0	17.0	1.0	0.0	0.0
acs_386001448_m04	90.0	0.0	31.0	0.0	0.0	0.0	23.0	0.0	0.0	127.0	1.0	1.0	0.0	0.0	0.0	0.0	0.0	0.0	0.0	0.0	75.0	0.0	0.0	0.0	0.0	0.0	0.0	123.0	0.0	0.0	0.0	0.0	0.0	0.0	1.0	52.0	0.0	0.0	83.0	0.0	0.0	0.0	3.0	61.0	1.0	0.0	73.0	26.0	14.0	0.0	11.0	16.0	65.0	0.0	2.0	108.0	0.0	0.0	0.0	0.0	0.0	0.0	0.0	0.0
acs_1123034.JMKP01000019_gene2542_m08	0.0	486.0	0.0	5.0	0.0	0.0	0.0	0.0	108.0	0.0	181.0	0.0	0.0	0.0	0.0	225.0	0.0	0.0	0.0	8.0	0.0	0.0	0.0	0.0	0.0	0.0	0.0	11.0	0.0	0.0	0.0	0.0	0.0	0.0	216.0	0.0	49.0	0.0	0.0	275.0	0.0	51.0	0.0	0.0	0.0	0.0	0.0	0.0	0.0	143.0	0.0	0.0	0.0	0.0	0.0	40.0	0.0	116.0	0.0	0.0	8.0	0.0	0.0	0.0
acs_1055815.AYYA01000006_gene1982_m06	0.0	1.0	0.0	0.0	0.0	0.0	0.0	0.0	0.0	0.0	0.0	2.0	0.0	0.0	0.0	0.0	0.0	0.0	0.0	0.0	0.0	0.0	0.0	0.0	0.0	0.0	0.0	11.0	0.0	0.0	0.0	0.0	0.0	0.0	0.0	0.0	0.0	0.0	0.0	0.0	0.0	0.0	0.0	0.0	0.0	0.0	0.0	0.0	3.0	0.0	0.0	0.0	0.0	3.0	0.0	105.0	0.0	0.0	0.0	958.0	0.0	0.0	0.0	0.0
acs_1055815.AYYA01000006_gene1982_m07	0.0	17.0	0.0	0.0	30.0	0.0	0.0	0.0	0.0	0.0	0.0	0.0	0.0	0.0	0.0	0.0	4.0	0.0	0.0	40.0	0.0	0.0	0.0	0.0	0.0	0.0	0.0	84.0	0.0	0.0	0.0	1.0	0.0	0.0	114.0	0.0	0.0	0.0	0.0	0.0	0.0	0.0	0.0	0.0	0.0	0.0	0.0	0.0	56.0	0.0	0.0	0.0	0.0	2.0	0.0	485.0	0.0	0.0	0.0	333.0	65.0	2.0	0.0	0.0
acs_1123034.JMKP01000019_gene2542_m09	0.0	103.0	0.0	5.0	0.0	1.0	0.0	0.0	0.0	0.0	70.0	0.0	0.0	0.0	0.0	0.0	2.0	0.0	0.0	6.0	0.0	0.0	1.0	0.0	1.0	0.0	0.0	0.0	0.0	0.0	0.0	0.0	0.0	0.0	511.0	0.0	0.0	0.0	0.0	0.0	0.0	0.0	0.0	0.0	0.0	0.0	2.0	0.0	0.0	275.0	0.0	0.0	0.0	0.0	0.0	0.0	0.0	0.0	0.0	0.0	113.0	0.0	0.0	0.0
acs_1055815.AYYA01000006_gene1982_m08	0.0	10.0	0.0	1.0	2.0	0.0	0.0	0.0	0.0	0.0	0.0	0.0	0.0	0.0	0.0	0.0	0.0	1.0	0.0	10.0	0.0	0.0	0.0	0.0	0.0	0.0	0.0	37.0	0.0	0.0	0.0	1.0	0.0	0.0	2.0	0.0	0.0	0.0	0.0	0.0	0.0	1.0	0.0	0.0	0.0	0.0	0.0	0.0	20.0	2.0	0.0	0.0	0.0	0.0	0.0	289.0	0.0	5.0	2.0	127.0	0.0	0.0	0.0	0.0
acs_metn_BK008_01890_m05	6.0	2829.0	2.0	14.0	4988.0	8.0	6.0	102.0	102.0	49.0	3765.0	4.0	0.0	105.0	51.0	167.0	3250.0	15.0	11.0	1760.0	18.0	2.0	80.0	0.0	2.0	0.0	0.0	2.0	6.0	36.0	186.0	82.0	4.0	0.0	2976.0	0.0	20.0	0.0	7.0	20.0	16.0	262.0	4.0	57.0	93.0	8.0	6.0	2.0	2.0	2466.0	0.0	0.0	0.0	4.0	4.0	2.0	19.0	64.0	7.0	31.0	2109.0	8.0	177.0	2173.0
acs_1123034.JMKP01000019_gene2542_m10	1.0	40.0	0.0	10.0	0.0	0.0	0.0	0.0	0.0	4.0	179.0	0.0	0.0	4.0	0.0	0.0	2.0	0.0	0.0	2.0	0.0	0.0	0.0	0.0	0.0	0.0	0.0	0.0	0.0	0.0	0.0	0.0	0.0	0.0	199.0	0.0	38.0	0.0	0.0	0.0	0.0	0.0	0.0	0.0	0.0	0.0	75.0	23.0	0.0	245.0	0.0	0.0	0.0	0.0	0.0	0.0	0.0	0.0	0.0	0.0	49.0	0.0	0.0	0.0
acs_1055815.AYYA01000006_gene1982_m09	0.0	0.0	0.0	16.0	6.0	0.0	0.0	0.0	0.0	0.0	0.0	0.0	460.0	0.0	0.0	0.0	1.0	0.0	0.0	20.0	0.0	498.0	0.0	23.0	0.0	0.0	0.0	112.0	10.0	131.0	0.0	25.0	0.0	0.0	32.0	2.0	36.0	2.0	0.0	12.0	0.0	0.0	0.0	0.0	0.0	0.0	0.0	0.0	1.0	6.0	3.0	0.0	0.0	2.0	16.0	381.0	0.0	2.0	0.0	47.0	4.0	399.0	0.0	0.0
acs_1055815.AYYA01000006_gene1982_m10	0.0	13.0	0.0	0.0	7.0	0.0	0.0	0.0	0.0	0.0	0.0	0.0	29.0	0.0	0.0	0.0	1.0	0.0	0.0	6.0	0.0	0.0	0.0	0.0	0.0	0.0	0.0	86.0	0.0	0.0	0.0	0.0	0.0	0.0	36.0	0.0	0.0	0.0	0.0	0.0	0.0	0.0	0.0	0.0	0.0	0.0	0.0	0.0	9.0	0.0	0.0	0.0	0.0	0.0	0.0	32.0	0.0	0.0	0.0	230.0	13.0	0.0	0.0	0.0
acs_A0A2I0ENX5_m07	0.0	22.0	0.0	51.0	5.0	0.0	0.0	0.0	0.0	0.0	0.0	0.0	1366.0	0.0	2.0	0.0	1.0	5.0	0.0	29.0	0.0	73.0	0.0	387.0	0.0	0.0	0.0	2.0	6.0	258.0	4.0	50.0	0.0	0.0	112.0	0.0	27.0	0.0	2.0	115.0	0.0	20.0	0.0	0.0	0.0	0.0	2.0	2.0	0.0	2.0	22.0	2.0	1.0	0.0	1.0	74.0	0.0	0.0	2.0	580.0	1.0	48.0	0.0	0.0
acs_metn_BK008_01890_m07	0.0	122.0	0.0	2.0	223.0	4.0	0.0	8.0	6.0	0.0	182.0	2.0	2.0	0.0	2.0	6.0	101.0	0.0	10.0	71.0	2.0	0.0	3.0	0.0	0.0	0.0	0.0	0.0	0.0	15.0	6.0	5.0	0.0	0.0	115.0	0.0	0.0	2.0	0.0	4.0	0.0	18.0	1.0	2.0	2.0	0.0	0.0	0.0	0.0	105.0	0.0	0.0	0.0	0.0	3.0	0.0	1.0	0.0	4.0	2.0	84.0	0.0	13.0	63.0
acs_1055815.AYYA01000006_gene1982_m11	0.0	0.0	0.0	0.0	6.0	0.0	0.0	0.0	1.0	0.0	1.0	0.0	0.0	0.0	0.0	0.0	0.0	0.0	0.0	0.0	0.0	0.0	0.0	0.0	0.0	0.0	0.0	8.0	0.0	0.0	0.0	0.0	1.0	0.0	3.0	0.0	0.0	0.0	0.0	3.0	0.0	46.0	0.0	0.0	0.0	0.0	1.0	0.0	3.0	0.0	0.0	0.0	0.0	0.0	0.0	116.0	0.0	0.0	1.0	977.0	0.0	0.0	0.0	0.0
acs_A0A1R4GUW2_m03	0.0	88.0	0.0	4.0	0.0	0.0	0.0	0.0	0.0	0.0	117.0	0.0	0.0	0.0	0.0	1.0	1.0	0.0	0.0	6.0	0.0	0.0	0.0	0.0	0.0	0.0	0.0	0.0	0.0	0.0	0.0	0.0	0.0	0.0	723.0	0.0	86.0	0.0	0.0	0.0	2.0	0.0	1.0	0.0	0.0	0.0	2.0	2.0	0.0	267.0	0.0	0.0	0.0	2.0	0.0	52.0	0.0	0.0	0.0	0.0	207.0	0.0	0.0	0.0
acs_1055815.AYYA01000006_gene1982_m12	0.0	20.0	1.0	0.0	35.0	0.0	0.0	0.0	0.0	0.0	0.0	0.0	14.0	0.0	0.0	0.0	3.0	0.0	0.0	44.0	0.0	0.0	0.0	0.0	0.0	0.0	0.0	18.0	0.0	0.0	0.0	0.0	2.0	0.0	14.0	0.0	0.0	0.0	0.0	0.0	0.0	0.0	0.0	0.0	0.0	0.0	0.0	0.0	19.0	0.0	0.0	0.0	0.0	0.0	0.0	114.0	0.0	0.0	0.0	64.0	67.0	0.0	0.0	0.0
acs_metn_BK008_01890_m10	0.0	766.0	0.0	1.0	1340.0	4.0	1.0	12.0	18.0	2.0	1047.0	4.0	0.0	0.0	0.0	43.0	809.0	2.0	10.0	565.0	1.0	0.0	14.0	0.0	0.0	0.0	1.0	0.0	0.0	3.0	71.0	12.0	5.0	0.0	825.0	0.0	1.0	2.0	1.0	10.0	4.0	77.0	2.0	0.0	4.0	2.0	0.0	2.0	0.0	715.0	0.0	0.0	0.0	2.0	6.0	0.0	0.0	23.0	0.0	8.0	587.0	0.0	66.0	605.0
acs_1055815.AYYA01000006_gene1982_m13	0.0	12.0	0.0	13.0	6.0	0.0	0.0	0.0	0.0	0.0	0.0	0.0	1868.0	0.0	2.0	0.0	0.0	0.0	0.0	18.0	0.0	45.0	0.0	25.0	0.0	0.0	0.0	0.0	3.0	13.0	0.0	2.0	0.0	0.0	62.0	0.0	9.0	0.0	0.0	4.0	0.0	0.0	0.0	0.0	0.0	1.0	0.0	0.0	3.0	1.0	1.0	0.0	0.0	0.0	0.0	26.0	0.0	0.0	0.0	102.0	0.0	40.0	0.0	0.0
acs_metn_BK008_01890_m12	0.0	334.0	0.0	0.0	665.0	81.0	0.0	6.0	7.0	2.0	530.0	151.0	59.0	11.0	8.0	16.0	334.0	0.0	532.0	203.0	3.0	2.0	8.0	0.0	103.0	152.0	118.0	0.0	0.0	276.0	23.0	145.0	196.0	27.0	354.0	3.0	4.0	153.0	0.0	4.0	251.0	35.0	2.0	4.0	21.0	1.0	0.0	54.0	0.0	324.0	0.0	0.0	0.0	153.0	135.0	2.0	150.0	5.0	82.0	6.0	281.0	2.0	47.0	353.0
acs_1055815.AYYA01000006_gene1982_m14	0.0	1.0	0.0	133.0	0.0	0.0	0.0	0.0	0.0	0.0	0.0	0.0	33.0	0.0	0.0	0.0	0.0	2.0	0.0	12.0	0.0	40.0	0.0	74.0	0.0	0.0	2.0	3.0	0.0	153.0	0.0	27.0	0.0	0.0	20.0	0.0	11.0	0.0	0.0	26.0	0.0	0.0	0.0	0.0	0.0	0.0	0.0	0.0	1.0	2.0	1.0	0.0	0.0	4.0	0.0	790.0	0.0	1.0	0.0	39.0	0.0	5.0	0.0	0.0
acs_1055815.AYYA01000006_gene1982_m16	0.0	2.0	0.0	2222.0	4.0	0.0	0.0	0.0	0.0	0.0	1.0	0.0	391.0	0.0	0.0	0.0	2.0	4.0	0.0	11.0	0.0	319.0	0.0	78.0	0.0	6.0	25.0	4.0	0.0	418.0	0.0	17.0	0.0	0.0	86.0	19.0	55.0	0.0	0.0	19.0	0.0	0.0	0.0	0.0	0.0	0.0	0.0	0.0	5373.0	2.0	152.0	4.0	0.0	0.0	2.0	554.0	1.0	11.0	2.0	196.0	0.0	9.0	0.0	0.0
acs_metn_BK008_01890_m15	1.0	15.0	0.0	3.0	25.0	2.0	0.0	0.0	0.0	0.0	25.0	6.0	4.0	0.0	2.0	0.0	21.0	0.0	12.0	4.0	0.0	0.0	0.0	0.0	5.0	4.0	8.0	0.0	0.0	12.0	1.0	4.0	14.0	0.0	19.0	0.0	0.0	2.0	0.0	1.0	15.0	2.0	0.0	0.0	0.0	0.0	0.0	2.0	0.0	16.0	0.0	0.0	0.0	8.0	2.0	0.0	2.0	0.0	0.0	0.0	12.0	1.0	1.0	6.0
acs_1055815.AYYA01000006_gene1982_m17	0.0	6.0	0.0	0.0	0.0	0.0	0.0	0.0	0.0	0.0	0.0	0.0	121.0	0.0	0.0	0.0	0.0	0.0	0.0	4.0	0.0	18.0	0.0	80.0	0.0	0.0	0.0	0.0	0.0	309.0	0.0	443.0	0.0	0.0	12.0	0.0	2.0	0.0	0.0	15.0	0.0	0.0	0.0	0.0	0.0	1.0	0.0	0.0	2.0	2.0	2.0	0.0	0.0	0.0	0.0	15.0	0.0	0.0	0.0	25.0	0.0	10.0	0.0	1.0
acs_metn_BK008_01890_m16	1.0	11.0	0.0	0.0	20.0	6.0	0.0	0.0	2.0	0.0	7.0	3.0	2.0	0.0	0.0	1.0	11.0	0.0	48.0	4.0	0.0	0.0	0.0	0.0	8.0	8.0	10.0	0.0	0.0	28.0	0.0	15.0	25.0	2.0	11.0	0.0	0.0	15.0	0.0	0.0	17.0	1.0	0.0	0.0	0.0	0.0	0.0	14.0	0.0	16.0	0.0	0.0	0.0	19.0	10.0	0.0	17.0	0.0	24.0	0.0	4.0	0.0	0.0	18.0
acs_metn_BK008_01890_m17	0.0	0.0	0.0	0.0	0.0	329.0	0.0	0.0	0.0	0.0	0.0	407.0	143.0	2.0	0.0	1.0	0.0	0.0	2199.0	0.0	0.0	0.0	7.0	0.0	283.0	431.0	338.0	0.0	0.0	983.0	2.0	649.0	584.0	126.0	0.0	3.0	1.0	538.0	0.0	1.0	562.0	0.0	0.0	0.0	0.0	0.0	0.0	123.0	0.0	0.0	0.0	0.0	0.0	425.0	496.0	0.0	628.0	0.0	400.0	0.0	0.0	1.0	1.0	0.0
acs_metn_BK008_01890_m19	0.0	6.0	0.0	0.0	4.0	11.0	0.0	0.0	0.0	0.0	2.0	3.0	2.0	0.0	0.0	0.0	12.0	0.0	62.0	2.0	0.0	0.0	0.0	0.0	4.0	11.0	11.0	0.0	1.0	27.0	0.0	5.0	7.0	6.0	11.0	0.0	0.0	18.0	0.0	0.0	12.0	1.0	0.0	0.0	0.0	0.0	1.0	5.0	0.0	7.0	0.0	0.0	0.0	11.0	8.0	0.0	21.0	1.0	16.0	0.0	4.0	0.0	0.0	4.0
acs_metn_BK008_01890_m20	0.0	191.0	0.0	2.0	338.0	41.0	0.0	10.0	8.0	7.0	269.0	43.0	69.0	4.0	2.0	10.0	173.0	4.0	184.0	133.0	1.0	2.0	3.0	0.0	23.0	46.0	42.0	0.0	0.0	107.0	11.0	22.0	29.0	19.0	191.0	2.0	2.0	27.0	0.0	1.0	42.0	33.0	2.0	4.0	8.0	1.0	0.0	15.0	0.0	161.0	0.0	0.0	0.0	39.0	37.0	2.0	24.0	0.0	22.0	0.0	165.0	0.0	16.0	158.0
acs_1055815.AYYA01000006_gene1982_m18	0.0	0.0	0.0	24.0	2.0	0.0	0.0	0.0	0.0	0.0	0.0	0.0	105.0	0.0	0.0	0.0	0.0	1.0	0.0	6.0	0.0	23.0	0.0	234.0	0.0	0.0	0.0	0.0	1.0	134.0	3.0	155.0	0.0	0.0	12.0	0.0	6.0	0.0	0.0	9.0	0.0	1.0	0.0	0.0	0.0	1.0	0.0	0.0	6.0	0.0	148.0	0.0	0.0	0.0	8.0	77.0	2.0	6.0	0.0	22.0	0.0	37.0	0.0	0.0
acs_metn_BK008_01890_m21	0.0	105.0	0.0	2.0	139.0	6.0	0.0	0.0	4.0	0.0	146.0	2.0	0.0	2.0	2.0	8.0	116.0	0.0	19.0	46.0	0.0	0.0	2.0	0.0	0.0	1.0	0.0	0.0	0.0	4.0	4.0	0.0	0.0	2.0	100.0	0.0	2.0	0.0	0.0	0.0	0.0	13.0	0.0	0.0	2.0	0.0	0.0	0.0	0.0	89.0	0.0	0.0	0.0	1.0	3.0	0.0	5.0	2.0	0.0	0.0	34.0	0.0	14.0	41.0
acs_1055815.AYYA01000006_gene1982_m19	0.0	10.0	0.0	30.0	4.0	0.0	0.0	0.0	0.0	1.0	0.0	0.0	259.0	0.0	0.0	2.0	1.0	6.0	0.0	8.0	0.0	251.0	0.0	632.0	0.0	0.0	0.0	0.0	3.0	35.0	2.0	4.0	0.0	0.0	31.0	0.0	25.0	0.0	0.0	2.0	0.0	0.0	0.0	0.0	0.0	2.0	0.0	0.0	18.0	0.0	60.0	0.0	1.0	0.0	11.0	34.0	0.0	5.0	1.0	11.0	0.0	221.0	0.0	0.0
acs_metn_BK008_01890_m22	0.0	121.0	0.0	1.0	187.0	19.0	0.0	2.0	10.0	0.0	205.0	8.0	1.0	0.0	0.0	6.0	106.0	0.0	53.0	60.0	2.0	0.0	0.0	0.0	2.0	11.0	2.0	0.0	0.0	33.0	3.0	15.0	11.0	5.0	93.0	0.0	0.0	11.0	0.0	0.0	15.0	3.0	0.0	0.0	0.0	2.0	0.0	2.0	0.0	74.0	0.0	0.0	0.0	3.0	13.0	0.0	12.0	2.0	11.0	0.0	71.0	0.0	4.0	74.0
acs_metn_BK008_01890_m23	0.0	0.0	0.0	0.0	0.0	23.0	0.0	0.0	0.0	0.0	0.0	90.0	25.0	0.0	0.0	1.0	3.0	0.0	105.0	0.0	0.0	0.0	0.0	0.0	55.0	25.0	68.0	0.0	2.0	40.0	0.0	32.0	95.0	2.0	0.0	0.0	0.0	29.0	0.0	0.0	99.0	1.0	0.0	0.0	0.0	0.0	0.0	31.0	0.0	0.0	0.0	0.0	0.0	95.0	18.0	0.0	42.0	0.0	24.0	0.0	0.0	0.0	0.0	0.0
acs_metn_BK008_01890_m24	0.0	0.0	0.0	0.0	0.0	4.0	0.0	4.0	2.0	0.0	0.0	2.0	2.0	0.0	1.0	0.0	1.0	0.0	37.0	0.0	0.0	0.0	0.0	0.0	5.0	10.0	5.0	0.0	0.0	14.0	4.0	11.0	11.0	5.0	0.0	0.0	0.0	7.0	0.0	0.0	15.0	0.0	0.0	0.0	2.0	0.0	0.0	0.0	0.0	0.0	0.0	0.0	0.0	10.0	3.0	0.0	13.0	0.0	3.0	0.0	0.0	0.0	0.0	0.0
acs_metn_BK008_01890_m25	0.0	0.0	0.0	0.0	0.0	13.0	0.0	0.0	0.0	0.0	0.0	53.0	27.0	0.0	0.0	0.0	1.0	0.0	49.0	2.0	0.0	0.0	0.0	0.0	24.0	7.0	50.0	0.0	0.0	31.0	0.0	19.0	56.0	0.0	0.0	0.0	0.0	19.0	0.0	0.0	73.0	0.0	0.0	0.0	0.0	0.0	0.0	24.0	0.0	0.0	0.0	0.0	0.0	53.0	7.0	0.0	18.0	0.0	14.0	0.0	0.0	0.0	0.0	0.0
