	ZB_1	ZB_2	ZB_3	ZB_4	ZB_5	ZB_6	ZB_7	ZB_8	ZB_9	ZB_10	ZB_11	ZB_12	ZB_13	ZB_14	ZB_15	ZB_16	ZB_17	ZB_18	ZB_19	ZB_20	ZB_21	ZB_22	ZB_23	ZB_24	ZB_25	ZB_26	ZB_27	ZB_28	ZB_29	ZB_30	ZB_31	ZB_32	ZB_33	ZB_34	ZB_35	ZB_36	ZB_37	ZB_38	ZB_39	ZB_40	ZB_41	ZB_42	ZB_43	ZB_44	ZB_45	ZB_46	ZB_47	ZB_48	ZB_49	ZB_50	ZB_51	ZB_52	ZB_53	ZB_54	ZB_55	ZB_56	ZB_57	ZB_58	ZB_59	ZB_60	ZB_61	ZB_62	ZB_63	ZB_64
cdhA_330507409	546.0	6.0	0.0	6.0	0.0	228.0	0.0	10.0	262.0	1160.0	6.0	292.0	129.0	6.0	69.0	939.0	12.0	4.0	173.0	2.0	671.0	10.0	376.0	0.0	138.0	329.0	140.0	875.0	13.0	174.0	406.0	26.0	45.0	371.0	4.0	0.0	15.0	9.0	560.0	334.0	55.0	883.0	0.0	1165.0	25.0	0.0	2053.0	721.0	0.0	19.0	0.0	0.0	940.0	39.0	260.0	875.0	15.0	383.0	68.0	134.0	0.0	9.0	615.0	4.0
cdhA_386003003	239.0	1.0	3940.0	1.0	0.0	2.0	3492.0	1.0	25.0	158.0	2.0	33.0	0.0	0.0	0.0	308.0	6.0	0.0	0.0	0.0	66.0	0.0	23.0	580.0	68.0	0.0	5.0	396.0	0.0	0.0	13.0	0.0	22.0	0.0	0.0	2630.0	0.0	3.0	56.0	25.0	26.0	316.0	354.0	91.0	2.0	686.0	74.0	18.0	1503.0	0.0	1734.0	3803.0	194.0	21.0	0.0	192.0	0.0	85.0	0.0	0.0	0.0	0.0	33.0	0.0
cdhA_386001486	401.0	0.0	4187.0	0.0	0.0	0.0	3554.0	0.0	20.0	389.0	0.0	40.0	3.0	0.0	0.0	209.0	4.0	0.0	0.0	2.0	130.0	0.0	13.0	619.0	166.0	0.0	1.0	622.0	0.0	0.0	21.0	0.0	49.0	0.0	1.0	3718.0	0.0	0.0	174.0	16.0	63.0	218.0	476.0	172.0	2.0	753.0	116.0	29.0	2080.0	0.0	2042.0	3984.0	343.0	64.0	0.0	356.0	0.0	75.0	0.0	6.0	0.0	0.0	49.0	0.0
cdhA_A0A1V5B3F1	244.0	0.0	0.0	0.0	2.0	379.0	1.0	8.0	502.0	722.0	1.0	266.0	152.0	0.0	16.0	1956.0	8.0	8.0	161.0	0.0	504.0	5.0	887.0	0.0	170.0	281.0	149.0	541.0	8.0	255.0	880.0	33.0	47.0	396.0	2.0	0.0	5.0	11.0	405.0	865.0	113.0	1564.0	0.0	797.0	10.0	0.0	1269.0	523.0	0.0	10.0	0.0	0.0	648.0	34.0	209.0	579.0	15.0	849.0	77.0	342.0	4.0	5.0	1500.0	0.0
cdhA_A0A1V4YCI7	2.0	0.0	0.0	2.0	0.0	6.0	0.0	2.0	0.0	14.0	1.0	8.0	19.0	0.0	6.0	0.0	4.0	1.0	14.0	0.0	14.0	0.0	0.0	0.0	4.0	8.0	10.0	11.0	0.0	18.0	0.0	0.0	4.0	3.0	0.0	0.0	2.0	4.0	1.0	0.0	19.0	0.0	0.0	14.0	0.0	0.0	4.0	5.0	0.0	0.0	0.0	0.0	9.0	3.0	6.0	0.0	4.0	0.0	0.0	0.0	0.0	0.0	0.0	0.0
cdhA_A0A3N9UZF7	0.0	0.0	0.0	1.0	0.0	61.0	1.0	2.0	109.0	0.0	0.0	2.0	0.0	2.0	10.0	367.0	2.0	2.0	0.0	0.0	0.0	3.0	222.0	0.0	1.0	19.0	1.0	1.0	4.0	14.0	195.0	0.0	0.0	60.0	0.0	0.0	3.0	1.0	0.0	189.0	12.0	325.0	1.0	0.0	1.0	0.0	0.0	2.0	0.0	3.0	0.0	1.0	0.0	0.0	8.0	0.0	0.0	164.0	1.0	82.0	0.0	4.0	256.0	0.0
cdhA_435851158	2.0	0.0	0.0	0.0	0.0	70.0	0.0	3.0	1.0	1.0	2.0	2.0	40.0	1.0	0.0	0.0	1.0	0.0	133.0	0.0	0.0	0.0	0.0	0.0	1.0	36.0	7.0	0.0	0.0	108.0	0.0	7.0	6.0	118.0	0.0	0.0	0.0	0.0	0.0	0.0	2.0	0.0	0.0	0.0	0.0	0.0	0.0	11.0	0.0	0.0	0.0	0.0	0.0	3.0	43.0	0.0	10.0	0.0	16.0	0.0	0.0	0.0	0.0	0.0
cdhA_A0A1V4TJU9	1.0	4655.0	2.0	17.0	8752.0	21.0	19.0	127.0	156.0	65.0	6080.0	22.0	1.0	97.0	42.0	239.0	5552.0	19.0	109.0	3019.0	27.0	6.0	105.0	0.0	4.0	15.0	3.0	1.0	15.0	36.0	324.0	103.0	29.0	6.0	4881.0	2.0	13.0	17.0	1.0	46.0	58.0	588.0	3.0	32.0	124.0	10.0	2.0	6.0	0.0	3963.0	0.0	0.0	2.0	10.0	29.0	0.0	34.0	117.0	2.0	35.0	3618.0	6.0	380.0	4199.0
cdhA_mbak_MSBR3_2715	0.0	0.0	236.0	8.0	0.0	2.0	546.0	22.0	0.0	2.0	0.0	0.0	0.0	9.0	0.0	0.0	0.0	14.0	745.0	2.0	0.0	1.0	0.0	59.0	197.0	3.0	0.0	0.0	1.0	9.0	0.0	28.0	1207.0	15.0	0.0	614.0	6.0	144.0	0.0	0.0	1783.0	0.0	115.0	0.0	18.0	199.0	0.0	0.0	292.0	0.0	259.0	648.0	0.0	742.0	20.0	0.0	56.0	0.0	128.0	0.0	0.0	0.0	0.0	0.0
cdhA_1220534.B655_0322	0.0	0.0	0.0	0.0	0.0	21.0	0.0	0.0	0.0	0.0	0.0	3.0	1.0	0.0	0.0	0.0	0.0	0.0	34.0	0.0	0.0	0.0	0.0	0.0	1.0	4.0	1.0	0.0	0.0	37.0	0.0	11.0	5.0	0.0	0.0	0.0	0.0	17.0	0.0	0.0	6.0	0.0	0.0	0.0	0.0	0.0	0.0	0.0	0.0	0.0	0.0	0.0	0.0	2.0	19.0	0.0	2.0	0.0	9.0	0.0	0.0	0.0	0.0	0.0
cdhA_A0A0S4FR34	0.0	1.0	0.0	2.0	0.0	5.0	0.0	0.0	0.0	0.0	0.0	72.0	24.0	0.0	0.0	0.0	0.0	0.0	23.0	0.0	0.0	0.0	0.0	0.0	41.0	7.0	42.0	0.0	0.0	20.0	2.0	24.0	60.0	2.0	0.0	2.0	0.0	8.0	0.0	0.0	99.0	1.0	0.0	0.0	0.0	0.0	0.0	39.0	0.0	0.0	0.0	0.0	0.0	32.0	5.0	1.0	19.0	0.0	4.0	0.0	0.0	0.0	0.0	0.0
cdhA_msub_BK009_06810	0.0	0.0	0.0	0.0	0.0	32.0	0.0	0.0	1.0	0.0	0.0	34.0	4.0	0.0	0.0	0.0	0.0	0.0	109.0	0.0	0.0	3.0	0.0	0.0	5.0	14.0	19.0	0.0	1.0	58.0	0.0	35.0	27.0	4.0	0.0	2.0	0.0	19.0	0.0	0.0	17.0	0.0	0.0	2.0	0.0	0.0	0.0	7.0	2.0	0.0	0.0	0.0	0.0	13.0	29.0	0.0	32.0	0.0	24.0	0.0	0.0	2.0	0.0	0.0
cdhA_21226786	0.0	0.0	0.0	0.0	0.0	36.0	0.0	0.0	0.0	0.0	0.0	4.0	16.0	0.0	0.0	0.0	1.0	0.0	287.0	0.0	0.0	0.0	0.0	0.0	15.0	32.0	11.0	0.0	0.0	51.0	0.0	7.0	4.0	55.0	0.0	0.0	0.0	12.0	0.0	0.0	2.0	0.0	0.0	0.0	0.0	0.0	0.0	2.0	0.0	0.0	0.0	0.0	0.0	3.0	163.0	0.0	1.0	0.0	2.0	0.0	0.0	0.0	0.0	2.0
cdhA_A0A1V5ZFF9	5.0	0.0	2.0	2.0	0.0	0.0	2.0	0.0	0.0	0.0	1.0	36.0	0.0	0.0	0.0	0.0	1.0	2.0	0.0	0.0	0.0	4.0	0.0	0.0	2.0	0.0	5.0	2.0	16.0	8.0	2.0	0.0	0.0	0.0	0.0	0.0	5.0	0.0	0.0	0.0	3.0	0.0	1.0	2.0	0.0	4.0	8.0	19.0	0.0	0.0	0.0	0.0	4.0	0.0	13.0	0.0	0.0	0.0	1.0	2.0	0.0	2.0	0.0	0.0
cdhA_WP_048038597.1	0.0	0.0	0.0	0.0	0.0	16.0	0.0	0.0	0.0	0.0	0.0	6.0	8.0	0.0	0.0	0.0	1.0	0.0	321.0	0.0	0.0	0.0	0.0	0.0	0.0	36.0	4.0	0.0	0.0	42.0	0.0	2.0	0.0	34.0	0.0	0.0	0.0	1.0	0.0	0.0	0.0	0.0	0.0	0.0	0.0	0.0	0.0	4.0	0.0	0.0	0.0	0.0	0.0	0.0	145.0	0.0	3.0	0.0	2.0	0.0	0.0	0.0	0.0	0.0
cdhA_A0A497L571	1.0	0.0	0.0	0.0	0.0	845.0	0.0	0.0	0.0	0.0	0.0	20.0	114.0	0.0	0.0	0.0	4.0	0.0	301.0	0.0	0.0	0.0	0.0	0.0	19.0	1921.0	38.0	0.0	0.0	294.0	0.0	42.0	0.0	951.0	0.0	0.0	0.0	21.0	0.0	0.0	2.0	0.0	0.0	0.0	0.0	0.0	0.0	35.0	0.0	0.0	0.0	0.0	0.0	11.0	316.0	0.0	17.0	0.0	29.0	0.0	0.0	0.0	1.0	0.0
cdhA_WP_004030694.1	0.0	0.0	0.0	0.0	0.0	322.0	0.0	6.0	0.0	0.0	1.0	714.0	190.0	0.0	0.0	0.0	2.0	2.0	2314.0	0.0	0.0	0.0	1.0	0.0	315.0	452.0	474.0	0.0	2.0	1052.0	2.0	589.0	647.0	112.0	0.0	0.0	2.0	624.0	0.0	0.0	794.0	0.0	0.0	0.0	0.0	0.0	0.0	249.0	0.0	0.0	0.0	0.0	0.0	662.0	569.0	0.0	588.0	1.0	380.0	0.0	0.0	3.0	0.0	0.0
cdhA_21228191	0.0	0.0	0.0	0.0	0.0	5.0	0.0	0.0	0.0	0.0	0.0	0.0	8.0	0.0	0.0	0.0	1.0	0.0	19.0	0.0	0.0	0.0	0.0	0.0	4.0	4.0	7.0	0.0	0.0	6.0	0.0	0.0	2.0	5.0	0.0	0.0	0.0	0.0	0.0	0.0	0.0	0.0	0.0	1.0	0.0	0.0	0.0	0.0	0.0	0.0	0.0	0.0	0.0	0.0	17.0	0.0	0.0	0.0	1.0	0.0	0.0	0.0	0.0	0.0
cdhA_mbak_MSBR3_2955	0.0	0.0	254.0	20.0	0.0	0.0	667.0	23.0	0.0	0.0	1.0	0.0	2.0	51.0	0.0	0.0	0.0	34.0	931.0	2.0	0.0	2.0	0.0	94.0	153.0	5.0	0.0	0.0	0.0	10.0	0.0	14.0	1017.0	4.0	0.0	530.0	19.0	169.0	0.0	0.0	1575.0	0.0	86.0	0.0	34.0	238.0	0.0	0.0	232.0	0.0	203.0	529.0	0.0	611.0	19.0	0.0	66.0	0.0	134.0	0.0	0.0	4.0	0.0	0.0
cdhA_WP_128505891.1	0.0	0.0	437.0	23.0	0.0	4.0	1201.0	22.0	0.0	0.0	0.0	0.0	0.0	40.0	2.0	0.0	1.0	60.0	1415.0	0.0	0.0	2.0	0.0	143.0	308.0	8.0	4.0	0.0	2.0	6.0	0.0	38.0	1797.0	5.0	0.0	1100.0	3.0	261.0	0.0	0.0	2854.0	0.0	178.0	0.0	34.0	331.0	0.0	0.0	509.0	0.0	369.0	1050.0	0.0	1266.0	38.0	0.0	106.0	1.0	162.0	0.0	0.0	2.0	0.0	0.0
cdhA_WP_149761649.1	0.0	0.0	23.0	2.0	0.0	0.0	161.0	0.0	1.0	1.0	0.0	0.0	0.0	6.0	0.0	0.0	1.0	4.0	174.0	0.0	0.0	0.0	0.0	532.0	17.0	1.0	0.0	0.0	0.0	1414.0	0.0	1271.0	83.0	0.0	0.0	55.0	2.0	1578.0	0.0	0.0	104.0	0.0	1255.0	0.0	6.0	751.0	0.0	0.0	28.0	0.0	17.0	73.0	0.0	32.0	0.0	0.0	1188.0	0.0	524.0	0.0	0.0	0.0	0.0	0.0
cdhA_msj_MSSAC_3597	1.0	0.0	86.0	0.0	0.0	7.0	165.0	0.0	0.0	0.0	0.0	0.0	0.0	2.0	0.0	0.0	1.0	6.0	907.0	0.0	0.0	0.0	0.0	14.0	50.0	4.0	1.0	0.0	0.0	10.0	0.0	2.0	230.0	12.0	0.0	133.0	1.0	58.0	0.0	0.0	403.0	0.0	20.0	0.0	2.0	34.0	0.0	0.0	52.0	0.0	54.0	145.0	0.0	144.0	22.0	0.0	19.0	0.0	33.0	0.0	0.0	4.0	0.0	0.0
cdhA_mek_MSKOL_0967	0.0	0.0	8.0	5.0	0.0	4.0	7.0	4.0	0.0	0.0	1.0	0.0	0.0	2.0	0.0	0.0	2.0	11.0	206.0	0.0	0.0	0.0	0.0	0.0	45.0	0.0	0.0	0.0	0.0	5.0	0.0	89.0	155.0	20.0	0.0	84.0	0.0	483.0	0.0	0.0	193.0	0.0	0.0	0.0	5.0	0.0	0.0	0.0	57.0	0.0	23.0	30.0	0.0	95.0	4.0	0.0	227.0	0.0	325.0	0.0	0.0	0.0	0.0	0.0
cdhA_A0A0P0IWW4	0.0	0.0	500.0	0.0	0.0	0.0	3045.0	0.0	0.0	0.0	0.0	1.0	0.0	0.0	0.0	0.0	1.0	0.0	265.0	0.0	0.0	0.0	0.0	10475.0	6.0	2.0	2.0	0.0	0.0	4103.0	0.0	2143.0	0.0	0.0	0.0	449.0	0.0	1990.0	0.0	0.0	4.0	0.0	16083.0	1.0	0.0	13821.0	0.0	0.0	319.0	0.0	315.0	1494.0	0.0	0.0	1.0	0.0	1659.0	2.0	501.0	0.0	0.0	0.0	0.0	0.0
cdhA_A0A1V4YQH7	2.0	49.0	70.0	72.0	39.0	19.0	159.0	124.0	736.0	45.0	89.0	24.0	8.0	97.0	15.0	909.0	65.0	61.0	437.0	41.0	25.0	37.0	1976.0	15.0	16.0	19.0	4.0	40.0	10.0	306.0	1444.0	922.0	79.0	8.0	50.0	117.0	55.0	159.0	4.0	1584.0	442.0	1608.0	26.0	70.0	120.0	16.0	6.0	2.0	36.0	55.0	21.0	134.0	8.0	57.0	45.0	12.0	803.0	480.0	176.0	833.0	67.0	30.0	967.0	40.0
cdhA_20092656	0.0	0.0	2.0	2.0	0.0	2.0	7.0	5.0	0.0	0.0	0.0	0.0	0.0	4.0	0.0	0.0	1.0	12.0	88.0	0.0	0.0	0.0	0.0	2.0	2.0	3.0	0.0	0.0	0.0	3.0	0.0	0.0	20.0	3.0	1.0	14.0	0.0	12.0	0.0	0.0	41.0	0.0	2.0	0.0	6.0	0.0	0.0	0.0	9.0	0.0	2.0	13.0	0.0	10.0	6.0	0.0	2.0	0.0	6.0	0.0	0.0	0.0	0.0	0.0
cdhA_20093186	0.0	0.0	0.0	0.0	0.0	0.0	0.0	0.0	0.0	0.0	0.0	0.0	0.0	8.0	0.0	0.0	1.0	1.0	59.0	0.0	1.0	0.0	1.0	0.0	0.0	1.0	0.0	0.0	0.0	1.0	0.0	0.0	0.0	2.0	0.0	0.0	2.0	0.0	0.0	0.0	0.0	0.0	0.0	0.0	2.0	0.0	0.0	0.0	1.0	0.0	0.0	0.0	0.0	0.0	2.0	0.0	1.0	0.0	0.0	0.0	0.0	0.0	0.0	1.0
cdhA_mfz_AOB57_003735	1.0	1.0	18.0	0.0	0.0	2.0	71.0	0.0	0.0	2.0	0.0	0.0	0.0	0.0	0.0	0.0	2.0	0.0	85.0	0.0	0.0	0.0	0.0	259.0	7.0	0.0	0.0	0.0	0.0	89.0	0.0	58.0	48.0	2.0	0.0	69.0	0.0	90.0	0.0	0.0	55.0	0.0	358.0	0.0	0.0	345.0	0.0	0.0	47.0	0.0	16.0	48.0	0.0	17.0	1.0	0.0	72.0	0.0	54.0	0.0	0.0	0.0	0.0	0.0
cdhA_WP_048135319.1	0.0	0.0	136.0	26.0	0.0	9.0	269.0	30.0	0.0	0.0	0.0	0.0	0.0	45.0	0.0	0.0	1.0	21.0	781.0	2.0	0.0	0.0	0.0	88.0	52.0	8.0	0.0	0.0	2.0	16.0	0.0	24.0	472.0	17.0	0.0	208.0	18.0	65.0	0.0	0.0	751.0	0.0	52.0	0.0	23.0	166.0	0.0	0.0	116.0	0.0	99.0	259.0	0.0	255.0	25.0	0.0	44.0	0.0	74.0	0.0	0.0	4.0	0.0	0.0
cdhA_A0A1E7GBL5	0.0	0.0	3.0	1.0	1.0	8.0	0.0	0.0	0.0	0.0	0.0	0.0	0.0	3.0	0.0	0.0	2.0	2.0	46.0	0.0	0.0	0.0	0.0	0.0	8.0	7.0	0.0	0.0	0.0	12.0	0.0	21.0	22.0	19.0	0.0	7.0	0.0	103.0	0.0	0.0	24.0	0.0	0.0	0.0	5.0	0.0	0.0	0.0	0.0	0.0	2.0	2.0	0.0	15.0	0.0	0.0	52.0	0.0	61.0	0.0	1.0	0.0	0.0	0.0
cdhA_mek_MSKOL_3020	1.0	0.0	0.0	0.0	0.0	38.0	0.0	0.0	0.0	0.0	0.0	0.0	1.0	0.0	0.0	0.0	1.0	0.0	0.0	0.0	0.0	0.0	0.0	0.0	0.0	11.0	1.0	0.0	0.0	0.0	0.0	0.0	0.0	49.0	0.0	0.0	0.0	0.0	0.0	0.0	1.0	0.0	0.0	0.0	0.0	0.0	0.0	0.0	0.0	0.0	0.0	0.0	0.0	2.0	0.0	0.0	0.0	1.0	0.0	0.0	0.0	0.0	0.0	0.0
cdhA_330507409_m01	0.0	2.0	0.0	15.0	8.0	0.0	0.0	8.0	900.0	0.0	6.0	0.0	0.0	19.0	91.0	3270.0	6.0	17.0	0.0	0.0	0.0	28.0	1403.0	0.0	0.0	0.0	0.0	20.0	15.0	2.0	1482.0	0.0	2.0	2.0	0.0	0.0	46.0	0.0	0.0	1382.0	104.0	2545.0	0.0	0.0	21.0	0.0	0.0	0.0	0.0	27.0	0.0	0.0	0.0	0.0	0.0	0.0	0.0	1211.0	0.0	608.0	0.0	9.0	2435.0	0.0
cdhA_386003003_m01	351.0	0.0	181.0	1.0	0.0	0.0	183.0	0.0	1.0	407.0	4.0	0.0	2.0	0.0	0.0	5.0	1.0	0.0	2.0	0.0	180.0	0.0	0.0	26.0	7.0	0.0	1.0	370.0	0.0	0.0	0.0	0.0	3.0	0.0	0.0	229.0	0.0	0.0	233.0	2.0	0.0	4.0	25.0	220.0	0.0	22.0	133.0	39.0	101.0	0.0	116.0	155.0	217.0	4.0	0.0	239.0	0.0	2.0	2.0	0.0	0.0	0.0	0.0	0.0
cdhA_386001486_m01	301.0	2.0	3418.0	0.0	0.0	0.0	3122.0	0.0	4.0	310.0	2.0	38.0	0.0	0.0	0.0	197.0	0.0	0.0	0.0	0.0	89.0	0.0	14.0	547.0	118.0	0.0	4.0	408.0	0.0	0.0	21.0	0.0	25.0	0.0	0.0	2820.0	0.0	0.0	164.0	13.0	49.0	240.0	363.0	109.0	0.0	597.0	78.0	26.0	1593.0	0.0	1584.0	3298.0	285.0	29.0	0.0	253.0	0.0	82.0	1.0	5.0	0.0	0.0	20.0	0.0
cdhA_A0A1V4TJU9_m01	0.0	3536.0	0.0	16.0	6113.0	8.0	16.0	92.0	119.0	41.0	4505.0	13.0	4.0	115.0	33.0	145.0	3568.0	15.0	98.0	2166.0	13.0	4.0	72.0	3.0	6.0	13.0	4.0	0.0	3.0	51.0	262.0	76.0	29.0	6.0	3473.0	1.0	13.0	24.0	2.0	38.0	41.0	401.0	6.0	30.0	80.0	4.0	2.0	1.0	0.0	3184.0	2.0	2.0	0.0	27.0	22.0	1.0	33.0	81.0	17.0	38.0	2555.0	5.0	268.0	2936.0
cdhA_WP_149761649.1_m01	0.0	0.0	0.0	4.0	2.0	0.0	1.0	0.0	0.0	0.0	0.0	0.0	0.0	10.0	0.0	0.0	1.0	8.0	306.0	0.0	0.0	0.0	0.0	5.0	32.0	0.0	0.0	0.0	0.0	765.0	0.0	840.0	174.0	3.0	0.0	35.0	4.0	1429.0	0.0	0.0	253.0	0.0	16.0	0.0	10.0	17.0	1.0	0.0	13.0	0.0	4.0	7.0	0.0	91.0	3.0	0.0	912.0	0.0	652.0	0.0	0.0	0.0	0.0	0.0
cdhA_mek_MSKOL_0967_m01	0.0	0.0	6.0	2.0	0.0	2.0	12.0	2.0	0.0	0.0	0.0	0.0	0.0	3.0	0.0	0.0	0.0	13.0	152.0	0.0	0.0	0.0	0.0	0.0	22.0	0.0	0.0	0.0	0.0	11.0	0.0	39.0	93.0	11.0	0.0	69.0	4.0	365.0	0.0	0.0	160.0	1.0	0.0	0.0	4.0	0.0	0.0	0.0	34.0	0.0	19.0	28.0	0.0	77.0	1.0	0.0	133.0	0.0	236.0	0.0	0.0	0.0	0.0	0.0
cdhA_mfz_AOB57_003735_m01	1.0	0.0	8.0	0.0	0.0	12.0	5.0	2.0	0.0	0.0	0.0	0.0	0.0	0.0	0.0	0.0	0.0	0.0	20.0	0.0	0.0	0.0	1.0	37.0	4.0	0.0	0.0	0.0	0.0	14.0	0.0	9.0	10.0	20.0	0.0	9.0	0.0	26.0	1.0	0.0	7.0	0.0	57.0	0.0	1.0	29.0	0.0	0.0	3.0	0.0	1.0	6.0	0.0	5.0	2.0	0.0	14.0	0.0	24.0	0.0	0.0	0.0	0.0	0.0
cdhA_330507409_m02	38.0	0.0	0.0	0.0	0.0	426.0	0.0	0.0	0.0	17.0	1.0	686.0	370.0	0.0	0.0	1.0	1.0	0.0	322.0	0.0	3.0	0.0	0.0	0.0	423.0	565.0	390.0	52.0	0.0	393.0	0.0	49.0	88.0	748.0	0.0	0.0	0.0	23.0	7.0	0.0	83.0	0.0	0.0	15.0	0.0	0.0	14.0	229.0	0.0	0.0	0.0	0.0	33.0	108.0	423.0	30.0	30.0	0.0	93.0	0.0	0.0	0.0	0.0	0.0
cdhA_386001486_m02	231.0	0.0	1531.0	0.0	0.0	0.0	1521.0	0.0	6.0	203.0	0.0	11.0	0.0	0.0	0.0	144.0	3.0	0.0	0.0	0.0	116.0	0.0	12.0	271.0	32.0	2.0	0.0	360.0	0.0	4.0	10.0	0.0	17.0	0.0	0.0	1201.0	0.0	2.0	119.0	17.0	27.0	146.0	195.0	114.0	0.0	287.0	92.0	29.0	613.0	1.0	758.0	1728.0	162.0	7.0	0.0	157.0	0.0	42.0	0.0	4.0	0.0	0.0	23.0	0.0
cdhA_A0A1V4TJU9_m02	0.0	376.0	0.0	3.0	605.0	505.0	1.0	2.0	19.0	2.0	504.0	1066.0	298.0	13.0	13.0	20.0	359.0	0.0	3244.0	196.0	2.0	2.0	10.0	2.0	413.0	549.0	644.0	0.0	1.0	1590.0	23.0	967.0	823.0	140.0	334.0	2.0	5.0	807.0	0.0	8.0	1211.0	42.0	2.0	2.0	13.0	2.0	0.0	324.0	0.0	332.0	0.0	0.0	2.0	877.0	708.0	2.0	875.0	15.0	477.0	2.0	227.0	5.0	25.0	274.0
cdhA_1220534.B655_0322_m01	2.0	1.0	0.0	0.0	0.0	43.0	0.0	0.0	2.0	0.0	0.0	7.0	1.0	0.0	0.0	0.0	2.0	0.0	101.0	0.0	0.0	0.0	0.0	0.0	6.0	24.0	1.0	0.0	0.0	95.0	0.0	40.0	4.0	19.0	0.0	0.0	1.0	26.0	0.0	0.0	12.0	0.0	0.0	0.0	0.0	0.0	0.0	0.0	0.0	0.0	0.0	0.0	0.0	8.0	27.0	0.0	28.0	1.0	9.0	0.0	0.0	0.0	0.0	0.0
cdhA_WP_004030694.1_m01	0.0	0.0	0.0	0.0	0.0	72.0	0.0	0.0	0.0	0.0	0.0	130.0	50.0	0.0	1.0	0.0	0.0	0.0	579.0	0.0	0.0	0.0	0.0	0.0	96.0	101.0	78.0	0.0	0.0	282.0	0.0	149.0	140.0	30.0	0.0	1.0	0.0	133.0	0.0	0.0	182.0	0.0	0.0	0.0	0.0	0.0	0.0	43.0	0.0	0.0	0.0	0.0	0.0	143.0	126.0	1.0	131.0	0.0	70.0	0.0	0.0	0.0	0.0	0.0
cdhA_330507409_m03	557.0	0.0	0.0	0.0	0.0	270.0	0.0	0.0	183.0	1296.0	4.0	301.0	200.0	0.0	0.0	534.0	5.0	3.0	164.0	0.0	815.0	2.0	275.0	0.0	190.0	361.0	194.0	947.0	1.0	217.0	253.0	25.0	52.0	394.0	5.0	0.0	2.0	21.0	709.0	259.0	59.0	457.0	0.0	1324.0	0.0	0.0	2422.0	781.0	0.0	1.0	0.0	4.0	1033.0	54.0	235.0	994.0	24.0	195.0	67.0	124.0	0.0	0.0	447.0	0.0
cdhA_330507409_m04	1.0	0.0	0.0	0.0	0.0	356.0	0.0	0.0	97.0	2.0	0.0	41.0	16.0	0.0	0.0	333.0	2.0	0.0	66.0	0.0	1.0	0.0	187.0	0.0	10.0	153.0	24.0	7.0	0.0	200.0	154.0	5.0	4.0	326.0	0.0	0.0	2.0	0.0	1.0	138.0	18.0	252.0	0.0	0.0	6.0	0.0	3.0	6.0	0.0	4.0	0.0	0.0	2.0	5.0	102.0	3.0	6.0	168.0	16.0	63.0	0.0	2.0	238.0	0.0
cdhA_330507409_m05	0.0	6.0	0.0	23.0	18.0	6.0	0.0	35.0	186.0	0.0	15.0	8.0	2.0	31.0	199.0	1006.0	5.0	46.0	2.0	0.0	0.0	57.0	292.0	0.0	2.0	10.0	2.0	8.0	44.0	4.0	424.0	0.0	2.0	21.0	0.0	0.0	80.0	0.0	0.0	380.0	1.0	920.0	0.0	0.0	35.0	0.0	0.0	0.0	0.0	31.0	0.0	0.0	0.0	2.0	0.0	0.0	0.0	389.0	0.0	82.0	4.0	9.0	679.0	7.0
cdhA_330507409_m06	2.0	0.0	0.0	0.0	4.0	412.0	0.0	10.0	18.0	0.0	0.0	80.0	31.0	6.0	17.0	92.0	6.0	5.0	86.0	0.0	1.0	2.0	36.0	0.0	45.0	161.0	46.0	10.0	0.0	237.0	37.0	5.0	10.0	326.0	0.0	0.0	2.0	8.0	0.0	19.0	8.0	68.0	0.0	2.0	6.0	0.0	0.0	27.0	0.0	0.0	0.0	0.0	4.0	7.0	140.0	2.0	3.0	40.0	18.0	6.0	0.0	2.0	46.0	1.0
cdhA_1220534.B655_0322_m02	0.0	4.0	0.0	0.0	8.0	224.0	0.0	0.0	0.0	0.0	1.0	506.0	129.0	0.0	0.0	0.0	8.0	0.0	1613.0	3.0	0.0	1.0	0.0	0.0	233.0	289.0	337.0	0.0	0.0	724.0	0.0	388.0	460.0	65.0	11.0	0.0	0.0	384.0	0.0	1.0	606.0	2.0	0.0	0.0	1.0	0.0	0.0	144.0	0.0	1.0	0.0	0.0	0.0	373.0	305.0	0.0	364.0	0.0	243.0	0.0	5.0	0.0	0.0	15.0
cdhA_WP_004030694.1_m02	0.0	0.0	0.0	1.0	0.0	26.0	0.0	0.0	0.0	0.0	0.0	35.0	59.0	2.0	0.0	4.0	1.0	0.0	122.0	0.0	0.0	0.0	2.0	0.0	10.0	26.0	22.0	0.0	0.0	84.0	2.0	87.0	14.0	18.0	0.0	0.0	1.0	67.0	0.0	0.0	30.0	3.0	0.0	0.0	0.0	0.0	0.0	11.0	2.0	0.0	0.0	0.0	0.0	33.0	22.0	0.0	74.0	0.0	44.0	0.0	0.0	2.0	2.0	0.0
cdhA_A0A1E7GBL5_m01	1.0	0.0	0.0	0.0	0.0	8.0	0.0	2.0	0.0	0.0	1.0	0.0	0.0	2.0	0.0	0.0	0.0	2.0	37.0	0.0	0.0	0.0	0.0	0.0	9.0	8.0	0.0	0.0	0.0	12.0	0.0	20.0	30.0	3.0	0.0	5.0	0.0	116.0	0.0	0.0	30.0	2.0	0.0	0.0	2.0	0.0	0.0	0.0	4.0	0.0	0.0	4.0	0.0	20.0	5.0	0.0	69.0	1.0	95.0	0.0	0.0	0.0	0.0	0.0
cdhA_WP_004030694.1_m03	0.0	0.0	0.0	0.0	1.0	54.0	0.0	0.0	0.0	0.0	0.0	51.0	68.0	0.0	0.0	0.0	1.0	0.0	154.0	0.0	0.0	0.0	0.0	0.0	32.0	58.0	29.0	0.0	0.0	105.0	0.0	37.0	41.0	46.0	0.0	1.0	0.0	53.0	0.0	0.0	48.0	0.0	0.0	0.0	0.0	0.0	0.0	33.0	0.0	0.0	0.0	0.0	0.0	49.0	39.0	0.0	23.0	0.0	33.0	0.0	0.0	0.0	0.0	0.0
cdhA_330507409_m08	22.0	0.0	0.0	0.0	0.0	185.0	0.0	0.0	0.0	17.0	0.0	313.0	173.0	0.0	0.0	2.0	2.0	0.0	97.0	0.0	9.0	0.0	0.0	0.0	235.0	228.0	193.0	30.0	0.0	157.0	0.0	20.0	52.0	307.0	0.0	0.0	0.0	8.0	17.0	0.0	36.0	1.0	0.0	22.0	0.0	0.0	46.0	88.0	0.0	0.0	0.0	0.0	29.0	58.0	144.0	27.0	7.0	0.0	38.0	1.0	0.0	0.0	0.0	0.0
cdhA_A0A497L571_m01	0.0	0.0	0.0	0.0	0.0	768.0	0.0	0.0	0.0	0.0	0.0	10.0	84.0	0.0	0.0	0.0	1.0	0.0	150.0	0.0	0.0	0.0	0.0	0.0	9.0	1339.0	17.0	0.0	0.0	81.0	0.0	31.0	0.0	821.0	0.0	0.0	0.0	37.0	0.0	0.0	1.0	0.0	0.0	0.0	0.0	0.0	0.0	56.0	0.0	0.0	0.0	0.0	0.0	0.0	196.0	0.0	30.0	0.0	17.0	0.0	0.0	0.0	0.0	0.0
cdhA_330507409_m11	9.0	0.0	0.0	0.0	0.0	334.0	0.0	2.0	0.0	3.0	0.0	109.0	70.0	0.0	0.0	0.0	1.0	0.0	48.0	0.0	2.0	0.0	2.0	0.0	72.0	235.0	54.0	17.0	0.0	233.0	0.0	6.0	19.0	558.0	0.0	0.0	0.0	0.0	2.0	0.0	5.0	0.0	0.0	0.0	0.0	0.0	2.0	45.0	0.0	0.0	0.0	0.0	4.0	15.0	64.0	8.0	10.0	0.0	8.0	0.0	0.0	0.0	0.0	0.0
cdhA_A0A1V4YQH7_m01	3.0	52.0	18.0	17.0	86.0	4.0	65.0	60.0	348.0	22.0	92.0	6.0	3.0	27.0	0.0	402.0	60.0	25.0	171.0	44.0	11.0	19.0	938.0	7.0	8.0	4.0	4.0	24.0	5.0	82.0	658.0	357.0	32.0	5.0	73.0	74.0	7.0	45.0	2.0	744.0	151.0	804.0	30.0	27.0	40.0	4.0	0.0	0.0	22.0	70.0	13.0	44.0	6.0	21.0	16.0	6.0	283.0	224.0	67.0	406.0	38.0	15.0	466.0	41.0
cdhA_A0A497L571_m02	0.0	1.0	2.0	0.0	0.0	263.0	0.0	0.0	0.0	0.0	0.0	4.0	37.0	0.0	0.0	0.0	4.0	0.0	130.0	0.0	0.0	0.0	0.0	0.0	13.0	701.0	17.0	0.0	0.0	126.0	0.0	23.0	1.0	366.0	0.0	0.0	0.0	7.0	0.0	0.0	0.0	0.0	0.0	0.0	0.0	0.0	0.0	6.0	0.0	0.0	0.0	0.0	0.0	0.0	151.0	0.0	5.0	0.0	13.0	0.0	0.0	0.0	0.0	0.0
cdhA_mhor_MSHOH_3260_m01	0.0	0.0	224.0	1.0	0.0	0.0	544.0	4.0	0.0	0.0	0.0	2.0	0.0	14.0	0.0	0.0	0.0	3.0	821.0	4.0	0.0	2.0	0.0	56.0	152.0	1.0	0.0	0.0	0.0	4.0	0.0	17.0	1161.0	3.0	0.0	584.0	0.0	147.0	0.0	0.0	1585.0	0.0	75.0	0.0	14.0	202.0	0.0	0.0	246.0	0.0	183.0	601.0	0.0	597.0	24.0	0.0	66.0	0.0	87.0	0.0	0.0	0.0	0.0	0.0
cdhA_A0A497L571_m03	0.0	0.0	0.0	0.0	0.0	402.0	0.0	0.0	0.0	0.0	0.0	0.0	40.0	0.0	0.0	0.0	1.0	1.0	151.0	0.0	0.0	0.0	0.0	0.0	5.0	826.0	11.0	0.0	0.0	58.0	0.0	35.0	11.0	425.0	0.0	0.0	0.0	30.0	0.0	0.0	0.0	0.0	0.0	0.0	0.0	0.0	0.0	30.0	0.0	0.0	0.0	0.0	0.0	0.0	141.0	0.0	18.0	0.0	15.0	0.0	0.0	0.0	0.0	0.0
cdhA_A0A497L571_m04	1.0	0.0	0.0	0.0	0.0	162.0	0.0	0.0	0.0	0.0	0.0	0.0	1.0	0.0	0.0	0.0	3.0	0.0	110.0	0.0	0.0	0.0	0.0	0.0	2.0	306.0	2.0	0.0	0.0	26.0	0.0	31.0	3.0	218.0	0.0	0.0	0.0	3.0	0.0	0.0	3.0	0.0	0.0	0.0	0.0	0.0	0.0	0.0	0.0	0.0	0.0	0.0	0.0	0.0	62.0	0.0	17.0	0.0	13.0	0.0	0.0	0.0	0.0	0.0
cdhA_A0A497L571_m05	0.0	0.0	0.0	0.0	0.0	242.0	0.0	0.0	0.0	0.0	0.0	3.0	31.0	0.0	0.0	0.0	3.0	0.0	92.0	0.0	0.0	0.0	0.0	0.0	3.0	540.0	7.0	0.0	0.0	125.0	0.0	13.0	0.0	366.0	0.0	0.0	0.0	4.0	0.0	0.0	0.0	0.0	0.0	0.0	0.0	0.0	0.0	7.0	0.0	0.0	0.0	0.0	0.0	1.0	128.0	0.0	3.0	0.0	5.0	0.0	0.0	0.0	0.0	0.0
cdhA_A0A497L571_m06	0.0	0.0	0.0	0.0	0.0	75.0	0.0	0.0	1.0	0.0	0.0	1.0	0.0	0.0	0.0	0.0	0.0	0.0	78.0	0.0	0.0	0.0	0.0	0.0	4.0	211.0	4.0	0.0	0.0	39.0	0.0	11.0	2.0	122.0	0.0	0.0	0.0	13.0	0.0	0.0	0.0	0.0	0.0	0.0	0.0	0.0	0.0	0.0	0.0	0.0	0.0	0.0	0.0	0.0	58.0	0.0	3.0	0.0	11.0	0.0	0.0	0.0	0.0	0.0
cdhA_A0A497L571_m08	1.0	0.0	0.0	0.0	0.0	66.0	0.0	0.0	0.0	0.0	0.0	2.0	2.0	0.0	0.0	0.0	1.0	0.0	46.0	0.0	0.0	0.0	0.0	0.0	3.0	172.0	1.0	0.0	0.0	18.0	0.0	7.0	0.0	118.0	0.0	0.0	0.0	7.0	0.0	0.0	0.0	0.0	0.0	0.0	0.0	0.0	0.0	4.0	0.0	0.0	0.0	0.0	0.0	0.0	30.0	0.0	7.0	0.0	19.0	0.0	0.0	0.0	0.0	0.0
cdhA_A0A497L571_m09	0.0	0.0	0.0	0.0	0.0	112.0	0.0	0.0	0.0	0.0	0.0	3.0	0.0	0.0	0.0	0.0	4.0	0.0	60.0	0.0	0.0	0.0	0.0	0.0	0.0	272.0	2.0	0.0	0.0	61.0	0.0	14.0	1.0	226.0	0.0	0.0	0.0	5.0	0.0	0.0	0.0	0.0	0.0	0.0	0.0	0.0	0.0	0.0	0.0	1.0	0.0	0.0	0.0	0.0	70.0	0.0	11.0	0.0	4.0	1.0	0.0	0.0	0.0	0.0
cdhA_A0A497L571_m10	0.0	0.0	0.0	0.0	0.0	248.0	0.0	0.0	0.0	0.0	0.0	2.0	9.0	0.0	0.0	0.0	0.0	0.0	88.0	0.0	0.0	0.0	0.0	0.0	0.0	343.0	1.0	0.0	0.0	44.0	0.0	2.0	2.0	354.0	0.0	0.0	0.0	5.0	0.0	0.0	0.0	0.0	0.0	0.0	0.0	0.0	0.0	1.0	0.0	0.0	0.0	0.0	0.0	0.0	61.0	0.0	10.0	0.0	6.0	0.0	0.0	0.0	0.0	0.0
cdhA_WP_004030694.1_m04	0.0	0.0	0.0	2.0	0.0	11.0	0.0	2.0	0.0	0.0	0.0	20.0	17.0	1.0	0.0	3.0	0.0	0.0	39.0	0.0	0.0	0.0	4.0	0.0	3.0	10.0	12.0	0.0	2.0	58.0	4.0	69.0	7.0	6.0	0.0	0.0	0.0	42.0	0.0	2.0	5.0	2.0	0.0	0.0	0.0	0.0	0.0	12.0	0.0	0.0	0.0	0.0	0.0	13.0	12.0	0.0	82.0	0.0	20.0	0.0	0.0	2.0	2.0	0.0
cdhA_A0A497L571_m11	1.0	0.0	0.0	0.0	0.0	88.0	0.0	0.0	0.0	0.0	0.0	0.0	7.0	0.0	0.0	0.0	1.0	0.0	84.0	0.0	1.0	0.0	0.0	0.0	0.0	193.0	0.0	0.0	0.0	55.0	0.0	7.0	1.0	119.0	0.0	0.0	0.0	13.0	0.0	0.0	0.0	0.0	0.0	0.0	0.0	0.0	0.0	0.0	0.0	0.0	0.0	0.0	0.0	0.0	54.0	0.0	2.0	0.0	12.0	0.0	0.0	0.0	0.0	0.0
cdhA_WP_004030694.1_m05	0.0	0.0	0.0	0.0	0.0	45.0	0.0	2.0	0.0	1.0	0.0	16.0	75.0	0.0	0.0	0.0	1.0	0.0	190.0	0.0	0.0	0.0	0.0	0.0	20.0	36.0	16.0	0.0	0.0	116.0	0.0	30.0	17.0	42.0	0.0	0.0	0.0	40.0	1.0	0.0	34.0	0.0	0.0	0.0	0.0	0.0	0.0	25.0	0.0	0.0	0.0	0.0	0.0	42.0	37.0	0.0	27.0	0.0	21.0	0.0	0.0	0.0	0.0	0.0
