	ZB_1	ZB_2	ZB_3	ZB_4	ZB_5	ZB_6	ZB_7	ZB_8	ZB_9	ZB_10	ZB_11	ZB_12	ZB_13	ZB_14	ZB_15	ZB_16	ZB_17	ZB_18	ZB_19	ZB_20	ZB_21	ZB_22	ZB_23	ZB_24	ZB_25	ZB_26	ZB_27	ZB_28	ZB_29	ZB_30	ZB_31	ZB_32	ZB_33	ZB_34	ZB_35	ZB_36	ZB_37	ZB_38	ZB_39	ZB_40	ZB_41	ZB_42	ZB_43	ZB_44	ZB_45	ZB_46	ZB_47	ZB_48	ZB_49	ZB_50	ZB_51	ZB_52	ZB_53	ZB_54	ZB_55	ZB_56	ZB_57	ZB_58	ZB_59	ZB_60	ZB_61	ZB_62	ZB_63	ZB_64
cdhD_330507405	879.0	0.0	0.0	0.0	2.0	654.0	2.0	0.0	0.0	1826.0	13.0	1085.0	614.0	0.0	0.0	0.0	7.0	1.0	497.0	0.0	1115.0	2.0	0.0	0.0	692.0	1082.0	596.0	1223.0	2.0	528.0	0.0	86.0	143.0	1042.0	0.0	2.0	0.0	43.0	936.0	4.0	149.0	4.0	0.0	1717.0	0.0	0.0	3202.0	1271.0	0.0	1.0	0.0	0.0	1504.0	176.0	706.0	1288.0	46.0	0.0	182.0	0.0	2.0	0.0	0.0	0.0
cdhD_386002998	249.0	0.0	2138.0	0.0	0.0	0.0	1998.0	0.0	8.0	226.0	0.0	14.0	0.0	0.0	0.0	60.0	0.0	0.0	0.0	0.0	100.0	0.0	7.0	381.0	108.0	0.0	10.0	379.0	0.0	0.0	8.0	0.0	46.0	0.0	2.0	2051.0	0.0	0.0	103.0	2.0	47.0	91.0	243.0	91.0	0.0	433.0	52.0	11.0	1253.0	0.0	1219.0	1927.0	189.0	22.0	0.0	181.0	0.0	27.0	0.0	0.0	0.0	0.0	5.0	0.0
cdhD_A0A101IJ87	129.0	0.0	1618.0	0.0	0.0	0.0	1522.0	0.0	14.0	98.0	2.0	21.0	0.0	0.0	0.0	134.0	0.0	0.0	0.0	0.0	43.0	0.0	8.0	288.0	30.0	0.0	1.0	234.0	0.0	0.0	8.0	0.0	21.0	0.0	2.0	1429.0	0.0	0.0	55.0	10.0	12.0	121.0	132.0	62.0	0.0	334.0	27.0	10.0	792.0	0.0	801.0	1688.0	143.0	20.0	0.0	111.0	0.0	27.0	0.0	3.0	0.0	0.0	15.0	0.0
cdhD_435851162	2.0	0.0	0.0	4.0	1.0	45.0	0.0	0.0	0.0	3.0	0.0	10.0	32.0	0.0	0.0	0.0	0.0	0.0	61.0	0.0	0.0	0.0	0.0	0.0	7.0	34.0	2.0	0.0	0.0	67.0	0.0	2.0	3.0	61.0	0.0	0.0	0.0	8.0	0.0	0.0	9.0	0.0	0.0	7.0	0.0	0.0	2.0	12.0	0.0	0.0	0.0	0.0	3.0	4.0	24.0	5.0	18.0	0.0	7.0	0.0	0.0	1.0	0.0	0.0
cdhD_A0A1V5B955	0.0	7.0	0.0	29.0	13.0	1.0	0.0	26.0	241.0	0.0	17.0	0.0	0.0	42.0	250.0	1106.0	9.0	61.0	0.0	0.0	0.0	39.0	307.0	0.0	0.0	2.0	0.0	10.0	38.0	3.0	462.0	0.0	0.0	0.0	3.0	0.0	50.0	0.0	0.0	370.0	2.0	1192.0	0.0	0.0	49.0	0.0	0.0	0.0	5.0	26.0	0.0	0.0	0.0	0.0	1.0	0.0	0.0	426.0	0.0	77.0	7.0	23.0	824.0	2.0
cdhD_A0A1V5ZFK5	0.0	0.0	5.0	1.0	0.0	1.0	0.0	0.0	0.0	0.0	0.0	15.0	0.0	0.0	0.0	0.0	1.0	2.0	0.0	0.0	0.0	1.0	1.0	0.0	0.0	0.0	0.0	2.0	7.0	5.0	2.0	0.0	0.0	0.0	0.0	0.0	1.0	0.0	0.0	0.0	3.0	0.0	0.0	0.0	0.0	2.0	0.0	2.0	0.0	0.0	2.0	0.0	2.0	0.0	10.0	2.0	0.0	0.0	0.0	0.0	0.0	0.0	0.0	0.0
cdhD_452210639	0.0	0.0	0.0	0.0	0.0	20.0	0.0	0.0	0.0	0.0	0.0	11.0	25.0	0.0	0.0	0.0	1.0	0.0	298.0	0.0	0.0	0.0	0.0	0.0	1.0	29.0	13.0	1.0	0.0	54.0	0.0	3.0	0.0	46.0	0.0	0.0	0.0	10.0	0.0	0.0	4.0	0.0	0.0	0.0	0.0	0.0	0.0	6.0	0.0	0.0	0.0	0.0	0.0	11.0	140.0	0.0	8.0	0.0	9.0	0.0	0.0	0.0	0.0	0.0
cdhD_A0A257MSX5	0.0	0.0	0.0	0.0	0.0	464.0	0.0	0.0	0.0	0.0	0.0	11.0	15.0	0.0	0.0	0.0	0.0	0.0	42.0	0.0	0.0	0.0	0.0	0.0	2.0	189.0	8.0	0.0	0.0	254.0	0.0	10.0	1.0	373.0	0.0	0.0	0.0	1.0	0.0	0.0	0.0	0.0	0.0	0.0	0.0	0.0	2.0	5.0	0.0	0.0	0.0	0.0	0.0	1.0	147.0	0.0	3.0	0.0	13.0	0.0	0.0	0.0	0.0	0.0
cdhD_A0A2I0PDB4	0.0	0.0	0.0	0.0	0.0	999.0	0.0	0.0	0.0	0.0	0.0	7.0	97.0	0.0	0.0	0.0	1.0	0.0	254.0	0.0	0.0	0.0	0.0	0.0	2.0	1768.0	12.0	0.0	0.0	122.0	0.0	38.0	6.0	1050.0	0.0	0.0	0.0	39.0	0.0	0.0	0.0	0.0	0.0	0.0	0.0	1.0	0.0	61.0	0.0	0.0	0.0	0.0	0.0	5.0	225.0	0.0	23.0	0.0	30.0	0.0	0.0	0.0	0.0	0.0
cdhD_mfz_AOB57_003755	0.0	0.0	218.0	0.0	0.0	0.0	1352.0	0.0	0.0	0.0	0.0	0.0	0.0	0.0	0.0	0.0	0.0	1.0	215.0	0.0	0.0	0.0	0.0	5030.0	8.0	0.0	0.0	0.0	0.0	2857.0	2.0	1774.0	0.0	0.0	0.0	199.0	0.0	1880.0	0.0	0.0	2.0	0.0	7788.0	0.0	0.0	6531.0	0.0	0.0	154.0	0.0	179.0	751.0	0.0	0.0	0.0	0.0	1504.0	0.0	428.0	0.0	0.0	0.0	0.0	0.0
cdhD_mhor_MSHOH_0735	0.0	0.0	45.0	3.0	0.0	0.0	132.0	1.0	0.0	0.0	0.0	0.0	0.0	11.0	0.0	0.0	0.0	12.0	692.0	0.0	0.0	0.0	0.0	15.0	38.0	0.0	0.0	0.0	0.0	0.0	0.0	9.0	236.0	7.0	0.0	97.0	1.0	78.0	0.0	0.0	325.0	0.0	31.0	0.0	21.0	59.0	0.0	0.0	48.0	0.0	48.0	124.0	0.0	164.0	17.0	0.0	27.0	0.0	47.0	0.0	0.0	0.0	0.0	0.0
cdhD_WP_048134578.1	0.0	0.0	477.0	30.0	0.0	0.0	1087.0	19.0	0.0	0.0	0.0	0.0	0.0	49.0	2.0	0.0	1.0	59.0	584.0	2.0	0.0	2.0	0.0	132.0	285.0	0.0	0.0	0.0	2.0	13.0	0.0	37.0	1870.0	4.0	0.0	1129.0	30.0	390.0	0.0	0.0	2761.0	0.0	144.0	0.0	31.0	299.0	0.0	0.0	517.0	0.0	430.0	1065.0	0.0	1116.0	9.0	0.0	146.0	0.0	297.0	0.0	0.0	4.0	0.0	0.0
cdhD_A0A1V5ADA0	0.0	0.0	0.0	0.0	0.0	20.0	0.0	0.0	46.0	0.0	0.0	0.0	0.0	0.0	4.0	121.0	0.0	0.0	0.0	0.0	0.0	0.0	117.0	0.0	0.0	7.0	0.0	0.0	0.0	8.0	62.0	0.0	0.0	9.0	0.0	0.0	0.0	0.0	0.0	68.0	3.0	117.0	0.0	0.0	0.0	0.0	0.0	0.0	0.0	1.0	0.0	0.0	0.0	0.0	0.0	0.0	0.0	80.0	4.0	20.0	0.0	0.0	123.0	0.0
cdhD_20089887	1.0	0.0	17.0	1.0	0.0	9.0	44.0	0.0	0.0	0.0	0.0	0.0	0.0	7.0	0.0	0.0	1.0	4.0	30.0	0.0	0.0	0.0	0.0	6.0	10.0	4.0	0.0	0.0	0.0	3.0	0.0	3.0	83.0	8.0	0.0	73.0	0.0	11.0	0.0	0.0	123.0	0.0	6.0	0.0	2.0	17.0	0.0	0.0	19.0	0.0	16.0	23.0	0.0	43.0	2.0	0.0	7.0	0.0	34.0	0.0	0.0	0.0	0.0	0.0
cdhD_mek_MSKOL_0963	0.0	0.0	18.0	3.0	0.0	28.0	32.0	0.0	0.0	0.0	0.0	2.0	0.0	0.0	0.0	0.0	1.0	1.0	36.0	0.0	0.0	0.0	0.0	4.0	5.0	14.0	0.0	0.0	0.0	3.0	0.0	3.0	44.0	49.0	0.0	27.0	0.0	12.0	0.0	0.0	97.0	0.0	4.0	0.0	2.0	10.0	0.0	0.0	12.0	0.0	5.0	25.0	0.0	46.0	6.0	0.0	3.0	0.0	3.0	0.0	0.0	0.0	0.0	0.0
cdhD_330507405_m01	1.0	0.0	0.0	0.0	0.0	0.0	0.0	3.0	859.0	0.0	0.0	2.0	0.0	4.0	0.0	3422.0	1.0	4.0	0.0	0.0	0.0	0.0	1674.0	0.0	0.0	0.0	1.0	24.0	5.0	0.0	1517.0	0.0	0.0	0.0	0.0	0.0	7.0	0.0	0.0	1403.0	130.0	2369.0	0.0	0.0	7.0	0.0	0.0	0.0	0.0	14.0	0.0	0.0	0.0	2.0	0.0	0.0	0.0	1429.0	0.0	658.0	0.0	0.0	2631.0	0.0
cdhD_A0A1V5B339_m01	113.0	1.0	26.0	1.0	0.0	0.0	18.0	0.0	0.0	139.0	0.0	0.0	0.0	0.0	0.0	0.0	1.0	0.0	0.0	0.0	69.0	0.0	0.0	4.0	0.0	0.0	0.0	112.0	0.0	0.0	0.0	0.0	0.0	0.0	0.0	46.0	0.0	0.0	89.0	0.0	0.0	2.0	1.0	54.0	0.0	2.0	64.0	22.0	14.0	0.0	11.0	26.0	76.0	2.0	0.0	90.0	0.0	0.0	0.0	0.0	0.0	0.0	0.0	0.0
cdhD_A0A101IJ87_m01	121.0	0.0	1526.0	0.0	0.0	0.0	1483.0	0.0	10.0	102.0	0.0	8.0	0.0	0.0	0.0	102.0	2.0	0.0	0.0	0.0	24.0	0.0	8.0	236.0	24.0	0.0	4.0	159.0	0.0	0.0	7.0	0.0	11.0	0.0	0.0	1169.0	0.0	0.0	36.0	5.0	14.0	104.0	180.0	24.0	0.0	297.0	35.0	3.0	631.0	0.0	709.0	1392.0	74.0	7.0	0.0	107.0	0.0	36.0	0.0	7.0	0.0	0.0	33.0	0.0
cdhD_73667749_m01	0.0	0.0	7.0	6.0	0.0	0.0	23.0	0.0	0.0	0.0	0.0	0.0	0.0	0.0	0.0	0.0	0.0	4.0	222.0	0.0	0.0	0.0	0.0	4.0	34.0	0.0	0.0	0.0	0.0	16.0	0.0	101.0	147.0	1.0	0.0	13.0	2.0	533.0	0.0	0.0	212.0	0.0	19.0	0.0	0.0	57.0	0.0	0.0	6.0	0.0	3.0	18.0	0.0	114.0	2.0	0.0	207.0	0.0	289.0	0.0	0.0	0.0	0.0	0.0
cdhD_mfz_AOB57_003755_m01	0.0	0.0	210.0	8.0	0.0	0.0	621.0	4.0	0.0	0.0	0.0	0.0	0.0	20.0	0.0	0.0	1.0	12.0	301.0	0.0	0.0	0.0	0.0	994.0	96.0	1.0	0.0	0.0	9.0	463.0	0.0	367.0	673.0	2.0	0.0	370.0	9.0	601.0	0.0	0.0	993.0	0.0	1307.0	0.0	9.0	1365.0	0.0	0.0	181.0	0.0	214.0	464.0	0.0	441.0	7.0	0.0	367.0	0.0	218.0	0.0	0.0	0.0	0.0	0.0
cdhD_mhor_MSHOH_0735_m01	0.0	0.0	32.0	2.0	0.0	0.0	42.0	0.0	0.0	0.0	0.0	0.0	0.0	2.0	0.0	0.0	0.0	2.0	131.0	0.0	0.0	0.0	0.0	7.0	32.0	1.0	0.0	0.0	0.0	6.0	0.0	13.0	213.0	4.0	0.0	77.0	0.0	106.0	0.0	0.0	286.0	0.0	11.0	0.0	2.0	27.0	0.0	0.0	38.0	0.0	37.0	44.0	0.0	115.0	8.0	0.0	45.0	0.0	93.0	0.0	0.0	0.0	0.0	0.0
cdhD_msz_MSSIH_2987_m01	0.0	0.0	7.0	0.0	0.0	2.0	99.0	0.0	0.0	0.0	0.0	0.0	0.0	0.0	0.0	0.0	5.0	0.0	18.0	0.0	0.0	0.0	0.0	286.0	1.0	1.0	0.0	0.0	0.0	176.0	0.0	99.0	0.0	2.0	0.0	10.0	0.0	94.0	0.0	0.0	0.0	0.0	542.0	0.0	1.0	432.0	0.0	0.0	5.0	0.0	1.0	59.0	0.0	0.0	0.0	0.0	106.0	0.0	29.0	0.0	0.0	0.0	0.0	0.0
cdhD_A0A1V5B955_m01	3.0	0.0	0.0	0.0	0.0	314.0	0.0	0.0	0.0	0.0	0.0	11.0	7.0	0.0	0.0	0.0	0.0	0.0	18.0	0.0	0.0	0.0	0.0	0.0	7.0	146.0	9.0	0.0	0.0	167.0	0.0	0.0	2.0	439.0	0.0	0.0	0.0	0.0	0.0	0.0	2.0	0.0	0.0	0.0	0.0	0.0	0.0	8.0	0.0	1.0	0.0	0.0	2.0	0.0	14.0	1.0	0.0	1.0	2.0	0.0	0.0	0.0	0.0	0.0
cdhD_73667749_m02	0.0	0.0	11.0	4.0	0.0	4.0	3.0	0.0	0.0	0.0	0.0	0.0	0.0	2.0	0.0	0.0	0.0	2.0	430.0	0.0	0.0	0.0	0.0	0.0	0.0	2.0	0.0	0.0	0.0	4.0	0.0	2.0	2.0	10.0	0.0	0.0	0.0	11.0	0.0	0.0	9.0	0.0	4.0	0.0	4.0	4.0	0.0	0.0	0.0	0.0	0.0	4.0	0.0	1.0	14.0	0.0	2.0	1.0	12.0	0.0	0.0	0.0	0.0	0.0
cdhD_mhor_MSHOH_0735_m02	0.0	1.0	4.0	0.0	0.0	0.0	23.0	1.0	0.0	0.0	2.0	0.0	0.0	0.0	0.0	0.0	0.0	3.0	192.0	0.0	0.0	0.0	0.0	1.0	2.0	0.0	0.0	0.0	0.0	3.0	0.0	4.0	68.0	3.0	0.0	42.0	0.0	28.0	0.0	0.0	87.0	0.0	10.0	0.0	1.0	10.0	0.0	0.0	13.0	0.0	16.0	32.0	0.0	38.0	9.0	0.0	16.0	0.0	19.0	0.0	0.0	0.0	0.0	0.0
cdhD_msz_MSSIH_2987_m22	0.0	0.0	21.0	1.0	0.0	0.0	49.0	5.0	0.0	0.0	0.0	0.0	0.0	3.0	0.0	0.0	1.0	3.0	96.0	0.0	0.0	0.0	0.0	4.0	15.0	0.0	0.0	0.0	0.0	0.0	0.0	4.0	129.0	0.0	0.0	67.0	0.0	73.0	0.0	0.0	164.0	0.0	13.0	0.0	2.0	20.0	0.0	0.0	24.0	0.0	18.0	59.0	1.0	74.0	1.0	0.0	40.0	0.0	35.0	0.0	0.0	1.0	0.0	0.0
cdhD_msz_MSSIH_2987_m02	0.0	0.0	23.0	3.0	0.0	3.0	61.0	1.0	0.0	0.0	0.0	0.0	0.0	1.0	0.0	0.0	0.0	3.0	108.0	0.0	0.0	0.0	0.0	11.0	16.0	2.0	0.0	0.0	0.0	5.0	0.0	9.0	108.0	5.0	0.0	75.0	4.0	57.0	0.0	0.0	146.0	0.0	22.0	0.0	2.0	18.0	0.0	0.0	33.0	0.0	21.0	65.0	0.0	66.0	10.0	0.0	22.0	0.0	41.0	0.0	0.0	0.0	0.0	0.0
cdhD_A0A2I0PDB4_m01	0.0	0.0	0.0	0.0	0.0	503.0	0.0	0.0	0.0	1.0	0.0	11.0	72.0	0.0	0.0	0.0	0.0	0.0	307.0	0.0	0.0	0.0	0.0	0.0	24.0	1618.0	26.0	0.0	0.0	292.0	0.0	21.0	0.0	735.0	0.0	0.0	0.0	14.0	0.0	0.0	0.0	0.0	0.0	0.0	0.0	0.0	0.0	17.0	0.0	0.0	0.0	0.0	0.0	2.0	292.0	0.0	13.0	0.0	10.0	0.0	0.0	0.0	0.0	0.0
cdhD_mhor_MSHOH_0735_m03	1.0	0.0	9.0	1.0	0.0	1.0	20.0	1.0	0.0	0.0	0.0	0.0	0.0	2.0	0.0	0.0	0.0	3.0	79.0	0.0	0.0	0.0	0.0	0.0	17.0	0.0	0.0	0.0	1.0	6.0	0.0	7.0	77.0	6.0	0.0	15.0	1.0	50.0	0.0	0.0	116.0	0.0	2.0	0.0	1.0	16.0	0.0	0.0	16.0	0.0	17.0	26.0	0.0	61.0	7.0	0.0	17.0	0.0	42.0	0.0	0.0	0.0	0.0	0.0
cdhD_A0A2I0PDB4_m02	0.0	0.0	0.0	0.0	0.0	95.0	0.0	0.0	0.0	0.0	0.0	0.0	6.0	0.0	0.0	0.0	0.0	0.0	105.0	0.0	0.0	0.0	0.0	0.0	8.0	215.0	0.0	0.0	0.0	41.0	0.0	31.0	2.0	159.0	0.0	0.0	0.0	14.0	0.0	0.0	0.0	0.0	0.0	0.0	0.0	0.0	0.0	0.0	0.0	0.0	0.0	0.0	0.0	2.0	57.0	0.0	18.0	0.0	6.0	0.0	0.0	0.0	0.0	0.0
cdhD_A0A2I0PDB4_m03	0.0	0.0	0.0	0.0	0.0	109.0	0.0	0.0	0.0	0.0	0.0	0.0	2.0	0.0	0.0	0.0	0.0	0.0	75.0	0.0	0.0	0.0	0.0	0.0	2.0	188.0	0.0	0.0	0.0	20.0	0.0	12.0	0.0	141.0	0.0	0.0	0.0	11.0	0.0	0.0	1.0	0.0	0.0	0.0	0.0	0.0	0.0	0.0	0.0	1.0	0.0	0.0	0.0	0.0	44.0	0.0	5.0	0.0	11.0	0.0	0.0	0.0	0.0	0.0
cdhD_msz_MSSIH_2987_m03	0.0	0.0	1.0	0.0	0.0	0.0	29.0	0.0	0.0	0.0	0.0	0.0	0.0	0.0	0.0	0.0	0.0	0.0	3.0	0.0	0.0	0.0	0.0	68.0	0.0	0.0	0.0	0.0	0.0	44.0	0.0	20.0	0.0	3.0	0.0	3.0	0.0	37.0	0.0	0.0	0.0	0.0	184.0	0.0	0.0	111.0	1.0	0.0	0.0	0.0	1.0	15.0	0.0	0.0	0.0	0.0	21.0	0.0	7.0	0.0	0.0	0.0	0.0	0.0
cdhD_A0A2I0PDB4_m04	0.0	0.0	0.0	0.0	0.0	63.0	0.0	0.0	0.0	0.0	0.0	2.0	2.0	0.0	0.0	0.0	0.0	0.0	38.0	0.0	0.0	0.0	0.0	0.0	1.0	124.0	0.0	0.0	0.0	23.0	0.0	4.0	1.0	103.0	0.0	0.0	0.0	5.0	0.0	0.0	0.0	0.0	0.0	0.0	0.0	0.0	0.0	0.0	0.0	0.0	0.0	0.0	0.0	0.0	25.0	0.0	7.0	0.0	7.0	0.0	0.0	0.0	0.0	0.0
cdhD_msz_MSSIH_2987_m04	1.0	0.0	8.0	0.0	0.0	0.0	18.0	1.0	0.0	0.0	0.0	0.0	0.0	0.0	0.0	0.0	1.0	0.0	0.0	0.0	0.0	0.0	0.0	65.0	0.0	0.0	0.0	0.0	0.0	49.0	0.0	18.0	2.0	0.0	0.0	3.0	0.0	20.0	0.0	0.0	0.0	0.0	132.0	0.0	0.0	81.0	0.0	0.0	4.0	0.0	5.0	12.0	0.0	0.0	0.0	0.0	26.0	0.0	13.0	0.0	0.0	0.0	0.0	0.0
cdhD_73667749_m03	2.0	0.0	1.0	6.0	0.0	6.0	8.0	2.0	0.0	0.0	0.0	0.0	0.0	7.0	0.0	0.0	1.0	16.0	732.0	0.0	0.0	0.0	0.0	1.0	1.0	2.0	0.0	0.0	0.0	2.0	0.0	0.0	19.0	16.0	0.0	4.0	0.0	22.0	0.0	0.0	14.0	0.0	2.0	0.0	17.0	4.0	0.0	0.0	0.0	0.0	0.0	9.0	0.0	11.0	16.0	0.0	6.0	0.0	16.0	0.0	0.0	2.0	0.0	0.0
cdhD_A0A2I0PDB4_m05	0.0	0.0	0.0	0.0	0.0	54.0	0.0	0.0	0.0	0.0	0.0	0.0	0.0	0.0	0.0	0.0	0.0	0.0	23.0	0.0	0.0	0.0	0.0	0.0	0.0	89.0	0.0	0.0	0.0	26.0	0.0	6.0	0.0	82.0	0.0	0.0	0.0	1.0	0.0	0.0	0.0	0.0	0.0	0.0	0.0	0.0	0.0	0.0	0.0	0.0	0.0	0.0	0.0	2.0	18.0	0.0	1.0	0.0	4.0	0.0	0.0	0.0	0.0	0.0
cdhD_msz_MSSIH_2987_m05	1.0	0.0	1.0	0.0	0.0	0.0	16.0	0.0	0.0	0.0	0.0	0.0	0.0	0.0	0.0	0.0	0.0	0.0	3.0	0.0	0.0	0.0	0.0	75.0	0.0	0.0	0.0	0.0	0.0	39.0	0.0	13.0	0.0	0.0	0.0	4.0	0.0	21.0	0.0	0.0	0.0	0.0	146.0	0.0	0.0	114.0	0.0	0.0	2.0	0.0	4.0	7.0	0.0	0.0	0.0	0.0	30.0	0.0	7.0	0.0	0.0	0.0	0.0	0.0
cdhD_msz_MSSIH_2987_m06	0.0	0.0	4.0	0.0	0.0	0.0	21.0	0.0	0.0	0.0	0.0	0.0	0.0	0.0	0.0	0.0	0.0	0.0	5.0	0.0	0.0	0.0	0.0	54.0	2.0	0.0	0.0	0.0	0.0	50.0	0.0	29.0	0.0	2.0	0.0	2.0	0.0	33.0	0.0	0.0	0.0	0.0	150.0	0.0	0.0	101.0	0.0	1.0	0.0	1.0	0.0	14.0	0.0	0.0	1.0	0.0	14.0	0.0	7.0	0.0	0.0	0.0	0.0	0.0
cdhD_A0A1V5B955_m02	0.0	0.0	0.0	0.0	0.0	54.0	0.0	0.0	0.0	0.0	0.0	1.0	4.0	0.0	0.0	0.0	0.0	0.0	4.0	0.0	0.0	0.0	0.0	0.0	1.0	34.0	0.0	0.0	0.0	43.0	0.0	0.0	0.0	86.0	0.0	0.0	0.0	0.0	0.0	1.0	0.0	0.0	0.0	0.0	0.0	0.0	0.0	0.0	0.0	0.0	0.0	0.0	1.0	0.0	5.0	0.0	0.0	0.0	0.0	0.0	0.0	0.0	0.0	0.0
