	ZB_1	ZB_2	ZB_3	ZB_4	ZB_5	ZB_6	ZB_7	ZB_8	ZB_9	ZB_10	ZB_11	ZB_12	ZB_13	ZB_14	ZB_15	ZB_16	ZB_17	ZB_18	ZB_19	ZB_20	ZB_21	ZB_22	ZB_23	ZB_24	ZB_25	ZB_26	ZB_27	ZB_28	ZB_29	ZB_30	ZB_31	ZB_32	ZB_33	ZB_34	ZB_35	ZB_36	ZB_37	ZB_38	ZB_39	ZB_40	ZB_41	ZB_42	ZB_43	ZB_44	ZB_45	ZB_46	ZB_47	ZB_48	ZB_49	ZB_50	ZB_51	ZB_52	ZB_53	ZB_54	ZB_55	ZB_56	ZB_57	ZB_58	ZB_59	ZB_60	ZB_61	ZB_62	ZB_63	ZB_64
ehbN_509155650	0.0	223.0	0.0	2.0	194.0	0.0	0.0	0.0	2.0	0.0	126.0	0.0	0.0	106.0	67.0	0.0	111.0	0.0	0.0	76.0	0.0	0.0	0.0	0.0	0.0	0.0	0.0	0.0	0.0	0.0	0.0	0.0	0.0	0.0	142.0	0.0	0.0	0.0	0.0	0.0	0.0	0.0	0.0	0.0	376.0	0.0	0.0	0.0	0.0	34.0	0.0	0.0	0.0	0.0	0.0	0.0	0.0	0.0	0.0	0.0	31.0	0.0	0.0	98.0
ehbN_84490225	0.0	17.0	0.0	0.0	21.0	0.0	0.0	1.0	0.0	0.0	12.0	0.0	0.0	0.0	0.0	0.0	15.0	0.0	0.0	12.0	0.0	0.0	0.0	0.0	0.0	0.0	0.0	0.0	0.0	0.0	3.0	0.0	0.0	0.0	8.0	0.0	0.0	0.0	0.0	0.0	1.0	0.0	0.0	0.0	0.0	0.0	0.0	0.0	0.0	0.0	0.0	0.0	0.0	0.0	0.0	0.0	0.0	0.0	0.0	0.0	0.0	0.0	0.0	15.0
ehbN_WP_048072624.1	0.0	0.0	0.0	0.0	0.0	85.0	0.0	0.0	0.0	0.0	0.0	304.0	81.0	0.0	0.0	0.0	3.0	0.0	589.0	0.0	0.0	0.0	0.0	0.0	150.0	96.0	208.0	0.0	0.0	295.0	0.0	184.0	234.0	26.0	0.0	2.0	0.0	186.0	0.0	0.0	439.0	0.0	0.0	0.0	0.0	0.0	0.0	106.0	0.0	0.0	0.0	0.0	0.0	336.0	114.0	0.0	133.0	0.0	101.0	0.0	0.0	0.0	0.0	0.0
ehbN_WP_060538044.1	1.0	1.0	0.0	0.0	0.0	6.0	0.0	0.0	0.0	0.0	0.0	32.0	3.0	0.0	0.0	0.0	0.0	0.0	27.0	0.0	0.0	0.0	0.0	0.0	17.0	2.0	28.0	0.0	0.0	17.0	0.0	5.0	25.0	2.0	0.0	0.0	0.0	8.0	0.0	0.0	30.0	0.0	0.0	0.0	0.0	0.0	0.0	0.0	0.0	0.0	0.0	0.0	0.0	15.0	0.0	0.0	5.0	0.0	3.0	0.0	0.0	0.0	0.0	0.0
ehbN_1220534.B655_1775_m01	0.0	0.0	0.0	0.0	0.0	11.0	0.0	0.0	0.0	0.0	1.0	16.0	0.0	0.0	0.0	0.0	1.0	0.0	18.0	0.0	0.0	0.0	0.0	0.0	2.0	3.0	12.0	0.0	0.0	17.0	0.0	5.0	6.0	1.0	0.0	0.0	1.0	11.0	0.0	0.0	13.0	0.0	0.0	0.0	0.0	0.0	0.0	0.0	0.0	0.0	0.0	0.0	0.0	14.0	8.0	0.0	6.0	0.0	3.0	0.0	0.0	0.0	0.0	0.0
ehbN_1220534.B655_1775_m02	0.0	55.0	0.0	0.0	74.0	0.0	0.0	1.0	0.0	0.0	55.0	0.0	1.0	4.0	0.0	2.0	48.0	0.0	7.0	38.0	0.0	0.0	3.0	0.0	1.0	0.0	1.0	0.0	0.0	4.0	3.0	3.0	0.0	3.0	40.0	0.0	0.0	0.0	0.0	0.0	1.0	2.0	0.0	1.0	0.0	0.0	0.0	0.0	0.0	41.0	0.0	0.0	0.0	1.0	1.0	0.0	3.0	1.0	0.0	0.0	31.0	0.0	1.0	29.0
ehbN_1220534.B655_1775_m03	6.0	3644.0	0.0	15.0	6389.0	8.0	19.0	82.0	131.0	45.0	4588.0	6.0	0.0	85.0	50.0	171.0	3844.0	15.0	12.0	2312.0	20.0	0.0	65.0	2.0	2.0	1.0	1.0	0.0	8.0	14.0	239.0	65.0	2.0	1.0	3455.0	0.0	8.0	0.0	0.0	30.0	22.0	417.0	7.0	39.0	115.0	16.0	2.0	1.0	0.0	3111.0	0.0	0.0	5.0	0.0	4.0	11.0	15.0	89.0	4.0	29.0	2508.0	7.0	240.0	2803.0
ehbN_1220534.B655_1775_m04	0.0	0.0	0.0	0.0	0.0	4.0	0.0	0.0	0.0	0.0	0.0	6.0	0.0	0.0	0.0	0.0	2.0	0.0	18.0	0.0	0.0	0.0	0.0	0.0	2.0	9.0	1.0	0.0	0.0	14.0	0.0	3.0	1.0	0.0	0.0	0.0	0.0	6.0	0.0	0.0	2.0	1.0	0.0	0.0	0.0	0.0	0.0	0.0	0.0	0.0	0.0	0.0	0.0	4.0	5.0	0.0	5.0	0.0	2.0	0.0	0.0	0.0	0.0	0.0
ehbN_WP_048072624.1_m01	0.0	0.0	0.0	0.0	0.0	39.0	0.0	0.0	0.0	0.0	0.0	49.0	99.0	0.0	0.0	0.0	0.0	1.0	143.0	0.0	0.0	0.0	0.0	0.0	21.0	31.0	30.0	0.0	0.0	102.0	0.0	27.0	25.0	8.0	0.0	1.0	0.0	45.0	0.0	0.0	55.0	0.0	0.0	0.0	0.0	0.0	0.0	23.0	0.0	0.0	0.0	0.0	0.0	30.0	23.0	0.0	26.0	0.0	17.0	0.0	0.0	0.0	0.0	0.0
ehbN_1220534.B655_1775_m05	0.0	9.0	0.0	0.0	9.0	0.0	0.0	0.0	0.0	0.0	9.0	1.0	1.0	0.0	0.0	0.0	7.0	0.0	6.0	3.0	0.0	0.0	1.0	0.0	1.0	1.0	1.0	0.0	0.0	4.0	0.0	5.0	1.0	0.0	11.0	0.0	0.0	0.0	0.0	0.0	1.0	1.0	0.0	0.0	0.0	0.0	0.0	2.0	0.0	8.0	0.0	0.0	0.0	3.0	0.0	0.0	0.0	1.0	1.0	0.0	6.0	0.0	0.0	3.0
ehbN_WP_048072624.1_m02	0.0	33.0	30.0	22.0	60.0	7.0	47.0	49.0	287.0	14.0	67.0	12.0	0.0	30.0	6.0	346.0	34.0	48.0	201.0	25.0	0.0	17.0	897.0	7.0	7.0	8.0	5.0	15.0	12.0	119.0	581.0	430.0	31.0	8.0	41.0	39.0	9.0	56.0	0.0	716.0	186.0	802.0	11.0	21.0	44.0	8.0	0.0	0.0	28.0	40.0	9.0	51.0	4.0	20.0	22.0	3.0	337.0	217.0	58.0	406.0	17.0	16.0	416.0	36.0
ehbN_1220534.B655_1775_m06	0.0	64.0	0.0	1.0	81.0	0.0	0.0	1.0	2.0	2.0	61.0	0.0	0.0	0.0	1.0	3.0	51.0	0.0	3.0	33.0	0.0	0.0	1.0	0.0	0.0	0.0	0.0	0.0	0.0	2.0	3.0	2.0	0.0	0.0	51.0	0.0	0.0	0.0	0.0	0.0	0.0	8.0	0.0	0.0	7.0	0.0	0.0	0.0	0.0	30.0	0.0	0.0	0.0	0.0	0.0	0.0	1.0	1.0	0.0	0.0	32.0	0.0	3.0	45.0
ehbN_1220534.B655_1775_m07	0.0	0.0	1.0	0.0	0.0	5.0	0.0	1.0	0.0	0.0	0.0	4.0	2.0	0.0	0.0	0.0	1.0	0.0	23.0	0.0	0.0	0.0	0.0	0.0	0.0	6.0	6.0	0.0	0.0	19.0	0.0	7.0	0.0	2.0	0.0	0.0	0.0	3.0	0.0	0.0	4.0	0.0	0.0	0.0	0.0	0.0	0.0	2.0	0.0	0.0	0.0	0.0	0.0	1.0	4.0	0.0	7.0	0.0	6.0	0.0	0.0	0.0	0.0	0.0
ehbN_1220534.B655_1775_m08	0.0	54.0	0.0	0.0	97.0	4.0	0.0	1.0	0.0	0.0	59.0	0.0	0.0	0.0	0.0	2.0	55.0	0.0	6.0	30.0	0.0	0.0	0.0	0.0	1.0	3.0	1.0	0.0	0.0	8.0	3.0	1.0	2.0	0.0	43.0	0.0	1.0	0.0	0.0	0.0	0.0	6.0	0.0	1.0	6.0	0.0	0.0	0.0	0.0	35.0	0.0	0.0	0.0	0.0	1.0	0.0	5.0	2.0	0.0	3.0	40.0	0.0	3.0	57.0
ehbN_1220534.B655_1775_m10	1.0	67.0	0.0	0.0	128.0	5.0	0.0	0.0	0.0	0.0	115.0	0.0	0.0	1.0	1.0	5.0	78.0	0.0	11.0	46.0	0.0	0.0	2.0	0.0	0.0	5.0	0.0	0.0	0.0	5.0	6.0	4.0	0.0	3.0	67.0	0.0	0.0	2.0	0.0	1.0	0.0	7.0	0.0	0.0	1.0	0.0	0.0	2.0	0.0	55.0	0.0	0.0	0.0	0.0	5.0	0.0	8.0	2.0	2.0	0.0	44.0	1.0	4.0	64.0
ehbN_WP_048072624.1_m03	0.0	0.0	0.0	0.0	0.0	294.0	0.0	0.0	0.0	0.0	0.0	299.0	49.0	0.0	0.0	0.0	1.0	0.0	1948.0	0.0	0.0	2.0	0.0	0.0	131.0	315.0	214.0	0.0	0.0	921.0	0.0	453.0	278.0	86.0	0.0	1.0	0.0	487.0	0.0	0.0	374.0	0.0	0.0	0.0	0.0	0.0	0.0	78.0	0.0	0.0	0.0	0.0	0.0	272.0	397.0	0.0	354.0	0.0	319.0	0.0	0.0	0.0	0.0	0.0
ehbN_WP_048072624.1_m04	0.0	14.0	13.0	8.0	23.0	48.0	26.0	33.0	152.0	10.0	37.0	159.0	57.0	17.0	1.0	161.0	17.0	12.0	403.0	13.0	7.0	10.0	378.0	0.0	66.0	50.0	92.0	4.0	1.0	213.0	249.0	266.0	179.0	31.0	7.0	18.0	8.0	106.0	2.0	357.0	283.0	346.0	9.0	13.0	25.0	0.0	0.0	47.0	5.0	7.0	2.0	13.0	3.0	125.0	62.0	0.0	237.0	81.0	78.0	166.0	14.0	12.0	164.0	3.0
ehbN_1220534.B655_1775_m16	0.0	21.0	0.0	0.0	55.0	8.0	0.0	1.0	1.0	0.0	39.0	0.0	0.0	0.0	0.0	1.0	32.0	0.0	16.0	27.0	0.0	0.0	0.0	0.0	0.0	9.0	0.0	1.0	0.0	8.0	2.0	6.0	2.0	5.0	29.0	0.0	0.0	2.0	0.0	0.0	2.0	4.0	0.0	0.0	0.0	0.0	0.0	0.0	0.0	31.0	0.0	0.0	0.0	0.0	1.0	0.0	5.0	1.0	2.0	0.0	16.0	0.0	3.0	19.0
ehbN_WP_048072624.1_m05	0.0	0.0	0.0	0.0	0.0	0.0	0.0	2.0	0.0	0.0	0.0	5.0	2.0	0.0	0.0	0.0	0.0	0.0	20.0	0.0	0.0	0.0	7.0	0.0	4.0	0.0	2.0	0.0	0.0	35.0	0.0	97.0	10.0	0.0	0.0	0.0	3.0	20.0	0.0	0.0	9.0	2.0	0.0	0.0	0.0	0.0	0.0	2.0	0.0	0.0	0.0	0.0	0.0	8.0	3.0	0.0	46.0	2.0	18.0	1.0	0.0	2.0	0.0	0.0
ehbN_WP_048072624.1_m06	0.0	0.0	0.0	0.0	2.0	4.0	0.0	0.0	0.0	0.0	0.0	5.0	14.0	0.0	0.0	0.0	0.0	0.0	30.0	0.0	0.0	0.0	0.0	0.0	6.0	10.0	5.0	0.0	0.0	34.0	0.0	3.0	3.0	5.0	0.0	0.0	0.0	7.0	0.0	0.0	5.0	0.0	0.0	0.0	0.0	0.0	1.0	4.0	0.0	0.0	0.0	0.0	0.0	5.0	10.0	0.0	10.0	0.0	4.0	0.0	0.0	0.0	0.0	0.0
ehbN_WP_048072624.1_m07	0.0	0.0	0.0	0.0	0.0	20.0	0.0	0.0	2.0	0.0	0.0	39.0	11.0	1.0	0.0	0.0	0.0	0.0	171.0	0.0	0.0	0.0	0.0	0.0	23.0	17.0	25.0	0.0	0.0	70.0	0.0	102.0	44.0	2.0	0.0	0.0	0.0	62.0	0.0	0.0	52.0	0.0	0.0	0.0	0.0	0.0	0.0	12.0	0.0	0.0	0.0	0.0	0.0	42.0	41.0	0.0	45.0	1.0	36.0	0.0	0.0	5.0	5.0	0.0
ehbN_WP_048072624.1_m08	0.0	0.0	0.0	0.0	0.0	5.0	0.0	0.0	0.0	0.0	0.0	2.0	4.0	0.0	0.0	0.0	2.0	0.0	32.0	0.0	0.0	0.0	0.0	0.0	0.0	8.0	3.0	0.0	0.0	23.0	0.0	5.0	2.0	3.0	0.0	0.0	0.0	4.0	0.0	0.0	2.0	0.0	0.0	0.0	0.0	0.0	0.0	0.0	0.0	0.0	0.0	0.0	0.0	3.0	3.0	0.0	9.0	0.0	10.0	0.0	0.0	0.0	0.0	0.0
ehbN_WP_048072624.1_m09	0.0	0.0	0.0	0.0	0.0	16.0	0.0	0.0	0.0	0.0	0.0	32.0	9.0	0.0	0.0	0.0	0.0	0.0	113.0	0.0	0.0	0.0	0.0	0.0	13.0	18.0	19.0	0.0	0.0	32.0	0.0	20.0	42.0	8.0	0.0	0.0	0.0	34.0	0.0	0.0	48.0	0.0	0.0	0.0	0.0	0.0	0.0	4.0	0.0	0.0	0.0	0.0	0.0	27.0	26.0	0.0	21.0	0.0	12.0	0.0	0.0	0.0	0.0	0.0
ehbN_WP_048072624.1_m10	0.0	0.0	0.0	0.0	0.0	6.0	0.0	2.0	0.0	0.0	0.0	26.0	13.0	0.0	0.0	1.0	1.0	0.0	91.0	0.0	0.0	0.0	0.0	0.0	19.0	14.0	20.0	0.0	0.0	55.0	0.0	37.0	23.0	2.0	0.0	0.0	0.0	37.0	0.0	0.0	41.0	2.0	0.0	0.0	0.0	0.0	0.0	12.0	0.0	0.0	0.0	0.0	0.0	27.0	21.0	0.0	27.0	0.0	20.0	0.0	0.0	1.0	0.0	0.0
