	ZB_1	ZB_2	ZB_3	ZB_4	ZB_5	ZB_6	ZB_7	ZB_8	ZB_9	ZB_10	ZB_11	ZB_12	ZB_13	ZB_14	ZB_15	ZB_16	ZB_17	ZB_18	ZB_19	ZB_20	ZB_21	ZB_22	ZB_23	ZB_24	ZB_25	ZB_26	ZB_27	ZB_28	ZB_29	ZB_30	ZB_31	ZB_32	ZB_33	ZB_34	ZB_35	ZB_36	ZB_37	ZB_38	ZB_39	ZB_40	ZB_41	ZB_42	ZB_43	ZB_44	ZB_45	ZB_46	ZB_47	ZB_48	ZB_49	ZB_50	ZB_51	ZB_52	ZB_53	ZB_54	ZB_55	ZB_56	ZB_57	ZB_58	ZB_59	ZB_60	ZB_61	ZB_62	ZB_63	ZB_64
fmdB_330506522	513.0	0.0	2.0	0.0	1.0	191.0	0.0	0.0	0.0	1476.0	2.0	393.0	200.0	0.0	2.0	0.0	6.0	0.0	131.0	0.0	723.0	2.0	0.0	0.0	252.0	363.0	185.0	1000.0	2.0	225.0	2.0	37.0	51.0	327.0	4.0	0.0	0.0	14.0	771.0	0.0	50.0	6.0	0.0	1458.0	0.0	0.0	2446.0	910.0	0.0	0.0	0.0	1.0	1197.0	79.0	257.0	924.0	14.0	2.0	102.0	0.0	0.0	0.0	0.0	0.0
fmdB_386001971	629.0	1.0	4382.0	0.0	0.0	0.0	4220.0	0.0	18.0	378.0	0.0	32.0	5.0	0.0	0.0	288.0	2.0	0.0	0.0	0.0	158.0	2.0	13.0	748.0	151.0	0.0	13.0	717.0	0.0	0.0	18.0	0.0	31.0	1.0	1.0	4209.0	0.0	0.0	250.0	14.0	62.0	269.0	538.0	212.0	1.0	823.0	166.0	33.0	2085.0	2.0	2258.0	4428.0	406.0	59.0	0.0	334.0	0.0	88.0	0.0	3.0	0.0	0.0	35.0	0.0
fmdB_435850926	2.0	0.0	0.0	0.0	0.0	39.0	0.0	0.0	0.0	6.0	0.0	5.0	31.0	0.0	2.0	0.0	0.0	2.0	73.0	0.0	9.0	0.0	0.0	0.0	0.0	41.0	5.0	0.0	0.0	66.0	0.0	3.0	10.0	22.0	0.0	0.0	0.0	0.0	0.0	0.0	22.0	0.0	0.0	2.0	0.0	0.0	2.0	9.0	0.0	0.0	0.0	0.0	4.0	2.0	26.0	0.0	11.0	0.0	6.0	0.0	0.0	0.0	0.0	0.0
fmdB_73669269	0.0	0.0	370.0	30.0	0.0	7.0	863.0	32.0	0.0	0.0	0.0	0.0	0.0	45.0	1.0	0.0	0.0	33.0	1140.0	0.0	0.0	0.0	0.0	106.0	324.0	1.0	0.0	0.0	2.0	44.0	0.0	88.0	1811.0	6.0	0.0	802.0	15.0	810.0	0.0	0.0	2371.0	0.0	117.0	0.0	38.0	293.0	0.0	0.0	404.0	0.0	314.0	860.0	0.0	959.0	32.0	0.0	309.0	0.0	513.0	0.0	0.0	1.0	0.0	0.0
fmdB_21227671	1.0	0.0	295.0	24.0	0.0	2.0	873.0	16.0	0.0	0.0	0.0	0.0	0.0	31.0	1.0	0.0	0.0	16.0	348.0	0.0	0.0	0.0	0.0	78.0	206.0	1.0	0.0	0.0	0.0	18.0	0.0	58.0	1182.0	3.0	0.0	568.0	8.0	460.0	0.0	0.0	1744.0	0.0	106.0	0.0	19.0	185.0	0.0	0.0	282.0	0.0	243.0	767.0	0.0	635.0	2.0	0.0	215.0	0.0	284.0	0.0	0.0	0.0	0.0	0.0
fmdB_mbak_MSBR3_0153	0.0	0.0	137.0	2.0	0.0	0.0	414.0	12.0	0.0	0.0	0.0	2.0	0.0	15.0	0.0	0.0	0.0	9.0	330.0	0.0	0.0	2.0	0.0	904.0	90.0	0.0	0.0	0.0	2.0	531.0	0.0	383.0	600.0	2.0	0.0	311.0	2.0	552.0	0.0	0.0	793.0	1.0	1950.0	0.0	15.0	1193.0	0.0	0.0	136.0	0.0	119.0	345.0	0.0	296.0	3.0	0.0	351.0	0.0	214.0	0.0	0.0	4.0	0.0	0.0
fmdB_mek_MSKOL_2694	0.0	0.0	7.0	0.0	0.0	7.0	26.0	0.0	0.0	0.0	0.0	0.0	0.0	0.0	0.0	0.0	1.0	2.0	28.0	0.0	0.0	0.0	0.0	51.0	6.0	4.0	0.0	0.0	0.0	52.0	0.0	30.0	5.0	6.0	0.0	12.0	0.0	42.0	0.0	0.0	6.0	0.0	134.0	0.0	2.0	69.0	0.0	0.0	5.0	0.0	2.0	19.0	0.0	3.0	3.0	0.0	34.0	0.0	17.0	0.0	0.0	0.0	0.0	0.0
fmdB_mek_MSKOL_2715	0.0	0.0	0.0	1.0	0.0	27.0	0.0	0.0	0.0	0.0	0.0	0.0	2.0	0.0	0.0	0.0	0.0	0.0	4.0	0.0	0.0	0.0	0.0	0.0	0.0	10.0	0.0	0.0	0.0	2.0	0.0	0.0	0.0	30.0	0.0	0.0	0.0	0.0	0.0	0.0	0.0	0.0	0.0	0.0	0.0	0.0	0.0	2.0	0.0	0.0	0.0	0.0	0.0	0.0	1.0	0.0	0.0	0.0	3.0	0.0	0.0	0.0	0.0	0.0
fmdB_20090105	1.0	0.0	185.0	5.0	0.0	0.0	960.0	0.0	0.0	0.0	0.0	0.0	0.0	10.0	0.0	0.0	1.0	13.0	105.0	0.0	0.0	0.0	0.0	29.0	0.0	1.0	0.0	0.0	0.0	0.0	0.0	0.0	18.0	0.0	0.0	94.0	3.0	17.0	0.0	0.0	26.0	0.0	94.0	0.0	13.0	64.0	0.0	0.0	58.0	0.0	120.0	586.0	0.0	0.0	11.0	0.0	4.0	0.0	4.0	0.0	0.0	0.0	0.0	0.0
fmdB_mby_MSBRM_0643	1.0	0.0	134.0	0.0	0.0	1.0	847.0	0.0	0.0	0.0	0.0	0.0	0.0	0.0	0.0	0.0	0.0	0.0	73.0	0.0	0.0	0.0	0.0	2830.0	0.0	0.0	0.0	0.0	0.0	1910.0	0.0	1057.0	2.0	0.0	0.0	118.0	0.0	1232.0	0.0	0.0	0.0	0.0	5479.0	0.0	0.0	3786.0	0.0	0.0	91.0	0.0	100.0	447.0	0.0	0.0	0.0	0.0	929.0	0.0	247.0	0.0	0.0	0.0	0.0	0.0
fmdB_330506522_m01	0.0	15.0	0.0	20.0	26.0	0.0	0.0	24.0	1231.0	0.0	18.0	0.0	0.0	24.0	205.0	4210.0	2.0	59.0	0.0	0.0	0.0	51.0	1917.0	0.0	0.0	0.0	0.0	28.0	63.0	0.0	1814.0	0.0	0.0	2.0	0.0	0.0	71.0	0.0	0.0	1576.0	124.0	3441.0	0.0	0.0	66.0	1.0	0.0	0.0	0.0	28.0	0.0	0.0	0.0	0.0	0.0	0.0	0.0	1641.0	0.0	722.0	9.0	16.0	3238.0	0.0
fmdB_73669269_m01	0.0	0.0	102.0	0.0	0.0	3.0	397.0	2.0	0.0	0.0	0.0	0.0	0.0	2.0	0.0	0.0	1.0	0.0	79.0	2.0	0.0	0.0	0.0	1119.0	45.0	2.0	0.0	0.0	0.0	737.0	0.0	395.0	263.0	13.0	0.0	212.0	0.0	448.0	0.0	0.0	362.0	0.0	1984.0	0.0	0.0	1632.0	0.0	0.0	100.0	0.0	106.0	256.0	0.0	127.0	2.0	0.0	333.0	0.0	102.0	0.0	0.0	0.0	0.0	0.0
fmdB_21227671_m01	0.0	0.0	14.0	2.0	0.0	0.0	21.0	2.0	0.0	0.0	0.0	0.0	0.0	3.0	0.0	0.0	1.0	0.0	832.0	0.0	0.0	0.0	0.0	12.0	14.0	0.0	0.0	0.0	0.0	4.0	0.0	4.0	84.0	2.0	0.0	42.0	3.0	43.0	0.0	0.0	118.0	0.0	19.0	0.0	4.0	48.0	0.0	0.0	22.0	0.0	5.0	24.0	0.0	65.0	27.0	0.0	11.0	0.0	38.0	0.0	0.0	4.0	0.0	0.0
fmdB_mbak_MSBR3_0153_m01	0.0	0.0	24.0	0.0	0.0	1.0	66.0	0.0	0.0	0.0	1.0	0.0	0.0	0.0	0.0	0.0	0.0	0.0	100.0	0.0	0.0	0.0	0.0	245.0	0.0	0.0	0.0	0.0	0.0	164.0	0.0	97.0	0.0	1.0	0.0	6.0	0.0	122.0	0.0	0.0	0.0	0.0	407.0	0.0	0.0	296.0	0.0	0.0	4.0	0.0	8.0	29.0	0.0	0.0	0.0	0.0	83.0	0.0	64.0	0.0	0.0	0.0	0.0	0.0
fmdB_mek_MSKOL_2694_m01	0.0	0.0	59.0	0.0	0.0	1.0	371.0	0.0	0.0	0.0	0.0	0.0	0.0	0.0	0.0	0.0	1.0	0.0	48.0	0.0	0.0	0.0	0.0	1128.0	0.0	1.0	0.0	0.0	0.0	682.0	0.0	403.0	4.0	4.0	0.0	49.0	0.0	461.0	0.0	0.0	2.0	1.0	2761.0	0.0	0.0	1663.0	0.0	0.0	52.0	0.0	44.0	254.0	0.0	0.0	2.0	0.0	387.0	0.0	100.0	0.0	0.0	0.0	0.0	0.0
fmdB_330506522_m02	36.0	0.0	0.0	0.0	0.0	126.0	0.0	0.0	0.0	65.0	0.0	263.0	154.0	0.0	0.0	0.0	1.0	0.0	155.0	0.0	59.0	0.0	0.0	0.0	170.0	231.0	169.0	64.0	0.0	119.0	0.0	32.0	29.0	245.0	0.0	2.0	0.0	8.0	14.0	0.0	50.0	0.0	0.0	84.0	0.0	0.0	194.0	125.0	0.0	0.0	0.0	0.0	64.0	33.0	184.0	54.0	11.0	0.0	61.0	0.0	0.0	0.0	0.0	0.0
fmdB_mek_MSKOL_2694_m02	0.0	0.0	1.0	0.0	0.0	35.0	7.0	0.0	0.0	0.0	0.0	0.0	0.0	0.0	0.0	0.0	0.0	0.0	5.0	1.0	0.0	0.0	0.0	31.0	0.0	21.0	0.0	0.0	0.0	28.0	0.0	7.0	0.0	34.0	0.0	1.0	0.0	18.0	0.0	0.0	0.0	0.0	62.0	0.0	0.0	50.0	0.0	0.0	1.0	0.0	2.0	10.0	0.0	1.0	9.0	0.0	8.0	0.0	1.0	0.0	0.0	0.0	0.0	0.0
fmdB_21227671_m02	0.0	0.0	0.0	0.0	0.0	4.0	0.0	0.0	0.0	0.0	0.0	0.0	11.0	0.0	0.0	0.0	1.0	0.0	170.0	0.0	0.0	0.0	0.0	0.0	4.0	8.0	2.0	0.0	0.0	28.0	0.0	1.0	11.0	12.0	0.0	0.0	0.0	5.0	0.0	0.0	21.0	0.0	0.0	0.0	0.0	0.0	0.0	1.0	0.0	0.0	0.0	0.0	0.0	3.0	67.0	0.0	3.0	0.0	4.0	0.0	0.0	0.0	0.0	0.0
fmdB_20090105_m01	0.0	0.0	3.0	49.0	0.0	0.0	25.0	87.0	0.0	0.0	0.0	0.0	0.0	54.0	3.0	0.0	1.0	63.0	1373.0	2.0	0.0	3.0	0.0	66.0	0.0	0.0	0.0	1.0	4.0	14.0	0.0	16.0	0.0	0.0	0.0	4.0	21.0	75.0	0.0	0.0	4.0	0.0	85.0	0.0	63.0	243.0	1.0	0.0	3.0	0.0	4.0	22.0	0.0	0.0	31.0	0.0	50.0	0.0	48.0	0.0	0.0	11.0	0.0	0.0
fmdB_21227671_m03	0.0	0.0	0.0	0.0	4.0	12.0	0.0	0.0	0.0	0.0	0.0	2.0	0.0	2.0	0.0	0.0	0.0	2.0	112.0	0.0	0.0	0.0	0.0	0.0	0.0	3.0	0.0	0.0	0.0	9.0	0.0	3.0	4.0	11.0	0.0	0.0	1.0	3.0	0.0	0.0	9.0	0.0	0.0	0.0	0.0	0.0	0.0	2.0	0.0	0.0	0.0	0.0	0.0	6.0	29.0	0.0	8.0	0.0	9.0	0.0	0.0	0.0	0.0	0.0
fmdB_330506522_m04	2.0	0.0	0.0	0.0	0.0	75.0	0.0	0.0	0.0	1.0	0.0	136.0	88.0	0.0	0.0	0.0	0.0	0.0	39.0	0.0	3.0	0.0	0.0	0.0	127.0	87.0	85.0	3.0	0.0	65.0	0.0	12.0	15.0	152.0	0.0	1.0	0.0	4.0	0.0	0.0	28.0	0.0	0.0	11.0	0.0	0.0	8.0	55.0	0.0	0.0	0.0	0.0	3.0	33.0	85.0	3.0	4.0	0.0	28.0	0.0	0.0	0.0	0.0	0.0
fmdB_21227671_m04	0.0	0.0	0.0	1.0	0.0	0.0	0.0	0.0	0.0	0.0	0.0	0.0	0.0	3.0	0.0	0.0	1.0	2.0	906.0	0.0	0.0	4.0	0.0	0.0	2.0	0.0	0.0	0.0	0.0	8.0	0.0	14.0	2.0	0.0	0.0	1.0	1.0	40.0	0.0	0.0	9.0	0.0	0.0	0.0	0.0	0.0	0.0	0.0	0.0	0.0	0.0	1.0	0.0	2.0	23.0	0.0	32.0	0.0	60.0	0.0	0.0	0.0	0.0	0.0
fmdB_330506522_m06	0.0	0.0	0.0	0.0	0.0	148.0	0.0	0.0	0.0	0.0	0.0	3.0	2.0	0.0	0.0	0.0	1.0	0.0	13.0	0.0	0.0	0.0	0.0	0.0	0.0	58.0	2.0	0.0	0.0	100.0	0.0	0.0	0.0	224.0	0.0	0.0	0.0	0.0	0.0	0.0	0.0	0.0	0.0	0.0	0.0	0.0	0.0	2.0	0.0	0.0	0.0	0.0	0.0	0.0	5.0	0.0	1.0	0.0	0.0	0.0	0.0	0.0	0.0	0.0
fmdB_330506522_m08	0.0	0.0	0.0	0.0	0.0	41.0	0.0	0.0	0.0	0.0	0.0	27.0	28.0	0.0	0.0	0.0	0.0	0.0	34.0	0.0	2.0	0.0	0.0	0.0	17.0	51.0	23.0	0.0	0.0	27.0	0.0	11.0	3.0	57.0	0.0	0.0	0.0	0.0	0.0	0.0	4.0	0.0	0.0	0.0	0.0	0.0	8.0	16.0	0.0	0.0	0.0	0.0	0.0	3.0	33.0	0.0	3.0	0.0	9.0	0.0	0.0	0.0	0.0	0.0
fmdB_330506522_m09	2.0	0.0	0.0	0.0	0.0	74.0	0.0	0.0	0.0	0.0	0.0	17.0	4.0	0.0	0.0	0.0	0.0	0.0	10.0	0.0	0.0	0.0	0.0	0.0	3.0	61.0	8.0	0.0	0.0	77.0	0.0	2.0	4.0	143.0	0.0	0.0	0.0	1.0	1.0	0.0	0.0	0.0	0.0	0.0	0.0	0.0	0.0	9.0	0.0	0.0	0.0	0.0	1.0	1.0	13.0	0.0	0.0	0.0	6.0	0.0	0.0	0.0	0.0	0.0
fmdB_330506522_m10	0.0	0.0	0.0	0.0	0.0	53.0	0.0	0.0	0.0	0.0	0.0	10.0	5.0	0.0	0.0	0.0	0.0	0.0	5.0	0.0	1.0	0.0	0.0	0.0	2.0	40.0	2.0	0.0	0.0	57.0	0.0	0.0	0.0	97.0	0.0	0.0	0.0	1.0	0.0	0.0	1.0	0.0	0.0	0.0	0.0	0.0	0.0	5.0	0.0	0.0	0.0	0.0	0.0	1.0	9.0	1.0	0.0	0.0	1.0	0.0	0.0	0.0	0.0	0.0
fmdB_330506522_m11	19.0	0.0	0.0	0.0	0.0	8.0	0.0	0.0	0.0	5.0	0.0	27.0	28.0	0.0	0.0	0.0	2.0	0.0	46.0	0.0	4.0	0.0	0.0	0.0	29.0	50.0	23.0	50.0	0.0	20.0	0.0	3.0	2.0	47.0	0.0	2.0	0.0	4.0	3.0	0.0	5.0	0.0	0.0	1.0	0.0	0.0	1.0	5.0	0.0	0.0	0.0	0.0	36.0	15.0	45.0	26.0	4.0	0.0	11.0	0.0	0.0	0.0	0.0	0.0
