	ZB_1	ZB_2	ZB_3	ZB_4	ZB_5	ZB_6	ZB_7	ZB_8	ZB_9	ZB_10	ZB_11	ZB_12	ZB_13	ZB_14	ZB_15	ZB_16	ZB_17	ZB_18	ZB_19	ZB_20	ZB_21	ZB_22	ZB_23	ZB_24	ZB_25	ZB_26	ZB_27	ZB_28	ZB_29	ZB_30	ZB_31	ZB_32	ZB_33	ZB_34	ZB_35	ZB_36	ZB_37	ZB_38	ZB_39	ZB_40	ZB_41	ZB_42	ZB_43	ZB_44	ZB_45	ZB_46	ZB_47	ZB_48	ZB_49	ZB_50	ZB_51	ZB_52	ZB_53	ZB_54	ZB_55	ZB_56	ZB_57	ZB_58	ZB_59	ZB_60	ZB_61	ZB_62	ZB_63	ZB_64
fpoL_330508776	944.0	0.0	0.0	0.0	0.0	955.0	0.0	0.0	0.0	2159.0	14.0	1298.0	813.0	0.0	0.0	0.0	7.0	0.0	620.0	0.0	1372.0	2.0	0.0	0.0	627.0	897.0	742.0	1766.0	0.0	950.0	0.0	112.0	185.0	1348.0	7.0	7.0	0.0	43.0	1160.0	2.0	241.0	7.0	0.0	2845.0	0.0	0.0	4128.0	1593.0	2.0	0.0	0.0	1.0	2057.0	232.0	813.0	1914.0	43.0	3.0	263.0	0.0	0.0	0.0	0.0	0.0
fpoL_935839.JAGJ01000018_gene2345	70.0	0.0	0.0	0.0	0.0	578.0	1.0	0.0	0.0	74.0	2.0	256.0	26.0	0.0	0.0	0.0	1.0	0.0	76.0	0.0	2.0	0.0	0.0	0.0	369.0	629.0	295.0	34.0	0.0	68.0	0.0	21.0	240.0	987.0	0.0	0.0	0.0	12.0	43.0	0.0	68.0	0.0	0.0	9.0	0.0	0.0	0.0	31.0	0.0	1.0	2.0	0.0	46.0	75.0	99.0	38.0	19.0	0.0	14.0	0.0	0.0	0.0	0.0	0.0
fpoL_A0A5E4IXA3	531.0	0.0	4533.0	0.0	0.0	0.0	4296.0	0.0	13.0	430.0	2.0	32.0	0.0	0.0	0.0	267.0	0.0	0.0	0.0	0.0	147.0	1.0	13.0	724.0	121.0	0.0	17.0	758.0	0.0	0.0	25.0	0.0	48.0	0.0	0.0	4278.0	0.0	4.0	223.0	20.0	65.0	323.0	452.0	278.0	0.0	876.0	163.0	45.0	2095.0	0.0	2286.0	4689.0	401.0	45.0	0.0	408.0	0.0	71.0	0.0	5.0	0.0	0.0	47.0	0.0
fpoL_1122933.JNIY01000003_gene595	50.0	1.0	0.0	0.0	0.0	503.0	0.0	0.0	0.0	67.0	1.0	176.0	37.0	0.0	0.0	0.0	0.0	0.0	97.0	0.0	2.0	0.0	0.0	0.0	426.0	565.0	263.0	19.0	0.0	56.0	0.0	6.0	241.0	995.0	0.0	0.0	0.0	14.0	38.0	0.0	70.0	0.0	0.0	7.0	0.0	0.0	0.0	41.0	0.0	0.0	0.0	0.0	42.0	73.0	85.0	25.0	14.0	0.0	4.0	0.0	0.0	0.0	0.0	0.0
fpoL_435851596	0.0	0.0	0.0	0.0	0.0	34.0	0.0	0.0	0.0	2.0	0.0	4.0	23.0	0.0	0.0	0.0	0.0	0.0	95.0	0.0	0.0	0.0	0.0	0.0	0.0	36.0	2.0	0.0	0.0	67.0	0.0	4.0	0.0	79.0	0.0	0.0	0.0	0.0	0.0	0.0	1.0	0.0	0.0	0.0	0.0	0.0	0.0	6.0	0.0	0.0	0.0	0.0	0.0	3.0	37.0	1.0	12.0	0.0	5.0	0.0	0.0	0.0	0.0	0.0
fpoL_A0A1V4YG35	3.0	0.0	0.0	2.0	0.0	6.0	0.0	2.0	0.0	9.0	0.0	13.0	23.0	2.0	2.0	0.0	0.0	0.0	18.0	0.0	8.0	0.0	0.0	0.0	6.0	9.0	3.0	2.0	0.0	41.0	1.0	2.0	4.0	9.0	0.0	0.0	0.0	3.0	8.0	0.0	24.0	0.0	0.0	9.0	0.0	0.0	0.0	0.0	0.0	0.0	0.0	0.0	7.0	6.0	4.0	2.0	5.0	0.0	2.0	1.0	0.0	0.0	0.0	0.0
fpoL_1240349.ANGC01000026_gene3699	0.0	8.0	0.0	1.0	1.0	3.0	0.0	0.0	0.0	0.0	284.0	0.0	0.0	0.0	0.0	0.0	2.0	0.0	1.0	0.0	0.0	0.0	0.0	0.0	0.0	5.0	2.0	0.0	0.0	3.0	0.0	0.0	1.0	6.0	6.0	1.0	0.0	0.0	0.0	0.0	0.0	0.0	0.0	0.0	0.0	0.0	0.0	0.0	0.0	41.0	0.0	0.0	0.0	0.0	1.0	0.0	1.0	0.0	0.0	0.0	5.0	0.0	0.0	1.0
fpoL_69279.BG36_18265	0.0	6.0	0.0	0.0	32.0	102.0	7.0	0.0	0.0	0.0	24.0	5.0	28.0	0.0	1.0	0.0	20.0	0.0	107.0	6.0	0.0	0.0	0.0	0.0	9.0	175.0	10.0	0.0	0.0	175.0	2.0	15.0	9.0	217.0	4.0	2.0	0.0	27.0	5.0	0.0	4.0	0.0	0.0	0.0	2.0	0.0	0.0	10.0	0.0	6.0	0.0	2.0	1.0	6.0	53.0	1.0	10.0	0.0	13.0	1.0	0.0	0.0	2.0	9.0
fpoL_1035191.HMPREF0185_00824	0.0	7.0	0.0	0.0	54.0	0.0	1.0	0.0	0.0	0.0	15.0	0.0	0.0	0.0	1.0	0.0	11.0	0.0	0.0	3.0	0.0	0.0	0.0	0.0	0.0	1.0	0.0	0.0	0.0	2.0	0.0	0.0	0.0	2.0	2.0	0.0	0.0	0.0	5.0	0.0	0.0	0.0	0.0	0.0	0.0	0.0	0.0	0.0	0.0	22.0	0.0	1.0	0.0	0.0	3.0	0.0	0.0	0.0	0.0	0.0	7.0	0.0	0.0	4.0
fpoL_1380370.JIBA01000019_gene1012	0.0	0.0	1.0	0.0	0.0	81.0	2.0	0.0	0.0	0.0	0.0	0.0	2.0	0.0	0.0	0.0	0.0	0.0	53.0	0.0	0.0	0.0	0.0	0.0	0.0	101.0	0.0	0.0	0.0	43.0	3.0	9.0	2.0	124.0	0.0	1.0	0.0	13.0	0.0	1.0	0.0	0.0	0.0	0.0	0.0	0.0	0.0	0.0	0.0	3.0	0.0	0.0	0.0	0.0	29.0	0.0	7.0	0.0	16.0	0.0	0.0	1.0	0.0	0.0
fpoL_A0A1V4Z8A5	1.0	0.0	0.0	0.0	0.0	34.0	0.0	1.0	0.0	0.0	0.0	88.0	89.0	0.0	0.0	0.0	0.0	0.0	6.0	0.0	0.0	0.0	0.0	0.0	33.0	46.0	61.0	0.0	0.0	70.0	0.0	5.0	4.0	70.0	1.0	0.0	0.0	4.0	0.0	0.0	7.0	0.0	0.0	0.0	1.0	2.0	0.0	50.0	0.0	0.0	0.0	0.0	0.0	21.0	30.0	0.0	12.0	0.0	2.0	0.0	0.0	0.0	0.0	0.0
fpoL_110319.CF8_0459	1.0	0.0	0.0	1.0	0.0	147.0	0.0	0.0	0.0	0.0	0.0	46.0	193.0	0.0	0.0	0.0	0.0	0.0	384.0	0.0	0.0	0.0	0.0	0.0	72.0	244.0	70.0	0.0	0.0	194.0	0.0	302.0	21.0	463.0	0.0	0.0	0.0	478.0	0.0	0.0	4.0	0.0	0.0	0.0	0.0	0.0	0.0	45.0	0.0	0.0	0.0	0.0	0.0	17.0	69.0	0.0	318.0	0.0	445.0	0.0	0.0	0.0	0.0	0.0
fpoL_284042626	0.0	0.0	0.0	0.0	0.0	74.0	1.0	0.0	0.0	0.0	0.0	1.0	7.0	0.0	0.0	0.0	2.0	0.0	87.0	0.0	0.0	0.0	0.0	0.0	5.0	126.0	4.0	0.0	0.0	113.0	0.0	20.0	5.0	130.0	0.0	0.0	0.0	28.0	0.0	0.0	0.0	0.0	0.0	0.0	0.0	0.0	0.0	0.0	0.0	0.0	0.0	0.0	0.0	5.0	49.0	0.0	11.0	0.0	13.0	0.0	0.0	0.0	0.0	0.0
fpoL_A0A1V5YEH9	0.0	0.0	0.0	0.0	0.0	248.0	0.0	0.0	0.0	0.0	3.0	10.0	8.0	0.0	0.0	0.0	1.0	3.0	50.0	0.0	0.0	0.0	0.0	0.0	2.0	93.0	5.0	0.0	0.0	236.0	0.0	1.0	0.0	238.0	0.0	0.0	0.0	2.0	0.0	0.0	0.0	0.0	0.0	0.0	0.0	0.0	0.0	0.0	0.0	0.0	0.0	0.0	0.0	0.0	98.0	0.0	0.0	0.0	8.0	0.0	0.0	0.0	0.0	0.0
fpoL_591159.ACEZ01000152_gene1776	7.0	1.0	0.0	0.0	0.0	107.0	1.0	1.0	0.0	1.0	0.0	29.0	75.0	0.0	0.0	0.0	2.0	1.0	41.0	0.0	0.0	0.0	0.0	0.0	68.0	175.0	36.0	6.0	1.0	77.0	0.0	5.0	32.0	206.0	0.0	0.0	0.0	4.0	0.0	0.0	9.0	1.0	1.0	0.0	0.0	0.0	0.0	7.0	0.0	2.0	0.0	0.0	0.0	7.0	27.0	6.0	2.0	0.0	2.0	0.0	0.0	0.0	0.0	0.0
fpoL_1386089.N865_18510	0.0	1.0	0.0	0.0	0.0	24.0	2.0	0.0	0.0	0.0	2.0	0.0	0.0	0.0	0.0	0.0	1.0	0.0	19.0	2.0	0.0	0.0	0.0	0.0	0.0	16.0	0.0	0.0	0.0	26.0	0.0	1.0	0.0	38.0	0.0	0.0	0.0	0.0	0.0	0.0	0.0	0.0	0.0	0.0	0.0	0.0	0.0	0.0	0.0	0.0	1.0	0.0	0.0	0.0	7.0	0.0	1.0	0.0	4.0	0.0	1.0	0.0	0.0	0.0
fpoL_21228584	0.0	0.0	0.0	1.0	0.0	11.0	0.0	3.0	0.0	0.0	0.0	4.0	7.0	0.0	0.0	0.0	1.0	0.0	293.0	0.0	0.0	0.0	0.0	0.0	4.0	19.0	5.0	0.0	0.0	52.0	0.0	6.0	2.0	24.0	0.0	0.0	0.0	13.0	0.0	0.0	2.0	0.0	0.0	0.0	0.0	0.0	0.0	8.0	0.0	0.0	0.0	0.0	0.0	2.0	96.0	0.0	6.0	0.0	5.0	0.0	0.0	0.0	0.0	0.0
fpoL_mhor_MSHOH_2830	0.0	0.0	27.0	0.0	0.0	7.0	146.0	0.0	0.0	1.0	0.0	0.0	0.0	0.0	0.0	0.0	1.0	0.0	4.0	0.0	0.0	0.0	0.0	2.0	0.0	2.0	0.0	0.0	0.0	3.0	0.0	0.0	0.0	3.0	0.0	21.0	0.0	2.0	0.0	0.0	9.0	0.0	17.0	0.0	0.0	12.0	0.0	0.0	6.0	0.0	19.0	97.0	0.0	0.0	3.0	0.0	4.0	0.0	4.0	0.0	0.0	0.0	0.0	0.0
fpoL_1122939.ATUD01000010_gene2932	1.0	0.0	0.0	0.0	0.0	137.0	0.0	0.0	0.0	0.0	0.0	8.0	41.0	0.0	0.0	0.0	1.0	0.0	111.0	0.0	0.0	0.0	0.0	0.0	23.0	199.0	21.0	0.0	0.0	186.0	0.0	23.0	22.0	230.0	0.0	0.0	0.0	26.0	2.0	0.0	1.0	0.0	0.0	0.0	0.0	0.0	0.0	10.0	1.0	1.0	0.0	0.0	0.0	9.0	51.0	0.0	12.0	0.0	21.0	0.0	0.0	0.0	0.0	0.0
fpoL_511.JT27_16030	0.0	0.0	0.0	0.0	3.0	0.0	10.0	0.0	0.0	0.0	1.0	0.0	84.0	0.0	0.0	0.0	4.0	0.0	0.0	3.0	0.0	0.0	0.0	0.0	0.0	0.0	0.0	2.0	0.0	0.0	0.0	0.0	0.0	0.0	1.0	0.0	0.0	0.0	0.0	0.0	2.0	0.0	0.0	0.0	0.0	0.0	0.0	2.0	0.0	2.0	0.0	43.0	0.0	2.0	0.0	0.0	0.0	0.0	1.0	0.0	0.0	0.0	0.0	1.0
fpoL_317123856	0.0	0.0	0.0	0.0	0.0	109.0	1.0	0.0	0.0	0.0	0.0	0.0	3.0	0.0	0.0	0.0	0.0	0.0	248.0	0.0	0.0	0.0	0.0	0.0	0.0	168.0	1.0	0.0	0.0	50.0	0.0	198.0	0.0	181.0	0.0	0.0	0.0	326.0	0.0	0.0	0.0	0.0	0.0	0.0	0.0	0.0	0.0	1.0	0.0	0.0	0.0	0.0	0.0	0.0	25.0	0.0	268.0	0.0	344.0	0.0	0.0	0.0	0.0	0.0
fpoL_mls_MSLAZ_1458	1.0	0.0	490.0	31.0	0.0	6.0	578.0	65.0	0.0	0.0	0.0	1.0	0.0	51.0	13.0	0.0	1.0	29.0	2381.0	0.0	0.0	4.0	0.0	151.0	391.0	8.0	0.0	0.0	4.0	52.0	0.0	133.0	2600.0	24.0	0.0	1512.0	23.0	1039.0	0.0	0.0	3972.0	0.0	148.0	0.0	28.0	391.0	0.0	0.0	589.0	0.0	376.0	809.0	0.0	1527.0	44.0	1.0	451.0	0.0	825.0	0.0	0.0	8.0	0.0	0.0
fpoL_WP_048176187.1	2.0	0.0	281.0	24.0	0.0	2.0	401.0	26.0	0.0	0.0	0.0	2.0	0.0	31.0	1.0	0.0	2.0	28.0	1497.0	0.0	0.0	2.0	0.0	59.0	230.0	10.0	0.0	0.0	5.0	27.0	0.0	65.0	1609.0	4.0	0.0	849.0	13.0	702.0	0.0	0.0	2585.0	0.0	92.0	0.0	39.0	239.0	0.0	0.0	433.0	0.0	252.0	573.0	0.0	1009.0	31.0	0.0	293.0	0.0	481.0	0.0	0.0	2.0	0.0	0.0
fpoL_mfz_AOB57_001425	0.0	0.0	380.0	0.0	0.0	2.0	2182.0	0.0	0.0	0.0	0.0	0.0	0.0	0.0	0.0	0.0	0.0	0.0	305.0	0.0	0.0	0.0	0.0	8115.0	1.0	1.0	0.0	0.0	0.0	5298.0	0.0	2921.0	12.0	2.0	0.0	345.0	0.0	3313.0	0.0	0.0	0.0	0.0	12143.0	0.0	0.0	11377.0	0.0	0.0	225.0	0.0	254.0	1246.0	0.0	1.0	0.0	0.0	2836.0	0.0	652.0	0.0	0.0	0.0	0.0	0.0
fpoL_mthe_MSTHC_0531	1.0	0.0	98.0	6.0	0.0	0.0	230.0	4.0	0.0	0.0	0.0	0.0	0.0	4.0	0.0	0.0	0.0	8.0	193.0	0.0	0.0	2.0	0.0	20.0	20.0	2.0	1.0	0.0	0.0	5.0	0.0	7.0	183.0	0.0	0.0	108.0	2.0	104.0	0.0	0.0	277.0	0.0	40.0	0.0	4.0	38.0	0.0	0.0	43.0	0.0	52.0	155.0	0.0	89.0	4.0	0.0	31.0	0.0	69.0	0.0	0.0	0.0	0.0	0.0
fpoL_1172188.KB911826_gene5	0.0	0.0	0.0	0.0	1.0	22.0	0.0	0.0	0.0	0.0	1.0	0.0	0.0	0.0	0.0	0.0	0.0	0.0	120.0	0.0	0.0	0.0	0.0	0.0	0.0	33.0	0.0	0.0	0.0	54.0	0.0	106.0	0.0	42.0	0.0	0.0	0.0	167.0	0.0	0.0	0.0	0.0	0.0	0.0	0.0	0.0	0.0	0.0	0.0	0.0	0.0	0.0	0.0	0.0	15.0	0.0	102.0	0.0	146.0	0.0	0.0	0.0	0.0	0.0
fpoL_1219581.HMPREF1628_01720	0.0	0.0	0.0	0.0	4.0	0.0	0.0	1.0	0.0	0.0	2.0	0.0	0.0	0.0	0.0	0.0	4.0	0.0	4.0	0.0	0.0	1.0	0.0	0.0	24.0	0.0	0.0	0.0	4.0	623.0	0.0	1411.0	2.0	0.0	0.0	0.0	0.0	2757.0	0.0	0.0	2.0	0.0	0.0	0.0	0.0	0.0	0.0	0.0	0.0	0.0	0.0	2.0	0.0	6.0	0.0	0.0	1000.0	0.0	780.0	0.0	0.0	16.0	0.0	0.0
fpoL_330508776_m01	2.0	12.0	2.0	20.0	21.0	17.0	0.0	42.0	1658.0	0.0	7.0	3.0	0.0	60.0	332.0	6042.0	9.0	72.0	3.0	0.0	0.0	67.0	2591.0	0.0	6.0	8.0	0.0	33.0	74.0	27.0	2589.0	1.0	2.0	36.0	3.0	0.0	96.0	0.0	0.0	2460.0	183.0	5103.0	0.0	0.0	63.0	0.0	1.0	2.0	1.0	47.0	0.0	0.0	0.0	0.0	3.0	0.0	0.0	2413.0	1.0	1069.0	4.0	12.0	4437.0	5.0
fpoL_A0A1V5YEH9_m01	0.0	0.0	0.0	0.0	0.0	91.0	0.0	0.0	0.0	0.0	0.0	7.0	2.0	0.0	0.0	0.0	3.0	0.0	19.0	0.0	0.0	0.0	0.0	0.0	1.0	35.0	6.0	0.0	0.0	108.0	0.0	0.0	2.0	80.0	0.0	0.0	0.0	1.0	0.0	0.0	1.0	0.0	0.0	0.0	0.0	0.0	0.0	0.0	0.0	0.0	0.0	0.0	0.0	0.0	22.0	0.0	4.0	0.0	6.0	0.0	0.0	0.0	0.0	0.0
fpoL_mek_MSKOL_1466_m01	1.0	0.0	26.0	2.0	0.0	8.0	50.0	3.0	0.0	0.0	1.0	0.0	0.0	6.0	1.0	0.0	1.0	12.0	250.0	0.0	0.0	0.0	0.0	2.0	12.0	9.0	0.0	0.0	0.0	4.0	0.0	10.0	152.0	20.0	0.0	89.0	0.0	80.0	0.0	0.0	247.0	0.0	4.0	0.0	12.0	19.0	0.0	0.0	35.0	0.0	36.0	69.0	0.0	78.0	7.0	0.0	33.0	0.0	40.0	0.0	0.0	0.0	0.0	0.0
fpoL_mthe_MSTHC_0531_m01	1.0	0.0	37.0	1.0	0.0	0.0	190.0	0.0	0.0	0.0	0.0	0.0	1.0	1.0	0.0	0.0	1.0	1.0	155.0	0.0	0.0	0.0	1.0	12.0	2.0	0.0	0.0	0.0	0.0	35.0	0.0	10.0	21.0	2.0	0.0	30.0	1.0	40.0	0.0	0.0	27.0	0.0	47.0	0.0	0.0	58.0	0.0	0.0	10.0	0.0	28.0	147.0	0.0	11.0	0.0	0.0	24.0	0.0	59.0	0.0	0.0	0.0	0.0	0.0
fpoL_110319.CF8_0459_m01	0.0	0.0	0.0	0.0	0.0	212.0	0.0	0.0	0.0	0.0	0.0	0.0	0.0	0.0	0.0	0.0	2.0	0.0	85.0	0.0	0.0	0.0	0.0	0.0	0.0	213.0	0.0	0.0	0.0	81.0	0.0	11.0	0.0	467.0	0.0	0.0	0.0	16.0	0.0	0.0	1.0	0.0	0.0	0.0	0.0	0.0	0.0	0.0	0.0	1.0	0.0	0.0	0.0	0.0	41.0	0.0	17.0	0.0	10.0	0.0	1.0	0.0	0.0	0.0
fpoL_A0A1V5YEH9_m02	0.0	0.0	0.0	0.0	0.0	97.0	0.0	0.0	0.0	0.0	1.0	9.0	1.0	0.0	0.0	0.0	0.0	0.0	17.0	0.0	0.0	0.0	0.0	0.0	4.0	45.0	0.0	0.0	0.0	80.0	0.0	3.0	2.0	116.0	0.0	0.0	0.0	3.0	0.0	0.0	0.0	0.0	0.0	0.0	0.0	0.0	0.0	0.0	0.0	0.0	0.0	0.0	0.0	0.0	36.0	0.0	0.0	0.0	6.0	0.0	0.0	0.0	0.0	0.0
fpoL_mek_MSKOL_1466_m02	0.0	0.0	103.0	9.0	0.0	0.0	635.0	4.0	1.0	0.0	0.0	0.0	0.0	12.0	0.0	0.0	2.0	17.0	69.0	0.0	0.0	0.0	0.0	23.0	0.0	0.0	0.0	0.0	0.0	0.0	0.0	0.0	4.0	0.0	0.0	68.0	2.0	24.0	0.0	0.0	12.0	0.0	32.0	0.0	25.0	42.0	0.0	0.0	13.0	0.0	68.0	438.0	0.0	2.0	4.0	0.0	26.0	0.0	20.0	0.0	0.0	0.0	0.0	0.0
fpoL_110319.CF8_0459_m02	0.0	0.0	0.0	0.0	0.0	380.0	0.0	0.0	0.0	0.0	0.0	56.0	263.0	0.0	2.0	0.0	1.0	0.0	139.0	0.0	0.0	0.0	0.0	0.0	87.0	441.0	94.0	0.0	0.0	189.0	0.0	23.0	34.0	643.0	0.0	0.0	0.0	38.0	0.0	0.0	8.0	0.0	0.0	0.0	0.0	0.0	0.0	73.0	0.0	0.0	0.0	0.0	0.0	25.0	115.0	0.0	22.0	0.0	24.0	0.0	0.0	0.0	0.0	0.0
fpoL_110319.CF8_0459_m04	0.0	0.0	0.0	0.0	0.0	88.0	0.0	0.0	0.0	0.0	1.0	0.0	0.0	0.0	0.0	0.0	1.0	0.0	364.0	0.0	0.0	0.0	0.0	0.0	0.0	155.0	0.0	0.0	0.0	107.0	0.0	306.0	0.0	193.0	0.0	0.0	0.0	512.0	0.0	0.0	0.0	0.0	0.0	0.0	0.0	0.0	0.0	0.0	0.0	0.0	0.0	0.0	0.0	0.0	28.0	0.0	383.0	0.0	518.0	0.0	0.0	0.0	0.0	0.0
fpoL_110319.CF8_0459_m05	0.0	0.0	0.0	0.0	0.0	79.0	0.0	0.0	0.0	0.0	0.0	2.0	1.0	0.0	0.0	0.0	3.0	0.0	41.0	0.0	0.0	0.0	0.0	0.0	4.0	92.0	2.0	0.0	0.0	8.0	0.0	5.0	4.0	100.0	0.0	0.0	0.0	8.0	0.0	0.0	0.0	0.0	0.0	0.0	0.0	0.0	0.0	0.0	0.0	0.0	0.0	0.0	0.0	1.0	29.0	0.0	2.0	0.0	6.0	0.0	0.0	0.0	0.0	0.0
fpoL_1172188.KB911826_gene5_m01	0.0	1.0	0.0	1.0	2.0	108.0	1.0	0.0	0.0	0.0	1.0	0.0	2.0	0.0	0.0	0.0	2.0	0.0	71.0	1.0	0.0	0.0	0.0	0.0	0.0	152.0	1.0	0.0	0.0	60.0	0.0	6.0	0.0	282.0	1.0	0.0	0.0	8.0	0.0	1.0	0.0	0.0	0.0	0.0	0.0	0.0	0.0	0.0	0.0	0.0	0.0	0.0	0.0	0.0	49.0	0.0	6.0	0.0	6.0	1.0	0.0	0.0	0.0	0.0
fpoL_110319.CF8_0459_m06	0.0	1.0	202.0	0.0	1.0	129.0	3.0	0.0	0.0	0.0	0.0	0.0	0.0	0.0	0.0	0.0	1.0	0.0	51.0	0.0	0.0	0.0	0.0	0.0	0.0	206.0	0.0	0.0	0.0	42.0	0.0	5.0	1.0	340.0	0.0	174.0	0.0	6.0	0.0	0.0	0.0	0.0	2.0	0.0	0.0	0.0	0.0	0.0	114.0	0.0	85.0	12.0	0.0	0.0	27.0	1.0	6.0	0.0	1.0	0.0	1.0	0.0	0.0	0.0
fpoL_110319.CF8_0459_m07	1.0	0.0	0.0	0.0	0.0	231.0	0.0	0.0	0.0	0.0	0.0	0.0	6.0	0.0	0.0	0.0	1.0	0.0	4.0	0.0	0.0	0.0	0.0	0.0	0.0	326.0	1.0	0.0	0.0	14.0	0.0	1.0	0.0	439.0	0.0	0.0	0.0	2.0	0.0	0.0	0.0	0.0	0.0	0.0	0.0	0.0	0.0	2.0	0.0	0.0	0.0	0.0	0.0	0.0	17.0	0.0	0.0	0.0	2.0	0.0	0.0	0.0	0.0	0.0
fpoL_284042626_m01	0.0	0.0	0.0	1.0	0.0	60.0	0.0	0.0	0.0	0.0	0.0	3.0	12.0	0.0	0.0	0.0	2.0	0.0	65.0	0.0	0.0	0.0	0.0	0.0	8.0	106.0	6.0	0.0	0.0	85.0	0.0	15.0	2.0	71.0	0.0	0.0	0.0	19.0	0.0	0.0	4.0	1.0	1.0	0.0	0.0	0.0	0.0	2.0	0.0	0.0	0.0	0.0	0.0	0.0	22.0	0.0	7.0	0.0	9.0	0.0	0.0	0.0	0.0	0.0
fpoL_mek_MSKOL_1466_m04	0.0	0.0	9.0	1.0	0.0	4.0	40.0	3.0	0.0	0.0	0.0	0.0	0.0	3.0	1.0	0.0	1.0	2.0	413.0	0.0	0.0	0.0	0.0	23.0	41.0	4.0	0.0	0.0	0.0	9.0	0.0	17.0	234.0	11.0	0.0	48.0	0.0	172.0	0.0	0.0	382.0	0.0	22.0	0.0	1.0	137.0	0.0	0.0	22.0	0.0	17.0	23.0	0.0	175.0	11.0	0.0	79.0	0.0	116.0	0.0	0.0	0.0	0.0	0.0
fpoL_110319.CF8_0459_m08	4.0	0.0	0.0	0.0	0.0	32.0	0.0	0.0	0.0	6.0	0.0	0.0	0.0	1.0	0.0	0.0	1.0	0.0	13.0	0.0	6.0	0.0	0.0	0.0	0.0	33.0	0.0	18.0	0.0	14.0	0.0	2.0	0.0	72.0	0.0	0.0	1.0	1.0	7.0	0.0	0.0	0.0	0.0	4.0	1.0	0.0	3.0	2.0	0.0	0.0	0.0	0.0	5.0	0.0	3.0	6.0	4.0	0.0	1.0	0.0	0.0	0.0	0.0	0.0
fpoL_110319.CF8_0459_m09	0.0	0.0	0.0	0.0	0.0	173.0	0.0	0.0	0.0	0.0	0.0	23.0	85.0	0.0	0.0	0.0	1.0	0.0	83.0	0.0	0.0	0.0	0.0	0.0	32.0	278.0	40.0	0.0	0.0	114.0	0.0	6.0	17.0	370.0	0.0	1.0	0.0	19.0	0.0	0.0	2.0	0.0	0.0	0.0	0.0	0.0	0.0	15.0	0.0	0.0	0.0	0.0	0.0	2.0	55.0	0.0	5.0	0.0	13.0	0.0	0.0	0.0	0.0	0.0
fpoL_110319.CF8_0459_m10	0.0	0.0	0.0	0.0	0.0	196.0	0.0	0.0	0.0	0.0	0.0	0.0	0.0	0.0	0.0	0.0	5.0	0.0	297.0	0.0	0.0	0.0	0.0	0.0	2.0	168.0	2.0	0.0	0.0	103.0	0.0	198.0	0.0	401.0	0.0	0.0	0.0	298.0	0.0	0.0	0.0	0.0	0.0	0.0	0.0	0.0	0.0	0.0	0.0	0.0	0.0	0.0	0.0	0.0	54.0	0.0	215.0	0.0	304.0	0.0	0.0	0.0	0.0	1.0
fpoL_110319.CF8_0459_m12	0.0	0.0	0.0	0.0	0.0	86.0	0.0	0.0	0.0	0.0	0.0	0.0	3.0	0.0	0.0	0.0	1.0	0.0	38.0	0.0	0.0	0.0	0.0	0.0	2.0	80.0	0.0	0.0	0.0	51.0	0.0	12.0	0.0	156.0	0.0	0.0	0.0	6.0	1.0	0.0	0.0	0.0	0.0	0.0	0.0	0.0	0.0	0.0	0.0	0.0	0.0	0.0	0.0	0.0	36.0	0.0	2.0	0.0	11.0	0.0	0.0	0.0	0.0	0.0
fpoL_110319.CF8_0459_m13	4.0	0.0	0.0	0.0	0.0	122.0	0.0	0.0	0.0	7.0	1.0	4.0	4.0	0.0	0.0	0.0	2.0	1.0	133.0	0.0	0.0	0.0	0.0	0.0	3.0	204.0	2.0	12.0	0.0	135.0	0.0	15.0	4.0	293.0	0.0	0.0	0.0	24.0	4.0	0.0	1.0	0.0	0.0	1.0	0.0	0.0	0.0	0.0	0.0	0.0	0.0	0.0	3.0	0.0	62.0	0.0	15.0	0.0	14.0	1.0	1.0	0.0	0.0	0.0
fpoL_110319.CF8_0459_m14	0.0	0.0	0.0	0.0	0.0	88.0	0.0	0.0	0.0	0.0	0.0	1.0	5.0	1.0	0.0	0.0	0.0	0.0	32.0	0.0	0.0	0.0	0.0	0.0	3.0	89.0	5.0	0.0	1.0	56.0	0.0	1.0	2.0	153.0	0.0	0.0	0.0	8.0	2.0	0.0	0.0	0.0	0.0	0.0	0.0	0.0	0.0	2.0	0.0	0.0	0.0	0.0	0.0	3.0	19.0	0.0	4.0	0.0	4.0	1.0	0.0	0.0	0.0	0.0
fpoL_110319.CF8_0459_m16	0.0	0.0	222.0	0.0	1.0	7.0	16.0	0.0	1.0	0.0	1.0	0.0	0.0	0.0	0.0	1.0	2.0	0.0	17.0	0.0	0.0	0.0	5.0	2.0	0.0	18.0	0.0	0.0	0.0	11.0	1.0	0.0	1.0	23.0	3.0	192.0	0.0	1.0	1.0	3.0	0.0	2.0	2.0	0.0	0.0	4.0	1.0	0.0	139.0	0.0	93.0	4.0	0.0	0.0	4.0	0.0	0.0	0.0	1.0	0.0	2.0	0.0	0.0	0.0
fpoL_110319.CF8_0459_m17	1.0	0.0	0.0	0.0	0.0	97.0	0.0	0.0	1.0	1.0	0.0	32.0	152.0	0.0	0.0	0.0	2.0	0.0	24.0	0.0	0.0	0.0	0.0	0.0	18.0	98.0	50.0	0.0	0.0	57.0	0.0	10.0	21.0	177.0	1.0	0.0	0.0	4.0	0.0	0.0	2.0	0.0	0.0	0.0	0.0	0.0	0.0	37.0	0.0	0.0	0.0	0.0	0.0	11.0	11.0	0.0	2.0	0.0	1.0	0.0	0.0	0.0	0.0	0.0
fpoL_591159.ACEZ01000152_gene1776_m01	0.0	0.0	0.0	0.0	0.0	73.0	0.0	0.0	0.0	0.0	0.0	18.0	150.0	0.0	0.0	0.0	2.0	0.0	29.0	0.0	0.0	0.0	0.0	0.0	50.0	83.0	31.0	0.0	0.0	40.0	0.0	2.0	20.0	151.0	0.0	0.0	0.0	0.0	0.0	0.0	7.0	0.0	0.0	0.0	0.0	0.0	0.0	47.0	0.0	0.0	0.0	0.0	0.0	7.0	12.0	0.0	2.0	0.0	4.0	0.0	0.0	0.0	0.0	0.0
fpoL_591159.ACEZ01000152_gene1776_m02	0.0	0.0	0.0	0.0	0.0	56.0	0.0	0.0	32.0	0.0	0.0	4.0	35.0	0.0	0.0	24.0	2.0	1.0	29.0	0.0	0.0	0.0	31.0	1.0	7.0	103.0	9.0	1.0	0.0	64.0	37.0	2.0	6.0	152.0	0.0	0.0	0.0	10.0	0.0	29.0	2.0	4.0	0.0	0.0	0.0	0.0	0.0	16.0	0.0	2.0	0.0	0.0	0.0	4.0	24.0	0.0	4.0	13.0	9.0	23.0	0.0	0.0	14.0	0.0
fpoL_110319.CF8_0459_m18	0.0	0.0	0.0	0.0	0.0	103.0	0.0	1.0	0.0	0.0	0.0	1.0	2.0	0.0	0.0	0.0	0.0	0.0	80.0	0.0	0.0	0.0	0.0	0.0	2.0	208.0	3.0	0.0	0.0	56.0	0.0	7.0	0.0	266.0	0.0	0.0	0.0	17.0	0.0	1.0	0.0	0.0	0.0	0.0	0.0	0.0	0.0	0.0	0.0	0.0	0.0	0.0	0.0	0.0	46.0	0.0	13.0	1.0	24.0	0.0	0.0	0.0	1.0	0.0
