	ZB_1	ZB_2	ZB_3	ZB_4	ZB_5	ZB_6	ZB_7	ZB_8	ZB_9	ZB_10	ZB_11	ZB_12	ZB_13	ZB_14	ZB_15	ZB_16	ZB_17	ZB_18	ZB_19	ZB_20	ZB_21	ZB_22	ZB_23	ZB_24	ZB_25	ZB_26	ZB_27	ZB_28	ZB_29	ZB_30	ZB_31	ZB_32	ZB_33	ZB_34	ZB_35	ZB_36	ZB_37	ZB_38	ZB_39	ZB_40	ZB_41	ZB_42	ZB_43	ZB_44	ZB_45	ZB_46	ZB_47	ZB_48	ZB_49	ZB_50	ZB_51	ZB_52	ZB_53	ZB_54	ZB_55	ZB_56	ZB_57	ZB_58	ZB_59	ZB_60	ZB_61	ZB_62	ZB_63	ZB_64
frhG_metn_BK008_04370	2.0	2148.0	5.0	6.0	3512.0	5.0	2.0	69.0	86.0	24.0	2604.0	11.0	0.0	53.0	20.0	128.0	2202.0	14.0	18.0	1313.0	11.0	2.0	37.0	0.0	0.0	2.0	0.0	1.0	0.0	18.0	126.0	49.0	8.0	1.0	2218.0	2.0	7.0	5.0	2.0	24.0	22.0	211.0	1.0	16.0	62.0	12.0	2.0	2.0	0.0	1800.0	0.0	1.0	0.0	16.0	2.0	7.0	20.0	44.0	2.0	17.0	1481.0	2.0	121.0	1554.0
frhG_397780546	3.0	1173.0	13.0	7.0	2289.0	0.0	24.0	4.0	25.0	2.0	1679.0	12.0	0.0	12.0	6.0	27.0	1521.0	2.0	3.0	1900.0	0.0	1.0	25.0	3.0	14.0	0.0	14.0	9.0	6.0	1.0	24.0	4.0	33.0	1.0	1470.0	21.0	1.0	2.0	10.0	20.0	17.0	36.0	11.0	0.0	4.0	3.0	2.0	3.0	31.0	850.0	2.0	19.0	5.0	5.0	1.0	0.0	1.0	13.0	0.0	6.0	462.0	3.0	15.0	1001.0
frhG_126180116	2.0	0.0	24.0	270.0	2.0	0.0	60.0	300.0	11.0	4.0	0.0	0.0	0.0	364.0	61.0	5.0	2.0	292.0	0.0	0.0	0.0	46.0	2.0	59.0	0.0	0.0	0.0	4.0	48.0	0.0	7.0	0.0	7.0	0.0	4.0	10.0	88.0	0.0	1.0	7.0	30.0	34.0	64.0	0.0	264.0	76.0	1.0	1.0	6.0	2.0	23.0	103.0	0.0	2.0	0.0	5.0	0.0	0.0	0.0	8.0	5.0	31.0	8.0	5.0
frhG_566003892	0.0	28.0	0.0	0.0	45.0	6.0	0.0	0.0	0.0	0.0	25.0	1.0	0.0	0.0	0.0	0.0	34.0	0.0	28.0	12.0	0.0	0.0	1.0	0.0	4.0	14.0	5.0	0.0	0.0	11.0	0.0	8.0	0.0	0.0	29.0	0.0	0.0	6.0	0.0	0.0	8.0	2.0	0.0	0.0	0.0	0.0	0.0	5.0	0.0	20.0	1.0	0.0	0.0	6.0	12.0	0.0	12.0	0.0	1.0	0.0	21.0	0.0	0.0	28.0
frhG_509155698	0.0	184.0	0.0	0.0	178.0	0.0	0.0	2.0	0.0	0.0	56.0	0.0	0.0	83.0	42.0	0.0	118.0	0.0	0.0	107.0	0.0	0.0	0.0	0.0	0.0	0.0	0.0	0.0	0.0	0.0	0.0	0.0	0.0	0.0	91.0	0.0	0.0	0.0	0.0	0.0	0.0	0.0	0.0	0.0	373.0	0.0	0.0	0.0	0.0	24.0	0.0	0.0	0.0	0.0	0.0	0.0	0.0	0.0	0.0	0.0	8.0	0.0	0.0	114.0
frhG_mfc_BRM9_2250	0.0	0.0	0.0	0.0	0.0	5.0	0.0	0.0	0.0	0.0	0.0	20.0	7.0	0.0	0.0	0.0	1.0	0.0	17.0	0.0	0.0	0.0	0.0	0.0	10.0	2.0	20.0	0.0	0.0	6.0	0.0	10.0	25.0	2.0	0.0	0.0	0.0	7.0	0.0	0.0	30.0	0.0	0.0	0.0	0.0	0.0	0.0	13.0	0.0	0.0	0.0	0.0	0.0	18.0	5.0	0.0	4.0	0.0	0.0	0.0	0.0	0.0	0.0	0.0
frhG_88603575	1.0	0.0	0.0	0.0	0.0	1.0	0.0	0.0	0.0	0.0	0.0	11.0	0.0	0.0	0.0	0.0	0.0	4.0	0.0	0.0	0.0	8.0	0.0	0.0	2.0	2.0	0.0	2.0	0.0	6.0	0.0	0.0	0.0	2.0	0.0	0.0	1.0	0.0	0.0	0.0	2.0	0.0	0.0	0.0	0.0	0.0	2.0	4.0	0.0	0.0	0.0	0.0	0.0	0.0	2.0	0.0	0.0	0.0	0.0	1.0	0.0	5.0	0.0	0.0
frhG_mthr_MSTHT_1416	1.0	0.0	75.0	7.0	0.0	0.0	129.0	6.0	0.0	0.0	0.0	0.0	0.0	0.0	0.0	0.0	0.0	4.0	277.0	0.0	0.0	0.0	0.0	25.0	59.0	0.0	0.0	0.0	2.0	4.0	0.0	15.0	251.0	0.0	0.0	109.0	1.0	126.0	0.0	0.0	324.0	0.0	16.0	0.0	4.0	50.0	0.0	0.0	69.0	0.0	51.0	127.0	0.0	170.0	6.0	0.0	52.0	0.0	87.0	0.0	0.0	0.0	0.0	0.0
frhG_452211542	0.0	0.0	0.0	0.0	0.0	1.0	0.0	0.0	0.0	0.0	0.0	0.0	1.0	0.0	0.0	0.0	0.0	0.0	81.0	1.0	0.0	0.0	0.0	0.0	0.0	0.0	0.0	0.0	0.0	7.0	0.0	0.0	0.0	3.0	0.0	0.0	0.0	0.0	0.0	0.0	0.0	0.0	0.0	0.0	0.0	2.0	0.0	2.0	0.0	0.0	0.0	0.0	0.0	0.0	25.0	0.0	1.0	0.0	0.0	0.0	0.0	0.0	0.0	0.0
frhG_mek_MSKOL_3071	0.0	0.0	14.0	0.0	0.0	2.0	141.0	0.0	0.0	0.0	0.0	0.0	0.0	0.0	0.0	0.0	1.0	0.0	9.0	0.0	0.0	0.0	0.0	495.0	1.0	2.0	0.0	0.0	0.0	231.0	0.0	179.0	0.0	11.0	0.0	27.0	0.0	202.0	0.0	0.0	0.0	0.0	824.0	0.0	0.0	640.0	0.0	0.0	9.0	0.0	25.0	84.0	0.0	0.0	0.0	0.0	130.0	0.0	29.0	0.0	0.0	0.0	0.0	0.0
frhG_mbak_MSBR3_2971	0.0	0.0	355.0	17.0	0.0	0.0	811.0	14.0	0.0	0.0	1.0	2.0	0.0	26.0	0.0	0.0	0.0	13.0	1182.0	0.0	0.0	2.0	0.0	85.0	342.0	0.0	0.0	0.0	4.0	20.0	0.0	98.0	1802.0	1.0	0.0	867.0	10.0	626.0	0.0	0.0	2313.0	0.0	149.0	0.0	8.0	210.0	0.0	0.0	421.0	0.0	369.0	748.0	0.0	988.0	24.0	0.0	262.0	0.0	413.0	0.0	0.0	3.0	0.0	0.0
frhG_mby_MSBRM_3018	0.0	0.0	108.0	7.0	0.0	0.0	323.0	20.0	0.0	0.0	0.0	0.0	0.0	21.0	0.0	0.0	0.0	11.0	818.0	0.0	0.0	3.0	0.0	44.0	49.0	0.0	0.0	0.0	0.0	21.0	0.0	52.0	372.0	1.0	0.0	195.0	9.0	277.0	0.0	0.0	455.0	0.0	64.0	0.0	13.0	121.0	0.0	0.0	60.0	0.0	75.0	242.0	0.0	209.0	23.0	0.0	114.0	0.0	172.0	0.0	0.0	3.0	0.0	0.0
frhG_mfz_AOB57_006175	0.0	0.0	166.0	2.0	0.0	0.0	878.0	0.0	0.0	0.0	0.0	0.0	0.0	0.0	0.0	0.0	1.0	0.0	114.0	0.0	0.0	0.0	0.0	2985.0	0.0	0.0	0.0	0.0	0.0	1522.0	0.0	1011.0	0.0	0.0	0.0	111.0	0.0	1120.0	0.0	0.0	1.0	0.0	4983.0	0.0	0.0	3901.0	0.0	0.0	100.0	0.0	113.0	438.0	0.0	2.0	1.0	0.0	845.0	0.0	258.0	0.0	0.0	0.0	0.0	0.0
frhG_mhor_MSHOH_2438	0.0	0.0	6.0	0.0	0.0	0.0	5.0	0.0	0.0	0.0	0.0	0.0	0.0	1.0	0.0	0.0	0.0	0.0	19.0	0.0	0.0	1.0	0.0	1.0	1.0	0.0	0.0	0.0	0.0	0.0	0.0	1.0	16.0	4.0	0.0	7.0	0.0	1.0	0.0	0.0	15.0	0.0	2.0	0.0	0.0	2.0	0.0	0.0	7.0	0.0	2.0	5.0	0.0	10.0	0.0	0.0	7.0	0.0	4.0	0.0	0.0	0.0	0.0	0.0
frhG_21229145	0.0	0.0	0.0	0.0	0.0	8.0	0.0	0.0	0.0	0.0	0.0	0.0	1.0	0.0	0.0	0.0	1.0	0.0	33.0	0.0	0.0	0.0	0.0	0.0	0.0	6.0	0.0	0.0	0.0	3.0	0.0	0.0	0.0	8.0	0.0	0.0	0.0	0.0	0.0	0.0	0.0	0.0	0.0	0.0	0.0	0.0	0.0	0.0	0.0	0.0	0.0	0.0	0.0	1.0	12.0	0.0	0.0	0.0	0.0	0.0	0.0	0.0	0.0	0.0
frhG_73667997	1.0	0.0	4.0	2.0	0.0	19.0	20.0	2.0	0.0	0.0	2.0	0.0	0.0	8.0	0.0	0.0	1.0	6.0	28.0	0.0	0.0	0.0	0.0	5.0	5.0	9.0	0.0	0.0	2.0	0.0	0.0	0.0	27.0	33.0	0.0	17.0	0.0	18.0	0.0	0.0	31.0	0.0	2.0	0.0	9.0	9.0	0.0	0.0	8.0	0.0	6.0	12.0	1.0	18.0	4.0	0.0	12.0	0.0	9.0	0.0	0.0	0.0	0.0	0.0
frhG_397780546_m01	0.0	21.0	1.0	2.0	41.0	0.0	0.0	0.0	0.0	0.0	755.0	0.0	0.0	0.0	0.0	1.0	31.0	0.0	0.0	49.0	0.0	0.0	0.0	0.0	0.0	0.0	0.0	0.0	0.0	0.0	0.0	0.0	0.0	0.0	129.0	5.0	0.0	0.0	0.0	0.0	0.0	6.0	0.0	0.0	0.0	0.0	0.0	0.0	4.0	506.0	1.0	0.0	0.0	0.0	0.0	0.0	0.0	0.0	0.0	0.0	503.0	0.0	1.0	8.0
frhG_126180116_m01	0.0	0.0	0.0	12.0	1.0	0.0	5.0	28.0	0.0	0.0	1.0	1.0	0.0	52.0	10.0	1.0	1.0	16.0	0.0	1.0	0.0	2.0	0.0	0.0	2.0	0.0	2.0	1.0	10.0	0.0	0.0	0.0	6.0	0.0	0.0	0.0	6.0	0.0	0.0	0.0	0.0	6.0	0.0	2.0	80.0	0.0	1.0	0.0	1.0	0.0	0.0	0.0	0.0	0.0	1.0	0.0	0.0	5.0	2.0	0.0	0.0	4.0	0.0	0.0
frhG_msub_BK009_08720_m01	0.0	0.0	0.0	0.0	0.0	475.0	0.0	0.0	0.0	0.0	0.0	839.0	240.0	0.0	0.0	0.0	1.0	0.0	2656.0	0.0	0.0	2.0	1.0	0.0	378.0	561.0	566.0	0.0	1.0	1181.0	0.0	678.0	803.0	124.0	0.0	0.0	0.0	705.0	0.0	0.0	896.0	0.0	0.0	0.0	0.0	0.0	0.0	261.0	1.0	0.0	0.0	0.0	0.0	720.0	627.0	0.0	639.0	0.0	429.0	0.0	0.0	0.0	0.0	0.0
frhG_509155698_m01	0.0	2.0	0.0	0.0	5.0	0.0	0.0	0.0	0.0	0.0	85.0	0.0	0.0	0.0	0.0	0.0	5.0	0.0	0.0	0.0	0.0	0.0	0.0	0.0	0.0	0.0	0.0	0.0	0.0	0.0	0.0	0.0	0.0	0.0	49.0	0.0	0.0	0.0	0.0	0.0	0.0	0.0	0.0	0.0	0.0	0.0	0.0	0.0	0.0	52.0	0.0	0.0	0.0	0.0	0.0	0.0	0.0	0.0	0.0	0.0	21.0	0.0	0.0	2.0
frhG_mfc_BRM9_2250_m01	0.0	38.0	24.0	30.0	51.0	4.0	72.0	39.0	342.0	30.0	55.0	17.0	0.0	54.0	0.0	388.0	47.0	44.0	193.0	23.0	7.0	36.0	786.0	5.0	7.0	7.0	0.0	10.0	5.0	106.0	604.0	468.0	53.0	16.0	42.0	61.0	23.0	62.0	0.0	817.0	176.0	696.0	10.0	25.0	33.0	12.0	5.0	1.0	24.0	28.0	13.0	55.0	5.0	13.0	18.0	6.0	342.0	178.0	73.0	333.0	38.0	24.0	441.0	22.0
frhG_mek_MSKOL_3071_m01	0.0	0.0	3.0	0.0	0.0	6.0	9.0	2.0	0.0	0.0	0.0	0.0	0.0	0.0	0.0	0.0	1.0	1.0	13.0	0.0	0.0	0.0	0.0	1.0	3.0	3.0	0.0	0.0	0.0	1.0	0.0	0.0	6.0	10.0	0.0	9.0	0.0	4.0	0.0	0.0	19.0	0.0	0.0	1.0	0.0	3.0	0.0	0.0	3.0	0.0	1.0	8.0	0.0	9.0	2.0	0.0	5.0	0.0	3.0	0.0	0.0	0.0	0.0	0.0
frhG_397780546_m02	0.0	3.0	26.0	134.0	7.0	0.0	18.0	135.0	9.0	2.0	55.0	0.0	0.0	156.0	26.0	8.0	6.0	106.0	0.0	3.0	2.0	18.0	0.0	39.0	0.0	0.0	1.0	4.0	15.0	0.0	7.0	0.0	3.0	0.0	7.0	7.0	32.0	0.0	2.0	6.0	5.0	13.0	30.0	0.0	92.0	36.0	0.0	0.0	6.0	30.0	9.0	34.0	0.0	0.0	0.0	1.0	0.0	0.0	1.0	4.0	40.0	7.0	9.0	2.0
frhG_mfc_BRM9_2250_m02	1.0	1.0	1.0	0.0	2.0	4.0	1.0	1.0	12.0	1.0	1.0	1.0	0.0	2.0	1.0	10.0	0.0	0.0	10.0	5.0	0.0	1.0	35.0	1.0	2.0	1.0	0.0	1.0	0.0	1.0	20.0	20.0	1.0	1.0	1.0	2.0	1.0	6.0	0.0	30.0	8.0	41.0	2.0	1.0	1.0	0.0	0.0	0.0	0.0	1.0	0.0	4.0	0.0	0.0	2.0	0.0	11.0	8.0	2.0	20.0	2.0	0.0	28.0	2.0
frhG_metn_BK008_04370_m04	2.0	507.0	0.0	7.0	888.0	18.0	0.0	18.0	6.0	10.0	616.0	25.0	4.0	8.0	10.0	30.0	518.0	0.0	121.0	349.0	5.0	0.0	4.0	0.0	13.0	18.0	22.0	0.0	0.0	55.0	23.0	25.0	25.0	11.0	483.0	0.0	0.0	37.0	2.0	11.0	48.0	41.0	0.0	12.0	16.0	7.0	0.0	5.0	0.0	446.0	0.0	0.0	0.0	39.0	23.0	0.0	22.0	11.0	29.0	5.0	307.0	4.0	33.0	383.0
frhG_mfc_BRM9_2250_m03	0.0	0.0	0.0	0.0	0.0	19.0	0.0	0.0	1.0	0.0	0.0	24.0	5.0	0.0	0.0	0.0	0.0	0.0	69.0	0.0	0.0	0.0	0.0	0.0	5.0	5.0	6.0	0.0	0.0	50.0	0.0	25.0	10.0	1.0	1.0	0.0	0.0	18.0	0.0	0.0	19.0	0.0	0.0	0.0	0.0	1.0	0.0	4.0	0.0	0.0	0.0	2.0	0.0	8.0	24.0	0.0	23.0	0.0	17.0	1.0	1.0	0.0	0.0	1.0
frhG_mfc_BRM9_2250_m04	0.0	1.0	0.0	0.0	0.0	17.0	0.0	0.0	0.0	0.0	1.0	0.0	1.0	0.0	0.0	0.0	2.0	0.0	54.0	0.0	0.0	0.0	0.0	0.0	0.0	16.0	5.0	0.0	0.0	42.0	0.0	8.0	2.0	17.0	0.0	0.0	0.0	16.0	0.0	0.0	2.0	0.0	0.0	0.0	0.0	0.0	0.0	1.0	0.0	1.0	0.0	0.0	0.0	4.0	18.0	0.0	14.0	0.0	2.0	0.0	0.0	0.0	1.0	2.0
frhG_metn_BK008_04370_m05	0.0	176.0	2.0	0.0	257.0	6.0	2.0	1.0	6.0	0.0	233.0	13.0	14.0	2.0	0.0	4.0	176.0	4.0	17.0	77.0	2.0	0.0	5.0	0.0	2.0	14.0	7.0	0.0	0.0	16.0	7.0	7.0	5.0	5.0	157.0	0.0	0.0	8.0	0.0	0.0	7.0	16.0	0.0	4.0	11.0	4.0	0.0	7.0	0.0	136.0	0.0	0.0	0.0	2.0	0.0	0.0	8.0	2.0	6.0	0.0	114.0	0.0	11.0	98.0
frhG_mfc_BRM9_2250_m05	0.0	1.0	0.0	0.0	0.0	25.0	0.0	0.0	0.0	0.0	1.0	0.0	0.0	0.0	0.0	0.0	0.0	0.0	31.0	0.0	0.0	0.0	0.0	0.0	0.0	10.0	0.0	0.0	0.0	12.0	0.0	7.0	0.0	13.0	0.0	0.0	0.0	10.0	0.0	0.0	0.0	0.0	0.0	0.0	0.0	0.0	0.0	5.0	0.0	0.0	0.0	0.0	0.0	0.0	10.0	0.0	12.0	0.0	4.0	0.0	0.0	0.0	0.0	1.0
frhG_386456.JQKN01000012_gene1021_m01	0.0	0.0	0.0	0.0	0.0	17.0	0.0	0.0	1.0	0.0	5.0	8.0	16.0	0.0	0.0	0.0	0.0	0.0	36.0	0.0	0.0	0.0	0.0	0.0	2.0	5.0	6.0	0.0	0.0	32.0	0.0	16.0	8.0	3.0	0.0	0.0	0.0	9.0	1.0	0.0	7.0	0.0	0.0	0.0	0.0	0.0	0.0	2.0	0.0	0.0	0.0	0.0	0.0	8.0	18.0	0.0	9.0	0.0	6.0	0.0	0.0	0.0	1.0	0.0
frhG_metn_BK008_04370_m06	0.0	133.0	0.0	0.0	190.0	2.0	0.0	10.0	7.0	0.0	139.0	1.0	1.0	0.0	0.0	8.0	134.0	0.0	4.0	71.0	0.0	0.0	4.0	0.0	0.0	0.0	1.0	0.0	0.0	8.0	7.0	0.0	4.0	1.0	81.0	0.0	0.0	0.0	0.0	1.0	0.0	8.0	0.0	1.0	5.0	0.0	0.0	2.0	0.0	114.0	0.0	0.0	0.0	1.0	4.0	0.0	2.0	2.0	0.0	0.0	95.0	1.0	7.0	75.0
frhG_mek_MSKOL_3071_m22	0.0	0.0	2.0	0.0	0.0	0.0	17.0	0.0	0.0	0.0	0.0	0.0	0.0	0.0	0.0	0.0	0.0	0.0	3.0	0.0	0.0	0.0	0.0	36.0	0.0	0.0	0.0	0.0	0.0	16.0	0.0	15.0	5.0	1.0	0.0	4.0	0.0	22.0	0.0	0.0	5.0	0.0	79.0	0.0	0.0	49.0	0.0	0.0	3.0	0.0	4.0	16.0	0.0	1.0	0.0	0.0	9.0	0.0	3.0	0.0	0.0	0.0	0.0	0.0
frhG_mek_MSKOL_3071_m03	0.0	0.0	10.0	0.0	0.0	1.0	35.0	0.0	0.0	0.0	0.0	0.0	0.0	0.0	0.0	0.0	0.0	0.0	6.0	0.0	0.0	0.0	0.0	74.0	2.0	1.0	0.0	0.0	0.0	36.0	0.0	23.0	5.0	5.0	0.0	4.0	0.0	26.0	0.0	0.0	12.0	0.0	123.0	0.0	0.0	78.0	0.0	0.0	3.0	0.0	3.0	26.0	0.0	3.0	0.0	0.0	17.0	0.0	9.0	0.0	0.0	0.0	0.0	0.0
frhG_metn_BK008_04370_m07	0.0	138.0	0.0	0.0	200.0	1.0	0.0	5.0	2.0	2.0	154.0	0.0	2.0	2.0	0.0	1.0	99.0	0.0	1.0	69.0	0.0	0.0	1.0	0.0	0.0	0.0	2.0	0.0	0.0	0.0	5.0	4.0	0.0	0.0	109.0	0.0	0.0	1.0	1.0	5.0	1.0	12.0	0.0	0.0	6.0	0.0	0.0	0.0	0.0	105.0	0.0	0.0	0.0	0.0	0.0	0.0	2.0	0.0	1.0	0.0	102.0	0.0	8.0	87.0
frhG_msub_BK009_08720_m04	0.0	0.0	0.0	0.0	0.0	47.0	0.0	0.0	0.0	0.0	0.0	65.0	66.0	0.0	0.0	0.0	1.0	0.0	100.0	0.0	0.0	0.0	0.0	0.0	19.0	37.0	22.0	0.0	0.0	109.0	0.0	22.0	33.0	17.0	0.0	0.0	0.0	28.0	0.0	0.0	35.0	0.0	0.0	0.0	0.0	0.0	0.0	33.0	0.0	0.0	0.0	0.0	0.0	42.0	36.0	0.0	26.0	1.0	12.0	0.0	0.0	0.0	0.0	0.0
frhG_msub_BK009_08720_m06	1.0	0.0	0.0	2.0	0.0	4.0	0.0	2.0	5.0	0.0	0.0	0.0	0.0	4.0	0.0	2.0	0.0	0.0	31.0	0.0	0.0	4.0	4.0	0.0	0.0	4.0	0.0	0.0	1.0	73.0	1.0	111.0	0.0	1.0	0.0	0.0	2.0	36.0	0.0	2.0	7.0	1.0	0.0	0.0	0.0	0.0	0.0	0.0	0.0	0.0	0.0	0.0	0.0	0.0	5.0	0.0	73.0	0.0	23.0	0.0	0.0	0.0	0.0	0.0
frhG_msub_BK009_08720_m07	0.0	0.0	0.0	0.0	0.0	8.0	0.0	0.0	0.0	0.0	0.0	1.0	0.0	0.0	0.0	0.0	0.0	0.0	43.0	0.0	0.0	0.0	0.0	0.0	0.0	14.0	1.0	0.0	0.0	23.0	0.0	8.0	0.0	0.0	0.0	0.0	0.0	18.0	0.0	0.0	1.0	0.0	0.0	0.0	0.0	0.0	0.0	0.0	0.0	0.0	0.0	0.0	0.0	1.0	16.0	0.0	6.0	0.0	18.0	0.0	0.0	0.0	0.0	0.0
frhG_mek_MSKOL_3071_m06	0.0	0.0	0.0	0.0	0.0	287.0	0.0	0.0	0.0	0.0	0.0	11.0	37.0	0.0	0.0	0.0	1.0	0.0	190.0	0.0	0.0	0.0	0.0	0.0	23.0	895.0	13.0	0.0	0.0	231.0	0.0	12.0	4.0	467.0	0.0	0.0	0.0	11.0	0.0	0.0	0.0	0.0	0.0	0.0	0.0	0.0	0.0	24.0	0.0	0.0	0.0	0.0	0.0	3.0	242.0	0.0	5.0	0.0	9.0	0.0	0.0	0.0	0.0	0.0
frhG_mfc_BRM9_2250_m06	0.0	1.0	0.0	0.0	0.0	4.0	0.0	0.0	0.0	0.0	0.0	7.0	5.0	0.0	0.0	0.0	1.0	0.0	19.0	0.0	0.0	0.0	0.0	0.0	0.0	5.0	2.0	0.0	0.0	5.0	0.0	8.0	7.0	5.0	0.0	0.0	0.0	1.0	0.0	0.0	7.0	0.0	0.0	0.0	0.0	0.0	0.0	2.0	0.0	0.0	0.0	0.0	0.0	4.0	8.0	0.0	5.0	0.0	2.0	0.0	0.0	0.0	0.0	0.0
frhG_mek_MSKOL_3071_m08	0.0	0.0	0.0	0.0	0.0	409.0	0.0	0.0	0.0	0.0	0.0	2.0	37.0	0.0	0.0	0.0	0.0	0.0	88.0	0.0	0.0	0.0	0.0	0.0	2.0	667.0	6.0	0.0	0.0	47.0	0.0	11.0	0.0	435.0	0.0	0.0	0.0	12.0	0.0	0.0	2.0	0.0	0.0	0.0	0.0	0.0	0.0	24.0	0.0	0.0	0.0	0.0	0.0	1.0	92.0	0.0	10.0	0.0	9.0	0.0	0.0	0.0	0.0	0.0
frhG_mfc_BRM9_2250_m07	0.0	0.0	0.0	0.0	2.0	2.0	5.0	4.0	10.0	2.0	4.0	5.0	2.0	4.0	0.0	25.0	4.0	0.0	12.0	1.0	0.0	0.0	37.0	0.0	0.0	1.0	0.0	0.0	2.0	7.0	22.0	26.0	1.0	2.0	0.0	4.0	0.0	8.0	0.0	31.0	12.0	30.0	4.0	0.0	6.0	0.0	0.0	0.0	0.0	4.0	1.0	5.0	0.0	4.0	5.0	0.0	28.0	6.0	5.0	18.0	2.0	0.0	30.0	4.0
frhG_mek_MSKOL_3071_m10	0.0	0.0	0.0	0.0	0.0	32.0	1.0	0.0	0.0	0.0	0.0	0.0	0.0	0.0	0.0	0.0	0.0	0.0	10.0	0.0	0.0	0.0	0.0	0.0	0.0	58.0	0.0	0.0	0.0	18.0	0.0	2.0	1.0	49.0	0.0	0.0	0.0	0.0	0.0	0.0	1.0	0.0	0.0	0.0	0.0	0.0	0.0	0.0	0.0	0.0	0.0	1.0	0.0	1.0	14.0	0.0	1.0	0.0	0.0	0.0	0.0	0.0	0.0	0.0
frhG_mfc_BRM9_2250_m08	1.0	2.0	1.0	0.0	4.0	11.0	4.0	6.0	24.0	5.0	8.0	4.0	6.0	2.0	0.0	23.0	1.0	0.0	41.0	0.0	2.0	1.0	77.0	1.0	2.0	8.0	0.0	4.0	0.0	23.0	42.0	24.0	7.0	5.0	4.0	1.0	2.0	12.0	0.0	54.0	17.0	50.0	1.0	4.0	0.0	2.0	0.0	0.0	2.0	6.0	1.0	4.0	0.0	2.0	5.0	0.0	18.0	20.0	18.0	17.0	1.0	2.0	37.0	1.0
frhG_mek_MSKOL_3071_m12	0.0	0.0	0.0	1.0	0.0	53.0	0.0	0.0	0.0	0.0	0.0	0.0	4.0	0.0	0.0	0.0	1.0	1.0	73.0	0.0	0.0	0.0	0.0	0.0	0.0	98.0	0.0	0.0	0.0	20.0	0.0	10.0	0.0	63.0	0.0	0.0	0.0	8.0	0.0	0.0	0.0	0.0	0.0	0.0	0.0	0.0	0.0	0.0	0.0	2.0	0.0	0.0	0.0	0.0	33.0	0.0	11.0	0.0	8.0	0.0	0.0	0.0	0.0	0.0
frhG_mek_MSKOL_3071_m14	0.0	0.0	0.0	0.0	0.0	85.0	0.0	0.0	0.0	0.0	0.0	2.0	9.0	0.0	0.0	0.0	1.0	0.0	49.0	0.0	0.0	0.0	0.0	0.0	0.0	149.0	0.0	0.0	0.0	37.0	0.0	14.0	0.0	149.0	0.0	0.0	0.0	2.0	0.0	0.0	0.0	0.0	0.0	0.0	0.0	0.0	0.0	2.0	0.0	0.0	0.0	0.0	0.0	0.0	40.0	0.0	13.0	0.0	6.0	0.0	0.0	0.0	0.0	0.0
frhG_mek_MSKOL_3071_m15	0.0	0.0	0.0	0.0	0.0	158.0	0.0	0.0	0.0	0.0	0.0	4.0	28.0	0.0	0.0	0.0	2.0	0.0	39.0	0.0	0.0	0.0	0.0	0.0	1.0	311.0	8.0	0.0	0.0	16.0	0.0	10.0	0.0	142.0	1.0	0.0	0.0	5.0	0.0	0.0	0.0	0.0	0.0	0.0	0.0	0.0	0.0	11.0	0.0	0.0	0.0	0.0	0.0	0.0	45.0	0.0	5.0	0.0	6.0	0.0	0.0	0.0	0.0	0.0
frhG_mek_MSKOL_3071_m16	0.0	0.0	0.0	0.0	0.0	17.0	0.0	0.0	0.0	0.0	1.0	0.0	0.0	0.0	0.0	0.0	0.0	0.0	25.0	0.0	0.0	0.0	0.0	0.0	0.0	58.0	0.0	0.0	0.0	3.0	0.0	9.0	0.0	27.0	0.0	0.0	0.0	4.0	0.0	0.0	0.0	0.0	0.0	0.0	0.0	0.0	0.0	0.0	0.0	0.0	0.0	0.0	0.0	0.0	15.0	0.0	6.0	0.0	1.0	0.0	0.0	0.0	0.0	0.0
frhG_mek_MSKOL_3071_m17	0.0	0.0	0.0	0.0	0.0	35.0	0.0	0.0	0.0	0.0	0.0	0.0	2.0	0.0	0.0	0.0	0.0	0.0	37.0	0.0	0.0	0.0	0.0	0.0	0.0	57.0	2.0	0.0	0.0	10.0	0.0	11.0	1.0	46.0	0.0	0.0	0.0	9.0	0.0	0.0	1.0	0.0	2.0	0.0	0.0	0.0	0.0	0.0	0.0	0.0	0.0	0.0	0.0	1.0	28.0	0.0	8.0	0.0	8.0	0.0	0.0	0.0	0.0	0.0
frhG_mek_MSKOL_3071_m19	0.0	0.0	25.0	0.0	0.0	2.0	128.0	0.0	0.0	0.0	0.0	0.0	0.0	0.0	0.0	0.0	0.0	0.0	19.0	1.0	0.0	0.0	0.0	568.0	0.0	3.0	0.0	0.0	0.0	282.0	0.0	156.0	0.0	3.0	0.0	26.0	0.0	226.0	0.0	0.0	0.0	0.0	952.0	0.0	0.0	740.0	0.0	0.0	12.0	0.0	18.0	91.0	0.0	0.0	0.0	0.0	155.0	0.0	57.0	0.0	0.0	0.0	0.0	0.0
frhG_mek_MSKOL_3071_m21	0.0	0.0	0.0	0.0	0.0	36.0	0.0	0.0	0.0	0.0	0.0	0.0	2.0	0.0	0.0	0.0	1.0	0.0	15.0	0.0	0.0	0.0	0.0	0.0	0.0	55.0	0.0	0.0	0.0	9.0	0.0	0.0	0.0	69.0	0.0	0.0	0.0	0.0	0.0	0.0	1.0	0.0	0.0	0.0	0.0	0.0	0.0	0.0	0.0	0.0	0.0	0.0	0.0	0.0	4.0	0.0	0.0	0.0	2.0	0.0	0.0	0.0	0.0	0.0
