	ZB_1	ZB_2	ZB_3	ZB_4	ZB_5	ZB_6	ZB_7	ZB_8	ZB_9	ZB_10	ZB_11	ZB_12	ZB_13	ZB_14	ZB_15	ZB_16	ZB_17	ZB_18	ZB_19	ZB_20	ZB_21	ZB_22	ZB_23	ZB_24	ZB_25	ZB_26	ZB_27	ZB_28	ZB_29	ZB_30	ZB_31	ZB_32	ZB_33	ZB_34	ZB_35	ZB_36	ZB_37	ZB_38	ZB_39	ZB_40	ZB_41	ZB_42	ZB_43	ZB_44	ZB_45	ZB_46	ZB_47	ZB_48	ZB_49	ZB_50	ZB_51	ZB_52	ZB_53	ZB_54	ZB_55	ZB_56	ZB_57	ZB_58	ZB_59	ZB_60	ZB_61	ZB_62	ZB_63	ZB_64
fwdB_397780692	3.0	1786.0	38.0	8.0	3437.0	1.0	14.0	0.0	13.0	6.0	2735.0	1.0	0.0	5.0	0.0	17.0	2486.0	5.0	1.0	2932.0	5.0	4.0	23.0	8.0	3.0	0.0	0.0	9.0	3.0	0.0	14.0	6.0	16.0	0.0	2579.0	64.0	1.0	4.0	3.0	22.0	1.0	17.0	6.0	4.0	0.0	5.0	0.0	0.0	23.0	1332.0	18.0	30.0	5.0	0.0	0.0	0.0	0.0	13.0	1.0	19.0	610.0	0.0	8.0	1500.0
fwdB_566002138	0.0	1621.0	0.0	10.0	2939.0	1.0	0.0	38.0	59.0	10.0	2144.0	4.0	0.0	54.0	17.0	71.0	1827.0	5.0	0.0	1063.0	5.0	0.0	24.0	5.0	1.0	1.0	0.0	0.0	1.0	9.0	153.0	31.0	4.0	0.0	1722.0	0.0	10.0	0.0	3.0	17.0	10.0	207.0	3.0	16.0	54.0	3.0	3.0	0.0	0.0	1215.0	0.0	1.0	0.0	0.0	1.0	0.0	4.0	39.0	0.0	9.0	1155.0	3.0	122.0	1343.0
fwdB_mema_MMAB1_0723	1.0	1926.0	23.0	10.0	4331.0	0.0	14.0	4.0	30.0	5.0	2922.0	2.0	2.0	7.0	0.0	41.0	2992.0	3.0	0.0	3566.0	3.0	4.0	38.0	8.0	1.0	0.0	3.0	4.0	2.0	0.0	32.0	2.0	18.0	0.0	2873.0	39.0	3.0	3.0	6.0	54.0	11.0	42.0	3.0	3.0	7.0	8.0	2.0	2.0	32.0	1583.0	21.0	33.0	6.0	0.0	0.0	0.0	7.0	9.0	4.0	21.0	821.0	6.0	39.0	1661.0
fwdB_meto_CIT02_06455	0.0	38.0	0.0	0.0	54.0	13.0	0.0	1.0	3.0	0.0	63.0	21.0	7.0	1.0	0.0	5.0	46.0	1.0	75.0	31.0	0.0	0.0	4.0	0.0	3.0	9.0	16.0	0.0	0.0	29.0	0.0	14.0	31.0	5.0	43.0	0.0	0.0	13.0	0.0	0.0	27.0	1.0	0.0	0.0	0.0	0.0	0.0	5.0	0.0	29.0	0.0	0.0	0.0	5.0	18.0	0.0	12.0	1.0	12.0	0.0	26.0	0.0	4.0	42.0
fwdB_126178322	3.0	5.0	26.0	127.0	5.0	146.0	14.0	141.0	10.0	3.0	3.0	14.0	30.0	233.0	26.0	8.0	3.0	113.0	100.0	3.0	5.0	45.0	3.0	32.0	16.0	521.0	14.0	5.0	30.0	128.0	0.0	6.0	3.0	226.0	0.0	9.0	56.0	3.0	0.0	3.0	17.0	19.0	28.0	0.0	149.0	59.0	0.0	25.0	3.0	8.0	13.0	49.0	3.0	10.0	124.0	0.0	5.0	5.0	6.0	8.0	0.0	18.0	3.0	0.0
fwdB_126179772	1.0	11.0	4.0	15.0	12.0	0.0	8.0	19.0	1.0	0.0	286.0	0.0	0.0	19.0	4.0	0.0	23.0	26.0	0.0	16.0	0.0	3.0	1.0	2.0	0.0	0.0	0.0	0.0	0.0	0.0	0.0	0.0	0.0	0.0	50.0	0.0	4.0	0.0	0.0	0.0	0.0	4.0	4.0	0.0	19.0	18.0	0.0	0.0	0.0	177.0	2.0	3.0	0.0	0.0	0.0	0.0	0.0	0.0	1.0	0.0	196.0	2.0	0.0	5.0
fwdB_509154265	0.0	340.0	0.0	0.0	341.0	0.0	0.0	0.0	0.0	0.0	95.0	0.0	1.0	118.0	94.0	0.0	237.0	0.0	0.0	151.0	0.0	0.0	0.0	0.0	0.0	0.0	0.0	0.0	0.0	1.0	3.0	0.0	0.0	0.0	151.0	0.0	0.0	0.0	0.0	0.0	0.0	0.0	0.0	0.0	658.0	0.0	0.0	0.0	0.0	28.0	0.0	0.0	0.0	0.0	0.0	0.0	0.0	0.0	0.0	0.0	19.0	0.0	1.0	178.0
fwdB_mett_CIT01_06285	1.0	761.0	0.0	4.0	1317.0	4.0	0.0	16.0	16.0	7.0	1078.0	10.0	7.0	16.0	4.0	39.0	882.0	0.0	31.0	484.0	4.0	0.0	13.0	0.0	0.0	4.0	7.0	0.0	0.0	20.0	34.0	22.0	7.0	0.0	852.0	0.0	3.0	5.0	0.0	5.0	3.0	89.0	0.0	8.0	17.0	0.0	0.0	3.0	0.0	625.0	0.0	0.0	3.0	1.0	9.0	3.0	14.0	14.0	13.0	9.0	581.0	4.0	55.0	607.0
fwdB_mthr_MSTHT_1270	0.0	0.0	374.0	1.0	0.0	8.0	2110.0	0.0	0.0	0.0	0.0	0.0	0.0	3.0	0.0	0.0	3.0	3.0	350.0	0.0	0.0	0.0	0.0	7650.0	3.0	3.0	0.0	3.0	0.0	4330.0	3.0	2698.0	3.0	17.0	0.0	337.0	0.0	2951.0	0.0	0.0	5.0	0.0	14164.0	0.0	0.0	10272.0	0.0	0.0	226.0	0.0	291.0	1292.0	0.0	4.0	8.0	0.0	2252.0	7.0	669.0	0.0	0.0	0.0	0.0	0.0
fwdB_mmj_MSMAS_2700	0.0	0.0	191.0	25.0	0.0	3.0	409.0	12.0	0.0	0.0	0.0	0.0	0.0	30.0	0.0	0.0	3.0	34.0	793.0	0.0	0.0	1.0	0.0	107.0	161.0	3.0	0.0	0.0	3.0	30.0	0.0	56.0	815.0	8.0	0.0	461.0	4.0	401.0	0.0	0.0	1292.0	0.0	191.0	0.0	24.0	241.0	0.0	0.0	252.0	0.0	124.0	373.0	0.0	505.0	25.0	0.0	166.0	0.0	266.0	0.0	0.0	4.0	0.0	0.0
fwdB_333986366	4.0	53.0	54.0	59.0	97.0	8.0	164.0	160.0	705.0	54.0	139.0	16.0	9.0	70.0	15.0	828.0	77.0	73.0	432.0	67.0	12.0	40.0	2070.0	20.0	21.0	12.0	11.0	49.0	19.0	190.0	1395.0	985.0	83.0	9.0	61.0	132.0	57.0	118.0	0.0	1669.0	459.0	1758.0	44.0	40.0	100.0	16.0	3.0	4.0	44.0	114.0	37.0	149.0	7.0	48.0	34.0	21.0	785.0	483.0	160.0	858.0	79.0	44.0	1051.0	71.0
fwdB_154151014	1.0	0.0	0.0	0.0	0.0	385.0	0.0	0.0	0.0	0.0	0.0	18.0	61.0	0.0	0.0	0.0	1.0	0.0	215.0	0.0	0.0	0.0	0.0	0.0	14.0	1167.0	35.0	0.0	0.0	312.0	0.0	27.0	3.0	583.0	0.0	3.0	0.0	24.0	0.0	0.0	3.0	0.0	0.0	0.0	0.0	0.0	0.0	42.0	0.0	0.0	0.0	0.0	0.0	9.0	278.0	0.0	20.0	0.0	3.0	0.0	0.0	0.0	0.0	0.0
fwdB_mvc_MSVAZ_0450	0.0	0.0	1.0	0.0	0.0	25.0	0.0	0.0	0.0	0.0	1.0	0.0	0.0	0.0	0.0	0.0	3.0	0.0	0.0	0.0	0.0	0.0	0.0	0.0	0.0	8.0	0.0	0.0	0.0	3.0	0.0	0.0	0.0	27.0	0.0	0.0	0.0	0.0	0.0	0.0	0.0	1.0	0.0	0.0	0.0	0.0	0.0	0.0	0.0	0.0	0.0	0.0	0.0	0.0	3.0	0.0	0.0	0.0	0.0	0.0	0.0	0.0	0.0	0.0
fwdB_397780692_m01	0.0	44.0	30.0	251.0	36.0	0.0	39.0	206.0	10.0	1.0	678.0	0.0	0.0	280.0	41.0	6.0	32.0	206.0	0.0	62.0	1.0	40.0	3.0	92.0	0.0	0.0	0.0	0.0	49.0	0.0	12.0	0.0	8.0	0.0	118.0	17.0	52.0	0.0	0.0	4.0	9.0	43.0	52.0	0.0	231.0	69.0	8.0	0.0	6.0	512.0	30.0	80.0	3.0	6.0	0.0	3.0	0.0	6.0	0.0	9.0	566.0	17.0	5.0	22.0
fwdB_566002138_m01	0.0	1700.0	0.0	8.0	3016.0	7.0	9.0	31.0	52.0	16.0	2157.0	7.0	18.0	33.0	13.0	69.0	1814.0	9.0	31.0	1045.0	12.0	0.0	35.0	0.0	0.0	7.0	4.0	4.0	0.0	43.0	122.0	30.0	9.0	1.0	1766.0	3.0	8.0	9.0	1.0	16.0	18.0	173.0	0.0	22.0	47.0	10.0	0.0	3.0	0.0	1421.0	0.0	1.0	0.0	9.0	8.0	4.0	20.0	39.0	12.0	9.0	1207.0	3.0	90.0	1117.0
fwdB_mema_MMAB1_0723_m01	3.0	36.0	34.0	201.0	43.0	0.0	64.0	269.0	10.0	2.0	488.0	0.0	0.0	279.0	56.0	11.0	29.0	213.0	0.0	18.0	0.0	41.0	2.0	43.0	1.0	0.0	0.0	2.0	41.0	2.0	2.0	0.0	6.0	0.0	90.0	13.0	70.0	0.0	0.0	8.0	10.0	34.0	66.0	0.0	225.0	82.0	0.0	0.0	12.0	381.0	22.0	73.0	0.0	0.0	0.0	1.0	0.0	1.0	0.0	2.0	375.0	11.0	7.0	16.0
fwdB_meto_CIT02_06455_m01	0.0	0.0	0.0	0.0	0.0	8.0	0.0	0.0	0.0	0.0	1.0	25.0	20.0	0.0	0.0	0.0	0.0	0.0	58.0	0.0	0.0	0.0	3.0	0.0	7.0	3.0	27.0	0.0	0.0	25.0	0.0	4.0	26.0	9.0	0.0	0.0	0.0	8.0	0.0	0.0	35.0	0.0	0.0	0.0	0.0	0.0	0.0	13.0	0.0	0.0	0.0	0.0	0.0	22.0	13.0	0.0	3.0	0.0	4.0	0.0	0.0	0.0	0.0	0.0
fwdB_509154265_m01	0.0	12.0	0.0	0.0	4.0	0.0	0.0	0.0	0.0	0.0	227.0	0.0	0.0	0.0	1.0	0.0	3.0	0.0	0.0	0.0	0.0	0.0	0.0	0.0	0.0	0.0	0.0	0.0	0.0	0.0	0.0	0.0	0.0	0.0	91.0	0.0	0.0	0.0	0.0	0.0	0.0	0.0	0.0	0.0	0.0	0.0	0.0	0.0	0.0	90.0	0.0	0.0	0.0	1.0	0.0	0.0	0.0	0.0	3.0	0.0	42.0	0.0	0.0	3.0
fwdB_mthr_MSTHT_1270_m01	0.0	1.0	919.0	31.0	0.0	13.0	2054.0	91.0	0.0	0.0	3.0	0.0	0.0	111.0	8.0	1.0	1.0	83.0	3977.0	3.0	0.0	3.0	0.0	283.0	789.0	4.0	0.0	0.0	9.0	70.0	0.0	285.0	4106.0	13.0	0.0	2186.0	33.0	1859.0	0.0	0.0	5914.0	0.0	445.0	0.0	55.0	763.0	0.0	0.0	1098.0	0.0	703.0	2079.0	0.0	2680.0	100.0	0.0	828.0	0.0	1151.0	0.0	0.0	9.0	0.0	0.0
fwdB_mmj_MSMAS_2700_m01	0.0	0.0	0.0	0.0	0.0	16.0	0.0	0.0	0.0	0.0	0.0	9.0	14.0	0.0	0.0	0.0	0.0	0.0	161.0	0.0	0.0	0.0	0.0	0.0	0.0	24.0	3.0	0.0	0.0	41.0	0.0	3.0	4.0	21.0	0.0	0.0	0.0	3.0	0.0	0.0	8.0	0.0	0.0	0.0	0.0	1.0	0.0	4.0	0.0	0.0	0.0	0.0	0.0	8.0	80.0	0.0	4.0	0.0	5.0	0.0	0.0	0.0	0.0	0.0
fwdB_566002138_m02	0.0	625.0	0.0	5.0	903.0	0.0	3.0	8.0	22.0	16.0	735.0	3.0	1.0	13.0	5.0	38.0	595.0	5.0	10.0	371.0	3.0	0.0	8.0	3.0	0.0	0.0	0.0	1.0	0.0	13.0	37.0	48.0	4.0	0.0	502.0	0.0	3.0	8.0	5.0	5.0	0.0	39.0	0.0	5.0	16.0	3.0	0.0	0.0	0.0	403.0	0.0	0.0	0.0	0.0	3.0	5.0	12.0	10.0	7.0	3.0	357.0	3.0	37.0	366.0
fwdB_meto_CIT02_06455_m02	0.0	437.0	0.0	1.0	798.0	5.0	3.0	4.0	20.0	7.0	528.0	1.0	0.0	25.0	4.0	31.0	439.0	3.0	34.0	265.0	4.0	0.0	4.0	0.0	0.0	21.0	4.0	0.0	0.0	24.0	37.0	10.0	1.0	0.0	469.0	0.0	3.0	0.0	1.0	1.0	4.0	42.0	0.0	1.0	14.0	0.0	0.0	0.0	0.0	373.0	0.0	0.0	0.0	3.0	3.0	0.0	8.0	20.0	9.0	7.0	316.0	0.0	34.0	319.0
fwdB_126178322_m01	0.0	0.0	30.0	102.0	3.0	19.0	21.0	74.0	0.0	3.0	0.0	0.0	3.0	114.0	23.0	3.0	3.0	59.0	21.0	3.0	0.0	13.0	0.0	21.0	3.0	62.0	0.0	3.0	18.0	6.0	3.0	3.0	3.0	45.0	0.0	0.0	36.0	0.0	0.0	3.0	5.0	8.0	30.0	0.0	101.0	31.0	3.0	0.0	5.0	3.0	3.0	43.0	0.0	0.0	13.0	3.0	1.0	3.0	4.0	0.0	0.0	8.0	5.0	0.0
fwdB_126179772_m01	0.0	20.0	0.0	0.0	33.0	0.0	1.0	0.0	5.0	0.0	341.0	0.0	0.0	0.0	0.0	1.0	13.0	0.0	2.0	32.0	0.0	0.0	0.0	1.0	0.0	0.0	2.0	0.0	0.0	1.0	2.0	0.0	1.0	0.0	60.0	2.0	0.0	0.0	0.0	0.0	5.0	4.0	3.0	0.0	0.0	0.0	0.0	0.0	1.0	233.0	2.0	0.0	0.0	0.0	0.0	0.0	0.0	0.0	1.0	0.0	237.0	0.0	0.0	6.0
fwdB_397780692_m02	4.0	248.0	29.0	114.0	612.0	0.0	45.0	117.0	14.0	0.0	389.0	0.0	0.0	148.0	23.0	22.0	390.0	79.0	0.0	548.0	6.0	26.0	16.0	54.0	3.0	0.0	0.0	1.0	31.0	0.0	22.0	0.0	5.0	0.0	391.0	10.0	18.0	0.0	3.0	16.0	12.0	52.0	36.0	0.0	157.0	43.0	0.0	0.0	29.0	184.0	8.0	39.0	0.0	0.0	0.0	0.0	0.0	9.0	0.0	18.0	218.0	6.0	14.0	201.0
fwdB_566002138_m03	0.0	634.0	0.0	0.0	1147.0	21.0	0.0	22.0	26.0	5.0	927.0	3.0	5.0	12.0	3.0	30.0	685.0	0.0	22.0	401.0	0.0	0.0	22.0	0.0	1.0	5.0	3.0	0.0	0.0	22.0	26.0	22.0	5.0	13.0	633.0	0.0	3.0	17.0	3.0	9.0	7.0	85.0	0.0	16.0	3.0	3.0	0.0	0.0	0.0	684.0	0.0	0.0	0.0	0.0	9.0	0.0	7.0	5.0	10.0	13.0	460.0	0.0	18.0	465.0
fwdB_mema_MMAB1_0723_m02	1.0	2.0	33.0	303.0	0.0	0.0	70.0	392.0	22.0	7.0	12.0	0.0	0.0	444.0	85.0	5.0	3.0	359.0	0.0	2.0	0.0	78.0	6.0	85.0	2.0	0.0	0.0	3.0	49.0	0.0	10.0	0.0	13.0	0.0	4.0	21.0	123.0	1.0	6.0	8.0	13.0	47.0	74.0	7.0	351.0	104.0	2.0	2.0	10.0	7.0	31.0	97.0	4.0	5.0	0.0	2.0	0.0	10.0	0.0	9.0	4.0	34.0	6.0	0.0
fwdB_meto_CIT02_06455_m03	0.0	46.0	0.0	0.0	56.0	1.0	0.0	7.0	1.0	1.0	39.0	0.0	0.0	0.0	1.0	1.0	41.0	1.0	51.0	29.0	0.0	0.0	4.0	0.0	0.0	7.0	0.0	0.0	0.0	69.0	4.0	115.0	3.0	0.0	33.0	0.0	0.0	31.0	0.0	0.0	8.0	20.0	0.0	0.0	1.0	0.0	0.0	0.0	0.0	33.0	0.0	0.0	0.0	1.0	9.0	1.0	63.0	4.0	24.0	0.0	20.0	0.0	7.0	31.0
fwdB_566002138_m04	0.0	0.0	0.0	0.0	0.0	13.0	0.0	0.0	0.0	0.0	0.0	4.0	5.0	0.0	0.0	3.0	0.0	3.0	55.0	0.0	0.0	3.0	0.0	0.0	0.0	9.0	5.0	0.0	0.0	72.0	0.0	71.0	3.0	3.0	0.0	0.0	3.0	38.0	0.0	0.0	7.0	5.0	0.0	0.0	0.0	0.0	1.0	0.0	0.0	0.0	0.0	0.0	0.0	3.0	10.0	3.0	75.0	0.0	16.0	0.0	0.0	0.0	0.0	0.0
fwdB_meto_CIT02_06455_m04	0.0	1.0	0.0	0.0	0.0	13.0	0.0	0.0	0.0	0.0	0.0	5.0	3.0	0.0	0.0	0.0	0.0	0.0	75.0	0.0	0.0	0.0	0.0	0.0	5.0	9.0	7.0	0.0	0.0	30.0	0.0	16.0	13.0	9.0	1.0	0.0	0.0	31.0	0.0	0.0	7.0	0.0	0.0	0.0	0.0	0.0	0.0	3.0	0.0	0.0	0.0	0.0	0.0	0.0	17.0	0.0	20.0	0.0	13.0	0.0	0.0	0.0	0.0	0.0
fwdB_126178322_m02	4.0	0.0	1.0	0.0	0.0	1.0	12.0	0.0	0.0	0.0	0.0	8.0	3.0	0.0	0.0	3.0	1.0	0.0	0.0	0.0	0.0	0.0	0.0	6.0	32.0	3.0	10.0	1.0	0.0	8.0	3.0	0.0	22.0	0.0	1.0	3.0	0.0	3.0	0.0	0.0	23.0	8.0	0.0	0.0	0.0	0.0	3.0	8.0	5.0	0.0	3.0	5.0	0.0	21.0	5.0	0.0	0.0	1.0	3.0	0.0	0.0	0.0	0.0	0.0
fwdB_126179772_m02	0.0	0.0	1.0	0.0	2.0	0.0	1.0	0.0	0.0	1.0	90.0	3.0	0.0	0.0	0.0	0.0	4.0	0.0	0.0	4.0	0.0	0.0	0.0	1.0	4.0	0.0	2.0	0.0	0.0	0.0	2.0	0.0	2.0	0.0	22.0	3.0	0.0	0.0	0.0	1.0	5.0	2.0	2.0	0.0	0.0	0.0	0.0	0.0	3.0	60.0	2.0	3.0	0.0	0.0	0.0	0.0	0.0	3.0	0.0	0.0	54.0	0.0	0.0	2.0
fwdB_397780692_m03	1.0	185.0	12.0	0.0	341.0	4.0	8.0	0.0	22.0	3.0	1012.0	0.0	0.0	0.0	0.0	12.0	266.0	0.0	0.0	435.0	0.0	0.0	3.0	1.0	0.0	3.0	0.0	0.0	0.0	0.0	9.0	0.0	6.0	0.0	371.0	6.0	0.0	0.0	0.0	13.0	5.0	12.0	1.0	0.0	0.0	3.0	0.0	0.0	4.0	735.0	10.0	5.0	0.0	0.0	0.0	0.0	0.0	8.0	1.0	4.0	739.0	0.0	8.0	162.0
fwdB_meto_CIT02_06455_m05	0.0	20.0	0.0	0.0	60.0	56.0	0.0	0.0	1.0	0.0	55.0	0.0	0.0	0.0	0.0	1.0	44.0	0.0	105.0	18.0	0.0	0.0	0.0	0.0	0.0	29.0	0.0	0.0	0.0	118.0	0.0	22.0	0.0	59.0	27.0	0.0	0.0	27.0	0.0	1.0	0.0	3.0	0.0	1.0	0.0	0.0	0.0	0.0	0.0	35.0	0.0	0.0	0.0	0.0	44.0	1.0	21.0	3.0	20.0	0.0	29.0	0.0	4.0	25.0
fwdB_566002138_m05	0.0	407.0	0.0	3.0	578.0	5.0	3.0	24.0	16.0	0.0	482.0	5.0	4.0	8.0	3.0	22.0	362.0	0.0	33.0	204.0	0.0	0.0	16.0	0.0	5.0	5.0	3.0	0.0	0.0	25.0	30.0	22.0	9.0	5.0	375.0	0.0	5.0	5.0	0.0	8.0	9.0	43.0	0.0	3.0	10.0	0.0	0.0	1.0	0.0	310.0	0.0	0.0	0.0	13.0	17.0	0.0	14.0	13.0	9.0	8.0	262.0	0.0	24.0	268.0
fwdB_397780692_m04	0.0	0.0	1.0	13.0	0.0	0.0	5.0	53.0	0.0	0.0	0.0	0.0	3.0	122.0	29.0	3.0	3.0	23.0	0.0	0.0	0.0	5.0	3.0	0.0	3.0	0.0	0.0	0.0	14.0	0.0	3.0	3.0	6.0	0.0	9.0	0.0	8.0	0.0	0.0	0.0	0.0	3.0	3.0	0.0	152.0	5.0	0.0	0.0	0.0	0.0	0.0	3.0	0.0	0.0	3.0	0.0	0.0	0.0	0.0	0.0	0.0	0.0	0.0	0.0
fwdB_mema_MMAB1_0723_m03	0.0	2.0	12.0	75.0	6.0	0.0	13.0	80.0	0.0	2.0	6.0	0.0	0.0	145.0	22.0	3.0	0.0	84.0	0.0	0.0	0.0	6.0	2.0	33.0	0.0	0.0	0.0	0.0	18.0	0.0	0.0	0.0	0.0	0.0	6.0	4.0	28.0	0.0	1.0	7.0	10.0	11.0	18.0	0.0	146.0	32.0	0.0	0.0	3.0	1.0	6.0	40.0	0.0	2.0	0.0	0.0	0.0	4.0	0.0	2.0	0.0	9.0	0.0	1.0
fwdB_126178322_m03	0.0	0.0	0.0	30.0	0.0	140.0	3.0	26.0	0.0	0.0	0.0	0.0	1.0	27.0	5.0	0.0	0.0	26.0	83.0	0.0	0.0	5.0	0.0	3.0	1.0	253.0	0.0	0.0	3.0	72.0	0.0	25.0	0.0	133.0	0.0	0.0	8.0	12.0	3.0	5.0	0.0	0.0	0.0	0.0	25.0	13.0	0.0	0.0	0.0	0.0	1.0	5.0	0.0	0.0	56.0	0.0	8.0	0.0	18.0	0.0	0.0	3.0	0.0	0.0
fwdB_126179772_m03	0.0	10.0	1.0	7.0	15.0	0.0	0.0	12.0	0.0	0.0	154.0	0.0	0.0	38.0	7.0	2.0	5.0	28.0	0.0	5.0	0.0	0.0	0.0	0.0	0.0	0.0	0.0	0.0	6.0	0.0	0.0	0.0	0.0	0.0	21.0	2.0	5.0	0.0	0.0	0.0	0.0	2.0	0.0	0.0	40.0	0.0	0.0	0.0	0.0	79.0	0.0	0.0	0.0	0.0	0.0	0.0	0.0	0.0	0.0	0.0	105.0	0.0	0.0	1.0
fwdB_154151014_m01	0.0	0.0	0.0	0.0	0.0	733.0	0.0	0.0	0.0	0.0	0.0	0.0	93.0	0.0	0.0	0.0	0.0	0.0	155.0	0.0	0.0	0.0	0.0	0.0	5.0	1023.0	9.0	0.0	0.0	130.0	0.0	33.0	0.0	631.0	0.0	0.0	0.0	29.0	0.0	0.0	0.0	0.0	0.0	0.0	0.0	0.0	3.0	52.0	0.0	0.0	0.0	0.0	0.0	1.0	192.0	0.0	15.0	3.0	12.0	0.0	0.0	0.0	0.0	0.0
fwdB_154151014_m02	1.0	0.0	0.0	0.0	0.0	60.0	0.0	0.0	0.0	0.0	0.0	5.0	5.0	0.0	0.0	0.0	4.0	1.0	164.0	0.0	0.0	0.0	0.0	0.0	5.0	219.0	3.0	0.0	0.0	20.0	0.0	32.0	0.0	102.0	0.0	0.0	0.0	19.0	0.0	0.0	0.0	0.0	0.0	0.0	0.0	0.0	0.0	0.0	0.0	0.0	0.0	0.0	0.0	0.0	70.0	0.0	37.0	0.0	10.0	0.0	0.0	0.0	0.0	0.0
fwdB_154151014_m03	0.0	0.0	0.0	3.0	0.0	69.0	0.0	0.0	0.0	0.0	0.0	0.0	14.0	1.0	0.0	0.0	1.0	1.0	61.0	0.0	0.0	0.0	0.0	0.0	0.0	239.0	3.0	0.0	0.0	49.0	0.0	0.0	0.0	136.0	0.0	0.0	0.0	5.0	0.0	0.0	3.0	0.0	0.0	0.0	0.0	0.0	0.0	0.0	0.0	0.0	0.0	0.0	0.0	0.0	55.0	0.0	4.0	0.0	3.0	0.0	0.0	0.0	0.0	0.0
fwdB_126178322_m07	0.0	0.0	3.0	12.0	0.0	220.0	6.0	6.0	0.0	3.0	0.0	0.0	22.0	8.0	3.0	3.0	1.0	16.0	57.0	0.0	0.0	0.0	0.0	3.0	0.0	410.0	4.0	0.0	3.0	30.0	0.0	17.0	0.0	219.0	0.0	3.0	3.0	6.0	0.0	3.0	0.0	0.0	5.0	0.0	8.0	6.0	0.0	17.0	0.0	0.0	5.0	3.0	0.0	3.0	66.0	0.0	9.0	1.0	8.0	0.0	0.0	0.0	0.0	0.0
fwdB_154151014_m04	0.0	0.0	0.0	0.0	0.0	141.0	0.0	0.0	0.0	0.0	0.0	0.0	27.0	0.0	0.0	0.0	4.0	0.0	54.0	0.0	0.0	0.0	0.0	0.0	4.0	276.0	0.0	0.0	0.0	19.0	0.0	22.0	0.0	159.0	0.0	0.0	0.0	13.0	0.0	0.0	0.0	0.0	0.0	0.0	0.0	0.0	0.0	10.0	0.0	0.0	0.0	0.0	0.0	0.0	82.0	0.0	9.0	0.0	14.0	0.0	0.0	0.0	0.0	0.0
fwdB_126178322_m08	0.0	0.0	16.0	150.0	3.0	4.0	28.0	132.0	5.0	0.0	3.0	0.0	0.0	193.0	31.0	1.0	1.0	115.0	0.0	0.0	0.0	41.0	5.0	48.0	0.0	1.0	0.0	0.0	31.0	0.0	5.0	0.0	6.0	10.0	3.0	16.0	28.0	0.0	0.0	3.0	8.0	19.0	23.0	0.0	116.0	59.0	3.0	0.0	5.0	0.0	3.0	44.0	0.0	0.0	0.0	5.0	0.0	3.0	0.0	8.0	4.0	16.0	5.0	0.0
fwdB_154151014_m05	0.0	0.0	0.0	1.0	0.0	124.0	0.0	0.0	0.0	0.0	3.0	0.0	6.0	0.0	0.0	1.0	0.0	0.0	28.0	0.0	0.0	0.0	0.0	0.0	0.0	87.0	0.0	0.0	0.0	8.0	0.0	8.0	0.0	269.0	0.0	0.0	0.0	0.0	0.0	0.0	0.0	0.0	0.0	0.0	0.0	0.0	0.0	0.0	0.0	0.0	0.0	0.0	0.0	0.0	12.0	0.0	0.0	0.0	0.0	0.0	0.0	0.0	0.0	0.0
fwdB_126178322_m10	1.0	0.0	5.0	36.0	4.0	65.0	5.0	32.0	3.0	0.0	0.0	3.0	12.0	32.0	8.0	0.0	3.0	49.0	16.0	0.0	0.0	8.0	0.0	5.0	0.0	134.0	0.0	0.0	1.0	6.0	0.0	5.0	3.0	56.0	0.0	0.0	3.0	4.0	3.0	3.0	3.0	3.0	8.0	0.0	21.0	14.0	0.0	9.0	0.0	0.0	0.0	5.0	0.0	0.0	21.0	0.0	0.0	3.0	1.0	3.0	0.0	0.0	5.0	3.0
fwdB_154151014_m07	0.0	0.0	0.0	0.0	0.0	137.0	0.0	0.0	0.0	0.0	1.0	0.0	1.0	0.0	0.0	0.0	0.0	0.0	127.0	0.0	0.0	0.0	0.0	0.0	3.0	260.0	4.0	0.0	0.0	79.0	0.0	23.0	0.0	239.0	0.0	0.0	0.0	23.0	0.0	0.0	0.0	0.0	0.0	0.0	0.0	0.0	0.0	0.0	0.0	0.0	0.0	0.0	0.0	0.0	78.0	0.0	15.0	0.0	28.0	0.0	0.0	0.0	0.0	0.0
fwdB_mema_MMAB1_0723_m04	0.0	743.0	9.0	42.0	1608.0	0.0	14.0	42.0	9.0	1.0	1129.0	12.0	0.0	66.0	12.0	33.0	1127.0	25.0	0.0	1367.0	2.0	9.0	22.0	5.0	6.0	0.0	1.0	2.0	2.0	2.0	18.0	0.0	13.0	0.0	1035.0	38.0	7.0	4.0	4.0	12.0	3.0	10.0	3.0	1.0	47.0	18.0	4.0	2.0	24.0	574.0	1.0	30.0	2.0	9.0	2.0	2.0	0.0	21.0	2.0	12.0	353.0	7.0	12.0	613.0
fwdB_mema_MMAB1_0723_m05	1.0	334.0	33.0	114.0	605.0	0.0	30.0	134.0	6.0	4.0	422.0	2.0	0.0	184.0	23.0	10.0	408.0	93.0	0.0	501.0	2.0	30.0	9.0	33.0	3.0	0.0	1.0	2.0	38.0	2.0	9.0	1.0	12.0	1.0	464.0	19.0	40.0	2.0	2.0	10.0	12.0	30.0	36.0	0.0	135.0	25.0	6.0	0.0	12.0	253.0	16.0	43.0	0.0	6.0	2.0	6.0	0.0	3.0	2.0	6.0	124.0	17.0	7.0	222.0
fwdB_mema_MMAB1_0723_m06	1.0	73.0	2.0	15.0	90.0	0.0	3.0	12.0	2.0	0.0	798.0	1.0	0.0	20.0	3.0	4.0	59.0	7.0	0.0	101.0	0.0	2.0	0.0	4.0	2.0	0.0	0.0	0.0	2.0	0.0	0.0	0.0	11.0	0.0	140.0	10.0	4.0	0.0	0.0	4.0	2.0	7.0	5.0	0.0	20.0	3.0	0.0	0.0	3.0	631.0	3.0	4.0	2.0	0.0	2.0	0.0	0.0	2.0	0.0	0.0	640.0	0.0	1.0	38.0
fwdB_mema_MMAB1_0723_m07	1.0	0.0	41.0	263.0	2.0	0.0	66.0	223.0	15.0	4.0	8.0	0.0	0.0	368.0	59.0	7.0	7.0	216.0	0.0	5.0	2.0	60.0	3.0	81.0	2.0	0.0	0.0	3.0	45.0	0.0	2.0	0.0	12.0	0.0	1.0	22.0	95.0	0.0	4.0	6.0	11.0	25.0	81.0	0.0	282.0	103.0	0.0	0.0	2.0	5.0	33.0	70.0	0.0	2.0	0.0	1.0	0.0	8.0	1.0	6.0	6.0	17.0	6.0	2.0
