	ZB_1	ZB_2	ZB_3	ZB_4	ZB_5	ZB_6	ZB_7	ZB_8	ZB_9	ZB_10	ZB_11	ZB_12	ZB_13	ZB_14	ZB_15	ZB_16	ZB_17	ZB_18	ZB_19	ZB_20	ZB_21	ZB_22	ZB_23	ZB_24	ZB_25	ZB_26	ZB_27	ZB_28	ZB_29	ZB_30	ZB_31	ZB_32	ZB_33	ZB_34	ZB_35	ZB_36	ZB_37	ZB_38	ZB_39	ZB_40	ZB_41	ZB_42	ZB_43	ZB_44	ZB_45	ZB_46	ZB_47	ZB_48	ZB_49	ZB_50	ZB_51	ZB_52	ZB_53	ZB_54	ZB_55	ZB_56	ZB_57	ZB_58	ZB_59	ZB_60	ZB_61	ZB_62	ZB_63	ZB_64
fwdC_mfc_BRM9_0179	2.0	1149.0	1.0	6.0	2173.0	1.0	3.0	25.0	16.0	12.0	1502.0	0.0	0.0	30.0	14.0	58.0	1277.0	2.0	2.0	775.0	4.0	0.0	27.0	0.0	0.0	0.0	0.0	0.0	2.0	11.0	66.0	21.0	2.0	0.0	1185.0	0.0	11.0	0.0	0.0	6.0	6.0	139.0	3.0	5.0	33.0	2.0	0.0	0.0	0.0	994.0	5.0	0.0	0.0	0.0	1.0	0.0	6.0	34.0	0.0	16.0	802.0	0.0	87.0	874.0
fwdC_566002140	0.0	261.0	0.0	2.0	527.0	0.0	2.0	10.0	13.0	7.0	427.0	0.0	0.0	13.0	2.0	12.0	295.0	1.0	2.0	182.0	2.0	0.0	16.0	1.0	0.0	0.0	0.0	0.0	2.0	4.0	33.0	10.0	0.0	0.0	288.0	0.0	1.0	0.0	0.0	5.0	2.0	32.0	0.0	2.0	6.0	1.0	0.0	0.0	0.0	247.0	0.0	0.0	1.0	0.0	0.0	0.0	9.0	13.0	7.0	1.0	198.0	2.0	16.0	208.0
fwdC_397780899	1.0	909.0	11.0	12.0	1999.0	0.0	12.0	5.0	24.0	1.0	1530.0	1.0	0.0	19.0	6.0	31.0	1299.0	4.0	2.0	1699.0	0.0	4.0	24.0	2.0	2.0	1.0	5.0	4.0	2.0	1.0	25.0	0.0	15.0	0.0	1342.0	26.0	5.0	0.0	8.0	19.0	4.0	19.0	4.0	2.0	19.0	2.0	2.0	3.0	12.0	682.0	12.0	21.0	5.0	1.0	0.0	0.0	0.0	23.0	8.0	1.0	410.0	1.0	31.0	913.0
fwdC_126178320	0.0	2.0	10.0	173.0	0.0	0.0	42.0	143.0	2.0	1.0	3.0	1.0	0.0	160.0	23.0	2.0	2.0	113.0	0.0	2.0	0.0	35.0	0.0	48.0	1.0	0.0	2.0	0.0	32.0	1.0	6.0	0.0	3.0	0.0	4.0	14.0	48.0	0.0	4.0	3.0	8.0	23.0	27.0	0.0	131.0	53.0	1.0	1.0	6.0	4.0	12.0	66.0	2.0	1.0	0.0	0.0	0.0	1.0	0.0	4.0	1.0	21.0	2.0	0.0
fwdC_397780694	0.0	819.0	12.0	4.0	1796.0	0.0	16.0	0.0	18.0	3.0	1288.0	1.0	0.0	0.0	2.0	17.0	1314.0	2.0	1.0	1619.0	2.0	2.0	18.0	4.0	0.0	0.0	0.0	6.0	2.0	4.0	15.0	10.0	6.0	0.0	1291.0	16.0	1.0	0.0	2.0	18.0	6.0	34.0	4.0	2.0	4.0	3.0	0.0	4.0	13.0	719.0	9.0	13.0	8.0	2.0	0.0	2.0	1.0	8.0	1.0	12.0	375.0	0.0	10.0	714.0
fwdC_509154267	0.0	110.0	0.0	0.0	125.0	0.0	0.0	0.0	0.0	0.0	31.0	0.0	0.0	66.0	34.0	0.0	100.0	0.0	0.0	76.0	0.0	0.0	0.0	0.0	0.0	0.0	0.0	0.0	0.0	0.0	0.0	0.0	0.0	0.0	76.0	0.0	0.0	0.0	0.0	0.0	0.0	0.0	0.0	0.0	251.0	0.0	0.0	0.0	0.0	15.0	0.0	0.0	0.0	0.0	0.0	0.0	0.0	0.0	0.0	0.0	2.0	0.0	0.0	91.0
fwdC_126178568	1.0	0.0	0.0	4.0	1.0	0.0	8.0	3.0	0.0	0.0	0.0	4.0	0.0	18.0	5.0	2.0	1.0	8.0	0.0	0.0	0.0	0.0	1.0	0.0	9.0	1.0	3.0	0.0	2.0	0.0	2.0	1.0	6.0	0.0	0.0	2.0	2.0	0.0	0.0	2.0	4.0	3.0	0.0	0.0	24.0	0.0	0.0	0.0	1.0	0.0	0.0	4.0	0.0	3.0	2.0	0.0	1.0	1.0	0.0	0.0	0.0	0.0	5.0	0.0
fwdC_metn_BK008_06000	0.0	0.0	0.0	0.0	0.0	8.0	0.0	0.0	0.0	0.0	0.0	16.0	2.0	0.0	0.0	0.0	1.0	0.0	42.0	0.0	0.0	0.0	0.0	0.0	5.0	16.0	2.0	0.0	2.0	24.0	0.0	4.0	8.0	0.0	0.0	0.0	0.0	9.0	0.0	0.0	15.0	0.0	0.0	0.0	0.0	0.0	0.0	0.0	0.0	0.0	0.0	0.0	0.0	3.0	13.0	0.0	5.0	0.0	5.0	0.0	0.0	0.0	0.0	0.0
fwdC_1220534.B655_1633	1.0	0.0	0.0	0.0	0.0	2.0	0.0	0.0	0.0	0.0	0.0	3.0	0.0	0.0	0.0	0.0	0.0	0.0	18.0	0.0	0.0	0.0	0.0	0.0	0.0	4.0	0.0	0.0	0.0	7.0	0.0	0.0	0.0	1.0	0.0	0.0	0.0	1.0	0.0	0.0	0.0	0.0	0.0	0.0	0.0	0.0	0.0	2.0	0.0	0.0	0.0	0.0	0.0	0.0	0.0	0.0	5.0	0.0	3.0	0.0	0.0	0.0	0.0	0.0
fwdC_mfc_BRM9_0179_m01	0.0	0.0	0.0	0.0	0.0	1.0	0.0	0.0	0.0	0.0	0.0	0.0	0.0	0.0	0.0	0.0	0.0	0.0	56.0	0.0	0.0	0.0	0.0	0.0	0.0	7.0	0.0	0.0	0.0	41.0	0.0	16.0	0.0	3.0	0.0	2.0	0.0	9.0	0.0	0.0	0.0	0.0	0.0	0.0	0.0	0.0	1.0	0.0	0.0	0.0	0.0	0.0	0.0	0.0	13.0	0.0	13.0	0.0	5.0	0.0	0.0	0.0	0.0	0.0
fwdC_566002140_m01	0.0	126.0	0.0	0.0	164.0	9.0	0.0	2.0	0.0	4.0	131.0	0.0	0.0	3.0	3.0	9.0	115.0	0.0	15.0	77.0	0.0	1.0	6.0	0.0	0.0	2.0	0.0	0.0	0.0	6.0	11.0	3.0	0.0	0.0	92.0	0.0	0.0	1.0	0.0	0.0	1.0	10.0	0.0	0.0	1.0	1.0	0.0	0.0	2.0	119.0	0.0	0.0	0.0	0.0	6.0	0.0	7.0	1.0	2.0	0.0	56.0	0.0	2.0	79.0
fwdC_meto_CIT02_06445_m01	0.0	453.0	0.0	4.0	672.0	4.0	0.0	11.0	17.0	5.0	500.0	0.0	0.0	11.0	1.0	17.0	430.0	0.0	9.0	233.0	0.0	1.0	11.0	0.0	0.0	3.0	0.0	0.0	0.0	2.0	39.0	4.0	0.0	0.0	356.0	0.0	2.0	2.0	0.0	2.0	0.0	37.0	1.0	5.0	17.0	0.0	0.0	0.0	0.0	316.0	0.0	0.0	0.0	0.0	2.0	0.0	2.0	20.0	1.0	2.0	271.0	2.0	20.0	320.0
fwdC_397780899_m01	0.0	44.0	3.0	0.0	42.0	0.0	0.0	0.0	0.0	0.0	650.0	0.0	0.0	0.0	0.0	2.0	39.0	0.0	0.0	34.0	0.0	0.0	0.0	0.0	0.0	0.0	1.0	0.0	0.0	0.0	0.0	0.0	1.0	0.0	112.0	2.0	0.0	0.0	0.0	0.0	0.0	0.0	3.0	0.0	0.0	0.0	0.0	0.0	1.0	533.0	0.0	0.0	0.0	0.0	0.0	0.0	0.0	0.0	0.0	0.0	493.0	0.0	0.0	14.0
fwdC_126178320_m01	0.0	0.0	0.0	0.0	0.0	0.0	1.0	19.0	2.0	0.0	0.0	0.0	0.0	56.0	15.0	0.0	0.0	8.0	0.0	0.0	0.0	4.0	0.0	0.0	0.0	0.0	0.0	0.0	2.0	0.0	0.0	0.0	0.0	0.0	0.0	0.0	2.0	0.0	0.0	0.0	1.0	0.0	0.0	0.0	68.0	0.0	0.0	0.0	1.0	1.0	0.0	4.0	0.0	0.0	0.0	0.0	0.0	0.0	0.0	0.0	0.0	1.0	0.0	0.0
fwdC_397780694_m01	0.0	34.0	2.0	0.0	34.0	0.0	0.0	0.0	0.0	0.0	551.0	3.0	0.0	0.0	0.0	2.0	23.0	0.0	0.0	67.0	0.0	0.0	0.0	0.0	14.0	0.0	0.0	0.0	0.0	0.0	0.0	0.0	4.0	0.0	103.0	5.0	0.0	0.0	0.0	0.0	3.0	0.0	0.0	0.0	0.0	0.0	0.0	0.0	2.0	405.0	0.0	0.0	0.0	2.0	0.0	0.0	1.0	0.0	0.0	0.0	446.0	0.0	0.0	22.0
fwdC_509154267_m01	0.0	11.0	0.0	0.0	4.0	0.0	0.0	0.0	0.0	0.0	101.0	0.0	0.0	0.0	0.0	0.0	5.0	0.0	0.0	0.0	0.0	0.0	0.0	0.0	0.0	0.0	0.0	0.0	0.0	0.0	0.0	0.0	0.0	0.0	37.0	0.0	1.0	0.0	0.0	0.0	0.0	0.0	0.0	0.0	0.0	0.0	0.0	0.0	0.0	41.0	0.0	0.0	0.0	0.0	0.0	0.0	0.0	0.0	0.0	0.0	19.0	0.0	0.0	0.0
fwdC_126178320_m02	0.0	0.0	1.0	15.0	0.0	0.0	2.0	25.0	0.0	0.0	0.0	1.0	0.0	36.0	5.0	3.0	0.0	22.0	0.0	0.0	0.0	4.0	0.0	2.0	0.0	0.0	0.0	0.0	10.0	0.0	0.0	0.0	4.0	1.0	0.0	3.0	5.0	0.0	0.0	3.0	4.0	8.0	3.0	0.0	35.0	2.0	4.0	0.0	5.0	2.0	2.0	5.0	0.0	0.0	0.0	0.0	0.0	4.0	2.0	0.0	2.0	2.0	6.0	0.0
fwdC_metn_BK008_06000_m01	0.0	0.0	0.0	0.0	0.0	4.0	0.0	0.0	0.0	0.0	0.0	1.0	0.0	0.0	0.0	0.0	0.0	0.0	20.0	0.0	0.0	0.0	0.0	0.0	0.0	1.0	0.0	0.0	0.0	15.0	0.0	6.0	2.0	3.0	0.0	0.0	0.0	10.0	0.0	0.0	3.0	0.0	0.0	0.0	0.0	0.0	0.0	0.0	0.0	0.0	0.0	0.0	0.0	2.0	2.0	0.0	8.0	0.0	0.0	0.0	0.0	0.0	0.0	0.0
fwdC_mfc_BRM9_0179_m02	0.0	0.0	0.0	0.0	0.0	0.0	0.0	2.0	2.0	0.0	0.0	0.0	0.0	0.0	0.0	7.0	0.0	4.0	11.0	0.0	0.0	4.0	4.0	0.0	2.0	3.0	0.0	0.0	0.0	39.0	0.0	122.0	0.0	0.0	0.0	0.0	3.0	33.0	0.0	0.0	1.0	3.0	0.0	0.0	2.0	0.0	0.0	0.0	0.0	2.0	0.0	0.0	0.0	3.0	2.0	0.0	59.0	2.0	26.0	0.0	0.0	0.0	0.0	0.0
fwdC_397780899_m02	5.0	0.0	44.0	351.0	4.0	0.0	92.0	391.0	14.0	2.0	2.0	0.0	0.0	450.0	76.0	13.0	2.0	305.0	0.0	2.0	2.0	66.0	2.0	100.0	0.0	0.0	0.0	11.0	72.0	0.0	4.0	0.0	19.0	0.0	2.0	18.0	73.0	0.0	1.0	15.0	11.0	43.0	102.0	3.0	384.0	118.0	3.0	0.0	15.0	8.0	33.0	121.0	3.0	1.0	0.0	3.0	0.0	5.0	0.0	18.0	1.0	30.0	12.0	1.0
fwdC_397780694_m02	0.0	2.0	18.0	100.0	0.0	0.0	27.0	89.0	4.0	1.0	2.0	0.0	0.0	118.0	19.0	8.0	2.0	93.0	0.0	2.0	0.0	11.0	4.0	26.0	0.0	0.0	0.0	0.0	22.0	0.0	0.0	0.0	2.0	0.0	0.0	3.0	40.0	0.0	5.0	1.0	0.0	14.0	22.0	0.0	105.0	36.0	0.0	0.0	4.0	0.0	9.0	29.0	0.0	0.0	2.0	0.0	0.0	2.0	0.0	3.0	1.0	4.0	1.0	0.0
fwdC_mfc_BRM9_0179_m03	0.0	0.0	0.0	0.0	0.0	0.0	0.0	0.0	0.0	0.0	0.0	4.0	0.0	0.0	0.0	0.0	0.0	0.0	34.0	0.0	0.0	0.0	0.0	0.0	3.0	0.0	7.0	0.0	0.0	11.0	0.0	4.0	6.0	2.0	0.0	0.0	0.0	2.0	0.0	0.0	3.0	1.0	0.0	0.0	0.0	0.0	0.0	0.0	0.0	0.0	0.0	0.0	0.0	1.0	5.0	0.0	7.0	0.0	3.0	0.0	0.0	0.0	0.0	1.0
fwdC_566002140_m02	0.0	0.0	0.0	0.0	0.0	17.0	0.0	0.0	0.0	0.0	0.0	0.0	0.0	0.0	0.0	0.0	0.0	0.0	42.0	0.0	0.0	0.0	0.0	0.0	0.0	17.0	0.0	0.0	0.0	39.0	0.0	7.0	0.0	10.0	0.0	0.0	0.0	4.0	0.0	0.0	0.0	0.0	0.0	0.0	0.0	0.0	0.0	0.0	0.0	0.0	0.0	0.0	0.0	0.0	16.0	0.0	9.0	0.0	3.0	0.0	0.0	0.0	0.0	0.0
fwdC_metn_BK008_06000_m02	45.0	0.0	0.0	0.0	0.0	4.0	1.0	0.0	0.0	17.0	1.0	10.0	3.0	0.0	0.0	0.0	0.0	0.0	45.0	0.0	11.0	0.0	0.0	0.0	11.0	4.0	9.0	41.0	0.0	27.0	0.0	13.0	19.0	4.0	0.0	0.0	0.0	10.0	9.0	0.0	17.0	0.0	0.0	9.0	0.0	0.0	12.0	4.0	0.0	0.0	0.0	0.0	13.0	12.0	10.0	13.0	15.0	0.0	6.0	0.0	0.0	0.0	0.0	0.0
fwdC_397780694_m03	0.0	5.0	5.0	19.0	5.0	0.0	10.0	24.0	0.0	0.0	36.0	0.0	0.0	42.0	6.0	0.0	5.0	32.0	0.0	6.0	2.0	5.0	0.0	6.0	0.0	0.0	1.0	1.0	4.0	0.0	0.0	0.0	2.0	0.0	10.0	2.0	11.0	0.0	0.0	3.0	2.0	4.0	15.0	2.0	29.0	8.0	1.0	0.0	4.0	27.0	1.0	14.0	0.0	0.0	1.0	0.0	0.0	2.0	0.0	0.0	21.0	2.0	1.0	1.0
fwdC_meto_CIT02_06445_m02	0.0	323.0	0.0	1.0	614.0	0.0	0.0	4.0	5.0	2.0	410.0	0.0	0.0	12.0	3.0	32.0	349.0	0.0	3.0	188.0	0.0	0.0	9.0	0.0	1.0	0.0	0.0	0.0	0.0	1.0	20.0	10.0	0.0	0.0	304.0	0.0	3.0	0.0	0.0	3.0	4.0	28.0	1.0	2.0	14.0	2.0	0.0	2.0	0.0	273.0	0.0	0.0	0.0	0.0	1.0	0.0	0.0	6.0	2.0	2.0	272.0	0.0	11.0	200.0
fwdC_metn_BK008_06000_m03	0.0	0.0	0.0	0.0	0.0	26.0	0.0	0.0	0.0	0.0	0.0	45.0	26.0	0.0	0.0	0.0	0.0	0.0	134.0	0.0	0.0	0.0	0.0	0.0	28.0	25.0	43.0	0.0	0.0	62.0	0.0	45.0	49.0	4.0	0.0	0.0	0.0	47.0	0.0	0.0	39.0	0.0	0.0	0.0	0.0	0.0	0.0	23.0	0.0	0.0	0.0	0.0	0.0	50.0	37.0	0.0	41.0	0.0	26.0	0.0	0.0	0.0	0.0	0.0
fwdC_566002140_m04	0.0	21.0	0.0	0.0	50.0	13.0	0.0	0.0	0.0	1.0	30.0	1.0	5.0	0.0	0.0	1.0	28.0	0.0	13.0	29.0	0.0	0.0	0.0	0.0	0.0	4.0	0.0	0.0	0.0	25.0	3.0	7.0	11.0	3.0	42.0	0.0	0.0	10.0	0.0	0.0	4.0	10.0	0.0	1.0	2.0	1.0	0.0	0.0	0.0	30.0	0.0	0.0	0.0	4.0	7.0	0.0	5.0	4.0	9.0	1.0	40.0	0.0	3.0	41.0
fwdC_meto_CIT02_06445_m03	1.0	288.0	0.0	2.0	407.0	4.0	0.0	1.0	16.0	10.0	332.0	2.0	6.0	10.0	4.0	21.0	323.0	1.0	14.0	172.0	1.0	0.0	5.0	0.0	0.0	0.0	0.0	0.0	2.0	14.0	18.0	3.0	9.0	0.0	235.0	0.0	0.0	1.0	0.0	0.0	3.0	25.0	2.0	0.0	9.0	0.0	0.0	0.0	2.0	214.0	0.0	0.0	0.0	3.0	4.0	0.0	10.0	5.0	5.0	0.0	178.0	1.0	7.0	214.0
fwdC_metn_BK008_06000_m04	0.0	0.0	0.0	0.0	0.0	8.0	0.0	0.0	0.0	0.0	0.0	4.0	4.0	0.0	0.0	0.0	1.0	0.0	32.0	0.0	0.0	0.0	0.0	0.0	1.0	6.0	9.0	0.0	0.0	15.0	0.0	9.0	5.0	1.0	0.0	0.0	0.0	11.0	0.0	0.0	5.0	0.0	0.0	0.0	0.0	0.0	0.0	4.0	0.0	0.0	0.0	0.0	0.0	3.0	6.0	0.0	14.0	0.0	6.0	0.0	0.0	0.0	0.0	0.0
fwdC_566002140_m05	0.0	41.0	0.0	0.0	86.0	1.0	0.0	1.0	1.0	0.0	56.0	2.0	0.0	0.0	0.0	7.0	43.0	0.0	1.0	32.0	0.0	0.0	4.0	0.0	0.0	0.0	0.0	0.0	0.0	0.0	4.0	0.0	0.0	0.0	34.0	0.0	1.0	0.0	0.0	0.0	0.0	5.0	0.0	0.0	2.0	0.0	0.0	0.0	0.0	50.0	0.0	0.0	0.0	0.0	2.0	0.0	3.0	4.0	2.0	0.0	37.0	0.0	2.0	52.0
fwdC_metn_BK008_06000_m05	0.0	0.0	0.0	0.0	0.0	9.0	0.0	0.0	0.0	0.0	0.0	0.0	0.0	0.0	0.0	0.0	0.0	0.0	39.0	0.0	0.0	0.0	0.0	0.0	0.0	5.0	1.0	0.0	0.0	17.0	0.0	6.0	0.0	4.0	0.0	0.0	0.0	5.0	0.0	0.0	2.0	0.0	0.0	0.0	0.0	0.0	0.0	1.0	0.0	0.0	0.0	0.0	0.0	1.0	6.0	0.0	6.0	0.0	10.0	0.0	0.0	0.0	0.0	0.0
fwdC_metn_BK008_06000_m06	0.0	0.0	0.0	0.0	0.0	222.0	0.0	0.0	0.0	0.0	0.0	439.0	172.0	0.0	0.0	0.0	0.0	0.0	1713.0	1.0	0.0	1.0	0.0	0.0	229.0	323.0	359.0	0.0	0.0	814.0	0.0	507.0	511.0	68.0	0.0	4.0	3.0	429.0	0.0	0.0	639.0	0.0	0.0	0.0	0.0	0.0	0.0	141.0	0.0	0.0	0.0	0.0	1.0	516.0	394.0	0.0	390.0	0.0	275.0	0.0	0.0	0.0	0.0	0.0
fwdC_566002140_m08	0.0	26.0	0.0	0.0	52.0	0.0	0.0	3.0	0.0	0.0	33.0	5.0	5.0	0.0	1.0	1.0	34.0	0.0	10.0	13.0	0.0	1.0	2.0	0.0	1.0	2.0	7.0	0.0	0.0	2.0	1.0	4.0	11.0	4.0	37.0	0.0	0.0	2.0	0.0	0.0	18.0	5.0	0.0	1.0	0.0	0.0	0.0	4.0	0.0	28.0	0.0	0.0	0.0	2.0	2.0	0.0	2.0	2.0	6.0	0.0	26.0	1.0	3.0	32.0
fwdC_metn_BK008_06000_m07	0.0	1.0	0.0	0.0	0.0	49.0	0.0	0.0	0.0	0.0	0.0	66.0	15.0	0.0	0.0	0.0	0.0	0.0	264.0	0.0	0.0	0.0	0.0	0.0	29.0	30.0	52.0	0.0	0.0	112.0	0.0	67.0	57.0	12.0	0.0	0.0	0.0	74.0	0.0	0.0	89.0	0.0	0.0	0.0	0.0	0.0	0.0	13.0	0.0	0.0	0.0	0.0	0.0	54.0	43.0	0.0	33.0	0.0	37.0	0.0	0.0	0.0	0.0	0.0
fwdC_566002140_m10	0.0	0.0	0.0	0.0	0.0	1.0	0.0	0.0	0.0	0.0	1.0	7.0	3.0	0.0	0.0	0.0	1.0	0.0	3.0	0.0	0.0	0.0	0.0	0.0	2.0	1.0	11.0	0.0	0.0	3.0	0.0	5.0	9.0	2.0	0.0	0.0	0.0	3.0	0.0	0.0	14.0	0.0	0.0	0.0	0.0	0.0	0.0	15.0	0.0	0.0	0.0	0.0	0.0	15.0	1.0	0.0	3.0	0.0	0.0	0.0	0.0	0.0	0.0	1.0
fwdC_metn_BK008_06000_m08	0.0	0.0	0.0	0.0	0.0	2.0	0.0	0.0	0.0	0.0	0.0	19.0	30.0	0.0	0.0	0.0	0.0	0.0	44.0	0.0	0.0	0.0	0.0	0.0	5.0	8.0	19.0	0.0	0.0	26.0	0.0	10.0	12.0	6.0	0.0	0.0	0.0	12.0	0.0	0.0	15.0	0.0	0.0	0.0	0.0	0.0	0.0	8.0	0.0	0.0	0.0	0.0	0.0	16.0	11.0	0.0	1.0	0.0	14.0	0.0	0.0	0.0	0.0	0.0
fwdC_metn_BK008_06000_m09	0.0	0.0	0.0	0.0	0.0	16.0	0.0	0.0	0.0	0.0	0.0	11.0	20.0	0.0	0.0	0.0	0.0	0.0	76.0	0.0	0.0	0.0	0.0	0.0	5.0	19.0	11.0	0.0	0.0	41.0	0.0	16.0	8.0	9.0	0.0	0.0	0.0	20.0	0.0	0.0	5.0	0.0	0.0	0.0	0.0	0.0	0.0	5.0	0.0	0.0	0.0	0.0	0.0	12.0	12.0	0.0	4.0	0.0	15.0	0.0	0.0	0.0	0.0	0.0
