	ZB_1	ZB_2	ZB_3	ZB_4	ZB_5	ZB_6	ZB_7	ZB_8	ZB_9	ZB_10	ZB_11	ZB_12	ZB_13	ZB_14	ZB_15	ZB_16	ZB_17	ZB_18	ZB_19	ZB_20	ZB_21	ZB_22	ZB_23	ZB_24	ZB_25	ZB_26	ZB_27	ZB_28	ZB_29	ZB_30	ZB_31	ZB_32	ZB_33	ZB_34	ZB_35	ZB_36	ZB_37	ZB_38	ZB_39	ZB_40	ZB_41	ZB_42	ZB_43	ZB_44	ZB_45	ZB_46	ZB_47	ZB_48	ZB_49	ZB_50	ZB_51	ZB_52	ZB_53	ZB_54	ZB_55	ZB_56	ZB_57	ZB_58	ZB_59	ZB_60	ZB_61	ZB_62	ZB_63	ZB_64
hdrB1_A0A1V6KA31	3.0	205.0	7.0	75.0	386.0	0.0	9.0	82.0	10.0	2.0	319.0	0.0	0.0	109.0	15.0	3.0	322.0	56.0	0.0	355.0	0.0	21.0	6.0	9.0	2.0	0.0	0.0	0.0	8.0	0.0	12.0	1.0	4.0	0.0	299.0	7.0	28.0	0.0	2.0	8.0	0.0	10.0	18.0	2.0	82.0	28.0	0.0	2.0	6.0	169.0	11.0	12.0	0.0	0.0	0.0	1.0	0.0	9.0	0.0	15.0	91.0	0.0	6.0	200.0
hdrB1_397780893	2.0	992.0	16.0	5.0	2114.0	0.0	14.0	0.0	17.0	0.0	1676.0	0.0	0.0	0.0	2.0	23.0	1573.0	2.0	0.0	1950.0	2.0	3.0	7.0	5.0	1.0	0.0	0.0	1.0	0.0	2.0	21.0	5.0	10.0	2.0	1523.0	27.0	0.0	0.0	5.0	17.0	6.0	16.0	9.0	2.0	0.0	12.0	0.0	0.0	16.0	868.0	21.0	19.0	1.0	0.0	0.0	0.0	0.0	16.0	3.0	13.0	455.0	2.0	12.0	943.0
hdrB1_126178574	1.0	0.0	57.0	435.0	5.0	0.0	128.0	402.0	14.0	6.0	3.0	0.0	0.0	467.0	96.0	15.0	2.0	371.0	0.0	2.0	9.0	104.0	14.0	121.0	1.0	0.0	0.0	0.0	65.0	0.0	12.0	0.0	12.0	0.0	1.0	24.0	102.0	0.0	6.0	14.0	22.0	46.0	68.0	0.0	400.0	130.0	1.0	0.0	8.0	7.0	28.0	106.0	1.0	0.0	0.0	2.0	0.0	13.0	1.0	5.0	2.0	36.0	7.0	0.0
hdrB1_A0A089ZGM2	0.0	0.0	0.0	0.0	0.0	3.0	0.0	0.0	0.0	0.0	0.0	16.0	16.0	0.0	0.0	0.0	1.0	0.0	26.0	0.0	0.0	0.0	0.0	0.0	10.0	2.0	27.0	0.0	0.0	26.0	0.0	10.0	16.0	1.0	0.0	0.0	0.0	14.0	0.0	0.0	41.0	0.0	0.0	0.0	1.0	0.0	0.0	13.0	0.0	0.0	0.0	0.0	0.0	22.0	14.0	0.0	16.0	0.0	2.0	0.0	0.0	1.0	0.0	0.0
hdrB1_566003278	0.0	121.0	0.0	1.0	184.0	138.0	1.0	2.0	3.0	2.0	134.0	276.0	94.0	1.0	6.0	6.0	108.0	0.0	653.0	93.0	1.0	0.0	1.0	0.0	152.0	173.0	186.0	0.0	0.0	357.0	6.0	195.0	273.0	38.0	135.0	0.0	0.0	226.0	0.0	1.0	326.0	21.0	0.0	3.0	0.0	0.0	0.0	112.0	0.0	84.0	0.0	0.0	1.0	198.0	185.0	0.0	170.0	3.0	115.0	1.0	85.0	0.0	9.0	99.0
hdrB1_509154791	0.0	148.0	0.0	0.0	159.0	0.0	0.0	1.0	0.0	0.0	63.0	0.0	0.0	91.0	53.0	0.0	76.0	2.0	0.0	82.0	0.0	0.0	0.0	0.0	0.0	0.0	0.0	2.0	0.0	0.0	0.0	0.0	0.0	0.0	92.0	0.0	0.0	0.0	0.0	0.0	0.0	0.0	0.0	0.0	278.0	0.0	0.0	0.0	0.0	23.0	0.0	0.0	0.0	0.0	0.0	0.0	0.0	0.0	0.0	0.0	8.0	0.0	0.0	103.0
hdrB1_84488955	0.0	9.0	0.0	0.0	14.0	0.0	0.0	0.0	0.0	0.0	11.0	0.0	0.0	0.0	0.0	0.0	15.0	0.0	0.0	9.0	0.0	0.0	0.0	0.0	0.0	0.0	0.0	0.0	0.0	0.0	0.0	0.0	0.0	0.0	5.0	0.0	0.0	0.0	0.0	0.0	0.0	0.0	0.0	0.0	0.0	0.0	0.0	0.0	0.0	0.0	0.0	0.0	0.0	0.0	0.0	0.0	0.0	0.0	0.0	0.0	0.0	0.0	0.0	3.0
hdrB1_1220534.B655_1683	0.0	0.0	0.0	0.0	0.0	50.0	0.0	0.0	0.0	0.0	0.0	13.0	5.0	0.0	0.0	0.0	1.0	0.0	123.0	0.0	0.0	0.0	0.0	0.0	4.0	27.0	12.0	2.0	0.0	40.0	0.0	19.0	6.0	6.0	0.0	2.0	0.0	28.0	0.0	0.0	19.0	0.0	0.0	0.0	0.0	1.0	0.0	9.0	2.0	0.0	0.0	0.0	0.0	1.0	29.0	0.0	27.0	0.0	21.0	0.0	0.0	0.0	0.0	0.0
hdrB1_325958458	2.0	40.0	25.0	34.0	56.0	14.0	86.0	96.0	434.0	48.0	60.0	18.0	15.0	32.0	6.0	419.0	53.0	32.0	312.0	26.0	6.0	33.0	990.0	8.0	5.0	11.0	0.0	28.0	26.0	130.0	800.0	554.0	32.0	9.0	61.0	83.0	30.0	72.0	7.0	898.0	219.0	942.0	21.0	37.0	75.0	5.0	2.0	2.0	23.0	42.0	21.0	89.0	7.0	30.0	27.0	13.0	403.0	282.0	124.0	465.0	30.0	23.0	488.0	42.0
hdrB1_meto_CIT02_02590	0.0	0.0	0.0	0.0	0.0	2.0	0.0	0.0	0.0	0.0	0.0	6.0	4.0	0.0	0.0	0.0	1.0	0.0	0.0	0.0	0.0	0.0	0.0	0.0	3.0	0.0	5.0	0.0	0.0	1.0	0.0	0.0	9.0	0.0	0.0	0.0	0.0	1.0	0.0	2.0	3.0	0.0	0.0	0.0	0.0	0.0	0.0	4.0	0.0	0.0	0.0	0.0	0.0	5.0	0.0	0.0	0.0	0.0	0.0	0.0	0.0	0.0	0.0	0.0
hdrB1_metn_BK008_10125	0.0	0.0	0.0	0.0	0.0	5.0	0.0	0.0	0.0	0.0	0.0	5.0	2.0	0.0	0.0	0.0	0.0	0.0	19.0	0.0	0.0	0.0	0.0	0.0	3.0	5.0	1.0	0.0	0.0	13.0	0.0	7.0	7.0	2.0	0.0	0.0	0.0	7.0	0.0	0.0	6.0	0.0	0.0	0.0	0.0	0.0	0.0	1.0	0.0	0.0	0.0	0.0	0.0	3.0	7.0	0.0	10.0	0.0	5.0	0.0	0.0	0.0	0.0	0.0
hdrB1_mfc_BRM9_1363	0.0	0.0	0.0	0.0	0.0	5.0	0.0	0.0	0.0	0.0	0.0	18.0	5.0	0.0	0.0	0.0	2.0	0.0	16.0	0.0	0.0	0.0	0.0	0.0	17.0	0.0	15.0	0.0	0.0	9.0	0.0	14.0	20.0	0.0	0.0	0.0	0.0	12.0	0.0	0.0	32.0	0.0	0.0	0.0	0.0	0.0	0.0	15.0	0.0	0.0	0.0	0.0	0.0	23.0	6.0	0.0	2.0	0.0	3.0	0.0	0.0	3.0	0.0	0.0
hdrB1_msj_MSSAC_3374	0.0	0.0	0.0	0.0	0.0	1.0	0.0	0.0	0.0	0.0	0.0	2.0	4.0	0.0	0.0	0.0	0.0	0.0	69.0	0.0	0.0	0.0	0.0	0.0	0.0	2.0	1.0	0.0	0.0	15.0	0.0	0.0	0.0	8.0	1.0	0.0	0.0	1.0	0.0	0.0	0.0	0.0	0.0	0.0	0.0	0.0	0.0	2.0	0.0	0.0	0.0	0.0	0.0	0.0	24.0	0.0	1.0	0.0	1.0	0.0	0.0	0.0	0.0	0.0
hdrB1_1220534.B655_1353	0.0	0.0	0.0	0.0	0.0	4.0	0.0	0.0	0.0	1.0	0.0	3.0	1.0	0.0	0.0	0.0	0.0	0.0	13.0	0.0	0.0	0.0	0.0	0.0	0.0	3.0	2.0	0.0	1.0	5.0	0.0	3.0	2.0	1.0	0.0	2.0	0.0	1.0	0.0	0.0	0.0	0.0	0.0	0.0	0.0	0.0	0.0	0.0	0.0	0.0	0.0	0.0	0.0	2.0	5.0	0.0	3.0	0.0	9.0	0.0	0.0	0.0	0.0	0.0
hdrB1_mmac_MSMAC_0916	0.0	0.0	0.0	0.0	0.0	4.0	0.0	0.0	0.0	0.0	0.0	0.0	12.0	0.0	0.0	0.0	0.0	0.0	99.0	0.0	0.0	0.0	0.0	0.0	0.0	2.0	1.0	0.0	0.0	5.0	0.0	1.0	0.0	5.0	0.0	0.0	0.0	0.0	0.0	0.0	0.0	0.0	0.0	0.0	0.0	0.0	0.0	5.0	0.0	0.0	0.0	0.0	0.0	2.0	34.0	0.0	0.0	0.0	0.0	0.0	0.0	0.0	0.0	0.0
hdrB1_mls_MSLAZ_2202	0.0	0.0	0.0	0.0	0.0	1.0	0.0	0.0	0.0	0.0	0.0	0.0	1.0	0.0	0.0	0.0	0.0	0.0	18.0	0.0	0.0	0.0	0.0	0.0	0.0	0.0	0.0	0.0	0.0	2.0	0.0	0.0	0.0	0.0	0.0	0.0	0.0	0.0	0.0	0.0	0.0	0.0	0.0	0.0	0.0	0.0	0.0	0.0	0.0	0.0	0.0	0.0	0.0	0.0	2.0	0.0	0.0	0.0	0.0	0.0	0.0	0.0	0.0	0.0
hdrB1_73669457	0.0	0.0	302.0	21.0	0.0	1.0	697.0	21.0	0.0	0.0	0.0	0.0	0.0	18.0	0.0	0.0	0.0	13.0	1187.0	2.0	0.0	3.0	0.0	102.0	263.0	0.0	0.0	0.0	4.0	30.0	0.0	93.0	1508.0	2.0	0.0	802.0	3.0	657.0	0.0	0.0	2344.0	0.0	174.0	0.0	19.0	266.0	0.0	0.0	380.0	0.0	253.0	633.0	0.0	946.0	19.0	0.0	267.0	0.0	419.0	0.0	0.0	2.0	0.0	0.0
hdrB1_mek_MSKOL_2780	0.0	0.0	486.0	21.0	0.0	7.0	1234.0	34.0	0.0	0.0	0.0	0.0	0.0	22.0	4.0	1.0	0.0	30.0	2107.0	0.0	0.0	3.0	0.0	137.0	413.0	2.0	0.0	0.0	6.0	41.0	0.0	119.0	2259.0	16.0	0.0	1399.0	18.0	988.0	0.0	0.0	3672.0	0.0	248.0	0.0	58.0	356.0	0.0	0.0	608.0	0.0	366.0	1119.0	0.0	1383.0	30.0	0.0	397.0	0.0	609.0	0.0	0.0	1.0	0.0	0.0
hdrB1_mfz_AOB57_002765	0.0	0.0	224.0	0.0	0.0	3.0	1164.0	0.0	0.0	0.0	0.0	0.0	0.0	0.0	0.0	0.0	1.0	1.0	117.0	0.0	0.0	0.0	0.0	4188.0	0.0	3.0	0.0	0.0	0.0	2261.0	2.0	1400.0	1.0	2.0	0.0	160.0	0.0	1657.0	0.0	0.0	3.0	0.0	8201.0	0.0	0.0	5330.0	0.0	0.0	102.0	0.0	115.0	550.0	0.0	4.0	0.0	0.0	1290.0	0.0	301.0	0.0	0.0	0.0	0.0	0.0
hdrB1_mbak_MSBR3_1668	0.0	0.0	291.0	29.0	0.0	8.0	853.0	69.0	0.0	0.0	0.0	0.0	1.0	25.0	2.0	0.0	0.0	45.0	1826.0	0.0	0.0	0.0	0.0	138.0	213.0	1.0	0.0	0.0	3.0	22.0	0.0	81.0	1388.0	7.0	0.0	836.0	14.0	647.0	0.0	0.0	2151.0	0.0	216.0	0.0	39.0	289.0	0.0	0.0	310.0	0.0	252.0	780.0	0.0	941.0	29.0	0.0	267.0	2.0	439.0	0.0	0.0	1.0	0.0	0.0
hdrB1_mthr_MSTHT_2521	0.0	0.0	132.0	0.0	0.0	0.0	851.0	0.0	0.0	0.0	0.0	0.0	0.0	2.0	0.0	0.0	0.0	0.0	62.0	0.0	0.0	0.0	0.0	2955.0	0.0	0.0	0.0	0.0	0.0	1734.0	0.0	1179.0	3.0	0.0	0.0	104.0	0.0	1267.0	0.0	0.0	0.0	0.0	9956.0	0.0	0.0	4709.0	0.0	0.0	104.0	0.0	83.0	404.0	0.0	0.0	0.0	0.0	1044.0	0.0	195.0	0.0	0.0	0.0	0.0	0.0
hdrB1_mef_MSWH1_0942	0.0	0.0	4.0	0.0	0.0	1.0	18.0	1.0	0.0	0.0	0.0	1.0	0.0	0.0	0.0	0.0	0.0	1.0	26.0	0.0	0.0	0.0	0.0	1.0	4.0	1.0	0.0	0.0	0.0	0.0	0.0	1.0	20.0	2.0	0.0	16.0	0.0	8.0	1.0	0.0	47.0	0.0	5.0	0.0	0.0	5.0	0.0	0.0	12.0	0.0	6.0	11.0	0.0	19.0	4.0	0.0	5.0	0.0	8.0	0.0	0.0	0.0	0.0	0.0
hdrB1_21226491	0.0	0.0	0.0	0.0	0.0	6.0	0.0	0.0	0.0	0.0	0.0	0.0	1.0	0.0	0.0	0.0	0.0	0.0	7.0	0.0	0.0	0.0	0.0	0.0	0.0	4.0	0.0	0.0	0.0	3.0	0.0	0.0	0.0	7.0	0.0	0.0	0.0	0.0	0.0	0.0	0.0	0.0	1.0	0.0	0.0	0.0	0.0	0.0	0.0	0.0	0.0	0.0	0.0	0.0	4.0	0.0	0.0	0.0	0.0	0.0	0.0	0.0	0.0	0.0
hdrB1_126178574_m01	0.0	0.0	0.0	6.0	0.0	0.0	3.0	24.0	0.0	0.0	0.0	0.0	0.0	89.0	38.0	0.0	1.0	27.0	0.0	0.0	0.0	2.0	2.0	0.0	1.0	0.0	0.0	0.0	5.0	0.0	0.0	0.0	0.0	0.0	0.0	0.0	7.0	0.0	0.0	0.0	1.0	0.0	0.0	0.0	108.0	1.0	0.0	0.0	0.0	1.0	0.0	5.0	0.0	0.0	0.0	0.0	0.0	0.0	0.0	0.0	0.0	2.0	0.0	0.0
hdrB1_mfz_AOB57_002765_m01	0.0	0.0	110.0	4.0	0.0	4.0	248.0	14.0	0.0	0.0	0.0	0.0	2.0	11.0	0.0	0.0	1.0	11.0	452.0	0.0	0.0	0.0	0.0	164.0	73.0	4.0	0.0	0.0	4.0	78.0	0.0	60.0	497.0	7.0	0.0	271.0	2.0	228.0	0.0	0.0	682.0	0.0	328.0	0.0	13.0	235.0	0.0	0.0	127.0	0.0	75.0	232.0	0.0	320.0	8.0	0.0	129.0	0.0	187.0	0.0	0.0	0.0	0.0	0.0
hdrB1_mthr_MSTHT_2521_m01	0.0	0.0	3.0	0.0	0.0	0.0	17.0	0.0	0.0	0.0	0.0	0.0	0.0	0.0	0.0	0.0	1.0	0.0	84.0	0.0	0.0	1.0	0.0	48.0	0.0	0.0	0.0	0.0	0.0	42.0	0.0	27.0	0.0	2.0	0.0	7.0	0.0	33.0	0.0	0.0	0.0	0.0	110.0	0.0	1.0	71.0	0.0	0.0	2.0	0.0	0.0	8.0	0.0	0.0	3.0	0.0	19.0	0.0	50.0	0.0	0.0	0.0	0.0	0.0
hdrB1_WP_007314350.1_m01	0.0	0.0	0.0	0.0	0.0	647.0	0.0	0.0	0.0	0.0	0.0	7.0	81.0	0.0	0.0	0.0	0.0	0.0	199.0	0.0	0.0	0.0	0.0	0.0	5.0	1058.0	18.0	0.0	0.0	75.0	0.0	31.0	0.0	613.0	0.0	0.0	0.0	33.0	0.0	0.0	4.0	0.0	0.0	0.0	0.0	0.0	0.0	54.0	0.0	0.0	0.0	2.0	0.0	0.0	213.0	0.0	24.0	2.0	13.0	0.0	0.0	0.0	0.0	0.0
hdrB1_WP_007314350.1_m02	0.0	0.0	0.0	0.0	0.0	263.0	0.0	0.0	0.0	0.0	0.0	19.0	39.0	0.0	0.0	0.0	1.0	0.0	157.0	0.0	0.0	0.0	0.0	0.0	22.0	749.0	18.0	0.0	0.0	187.0	0.0	8.0	0.0	405.0	0.0	0.0	0.0	5.0	0.0	0.0	0.0	0.0	0.0	0.0	0.0	0.0	0.0	20.0	0.0	0.0	0.0	0.0	0.0	2.0	187.0	0.0	8.0	0.0	7.0	0.0	0.0	0.0	0.0	0.0
hdrB1_A0A1V6KA31_m02	1.0	2.0	0.0	2.0	2.0	0.0	0.0	0.0	0.0	0.0	39.0	0.0	0.0	0.0	0.0	2.0	0.0	0.0	0.0	2.0	0.0	0.0	0.0	0.0	2.0	0.0	0.0	0.0	2.0	2.0	4.0	0.0	0.0	0.0	6.0	0.0	0.0	0.0	0.0	0.0	2.0	0.0	0.0	2.0	0.0	0.0	0.0	0.0	1.0	32.0	0.0	0.0	0.0	2.0	2.0	0.0	0.0	3.0	0.0	0.0	32.0	0.0	0.0	2.0
hdrB1_WP_007314350.1_m03	0.0	0.0	0.0	0.0	0.0	83.0	0.0	0.0	0.0	0.0	0.0	0.0	0.0	0.0	0.0	0.0	1.0	1.0	36.0	0.0	0.0	0.0	0.0	0.0	0.0	141.0	0.0	0.0	0.0	52.0	0.0	11.0	2.0	141.0	0.0	0.0	0.0	4.0	0.0	0.0	0.0	0.0	0.0	0.0	0.0	0.0	0.0	0.0	0.0	0.0	0.0	0.0	0.0	5.0	21.0	0.0	0.0	0.0	5.0	0.0	0.0	0.0	0.0	0.0
hdrB1_566003278_m01	0.0	111.0	0.0	1.0	191.0	26.0	1.0	2.0	6.0	2.0	127.0	37.0	8.0	2.0	1.0	3.0	113.0	2.0	190.0	66.0	0.0	0.0	1.0	0.0	15.0	52.0	14.0	1.0	0.0	97.0	6.0	43.0	19.0	8.0	104.0	0.0	0.0	57.0	0.0	2.0	35.0	15.0	0.0	0.0	1.0	0.0	0.0	8.0	0.0	87.0	0.0	0.0	0.0	28.0	42.0	0.0	49.0	7.0	38.0	0.0	79.0	0.0	12.0	84.0
hdrB1_WP_007314350.1_m04	0.0	0.0	0.0	0.0	0.0	20.0	0.0	0.0	0.0	0.0	0.0	0.0	1.0	0.0	0.0	0.0	0.0	0.0	31.0	0.0	0.0	0.0	0.0	0.0	0.0	51.0	0.0	0.0	0.0	6.0	0.0	4.0	4.0	40.0	0.0	0.0	0.0	1.0	0.0	0.0	0.0	0.0	0.0	0.0	0.0	0.0	0.0	0.0	0.0	0.0	0.0	0.0	0.0	1.0	24.0	0.0	11.0	0.0	13.0	0.0	0.0	0.0	0.0	0.0
hdrB1_WP_007314350.1_m06	0.0	0.0	0.0	0.0	0.0	31.0	0.0	0.0	0.0	0.0	0.0	0.0	0.0	0.0	0.0	0.0	0.0	0.0	33.0	0.0	0.0	0.0	0.0	0.0	0.0	81.0	2.0	0.0	0.0	12.0	0.0	6.0	0.0	38.0	0.0	0.0	0.0	12.0	0.0	0.0	0.0	0.0	0.0	0.0	0.0	0.0	0.0	0.0	0.0	0.0	0.0	0.0	0.0	0.0	22.0	0.0	8.0	0.0	7.0	0.0	0.0	0.0	0.0	0.0
hdrB1_WP_007314350.1_m07	0.0	0.0	0.0	0.0	0.0	35.0	0.0	0.0	0.0	0.0	0.0	0.0	1.0	0.0	0.0	0.0	4.0	0.0	24.0	0.0	0.0	0.0	0.0	0.0	0.0	78.0	0.0	0.0	0.0	13.0	0.0	7.0	1.0	39.0	0.0	0.0	0.0	1.0	0.0	0.0	0.0	0.0	0.0	0.0	0.0	0.0	0.0	0.0	0.0	0.0	0.0	0.0	0.0	0.0	9.0	0.0	7.0	0.0	8.0	0.0	0.0	0.0	0.0	0.0
hdrB1_WP_007314350.1_m08	0.0	0.0	1.0	0.0	0.0	35.0	0.0	0.0	0.0	0.0	0.0	0.0	4.0	0.0	0.0	0.0	1.0	0.0	39.0	0.0	0.0	0.0	0.0	0.0	0.0	87.0	1.0	0.0	0.0	20.0	0.0	6.0	0.0	68.0	0.0	0.0	0.0	2.0	0.0	0.0	0.0	0.0	0.0	0.0	0.0	0.0	0.0	0.0	0.0	0.0	0.0	0.0	0.0	0.0	33.0	0.0	7.0	0.0	1.0	0.0	0.0	0.0	0.0	0.0
hdrB1_A0A1V6KA31_m04	0.0	9.0	2.0	0.0	7.0	0.0	2.0	0.0	0.0	0.0	106.0	0.0	0.0	0.0	0.0	1.0	10.0	0.0	0.0	10.0	0.0	0.0	2.0	2.0	2.0	0.0	0.0	0.0	0.0	0.0	4.0	0.0	10.0	0.0	47.0	2.0	2.0	0.0	0.0	2.0	0.0	0.0	2.0	0.0	0.0	2.0	0.0	0.0	0.0	94.0	0.0	0.0	0.0	0.0	1.0	0.0	0.0	1.0	0.0	4.0	85.0	0.0	0.0	6.0
hdrB1_WP_007314350.1_m09	0.0	0.0	0.0	1.0	0.0	9.0	0.0	0.0	0.0	0.0	0.0	0.0	7.0	0.0	0.0	0.0	1.0	0.0	8.0	0.0	0.0	0.0	0.0	0.0	1.0	36.0	1.0	0.0	0.0	15.0	0.0	1.0	5.0	12.0	0.0	0.0	0.0	0.0	0.0	0.0	0.0	0.0	0.0	0.0	0.0	0.0	0.0	1.0	0.0	0.0	0.0	0.0	0.0	1.0	11.0	0.0	0.0	1.0	2.0	0.0	0.0	0.0	0.0	0.0
hdrB1_566003278_m02	3.0	2457.0	0.0	19.0	4038.0	1.0	9.0	59.0	74.0	30.0	3235.0	1.0	0.0	52.0	20.0	122.0	2577.0	13.0	10.0	1517.0	7.0	0.0	37.0	3.0	0.0	3.0	0.0	1.0	2.0	15.0	129.0	44.0	5.0	0.0	2672.0	0.0	10.0	1.0	3.0	27.0	13.0	283.0	5.0	27.0	84.0	7.0	3.0	0.0	0.0	2124.0	0.0	3.0	1.0	2.0	8.0	12.0	14.0	52.0	3.0	24.0	1802.0	5.0	171.0	1864.0
hdrB1_WP_007314350.1_m10	0.0	0.0	0.0	0.0	0.0	96.0	0.0	0.0	0.0	0.0	0.0	0.0	1.0	0.0	0.0	0.0	1.0	0.0	13.0	0.0	0.0	0.0	0.0	0.0	0.0	59.0	0.0	0.0	0.0	18.0	0.0	2.0	0.0	161.0	0.0	0.0	0.0	0.0	0.0	0.0	0.0	0.0	0.0	0.0	0.0	0.0	0.0	1.0	0.0	0.0	0.0	0.0	0.0	0.0	1.0	0.0	2.0	0.0	7.0	0.0	0.0	0.0	0.0	0.0
hdrB1_WP_007314350.1_m11	0.0	0.0	0.0	0.0	0.0	45.0	0.0	0.0	0.0	0.0	0.0	2.0	6.0	0.0	0.0	0.0	0.0	0.0	62.0	0.0	0.0	0.0	0.0	0.0	2.0	74.0	1.0	0.0	0.0	12.0	0.0	9.0	1.0	63.0	0.0	0.0	0.0	5.0	0.0	0.0	0.0	0.0	0.0	0.0	0.0	0.0	0.0	0.0	0.0	0.0	0.0	0.0	0.0	0.0	31.0	0.0	13.0	0.0	8.0	0.0	0.0	0.0	0.0	0.0
hdrB1_WP_007314350.1_m12	0.0	0.0	0.0	0.0	0.0	27.0	0.0	0.0	0.0	0.0	0.0	0.0	2.0	0.0	0.0	0.0	1.0	0.0	20.0	0.0	0.0	0.0	0.0	0.0	0.0	32.0	2.0	0.0	0.0	12.0	0.0	11.0	0.0	24.0	0.0	0.0	0.0	5.0	0.0	0.0	1.0	0.0	0.0	0.0	0.0	0.0	0.0	0.0	0.0	0.0	0.0	0.0	0.0	0.0	11.0	0.0	6.0	0.0	0.0	0.0	0.0	0.0	0.0	0.0
hdrB1_566003278_m03	0.0	38.0	0.0	2.0	47.0	0.0	0.0	0.0	0.0	0.0	40.0	0.0	0.0	2.0	0.0	2.0	34.0	0.0	6.0	24.0	0.0	0.0	0.0	0.0	0.0	0.0	0.0	0.0	0.0	19.0	2.0	24.0	0.0	0.0	41.0	0.0	1.0	5.0	0.0	1.0	0.0	5.0	0.0	0.0	0.0	0.0	0.0	0.0	0.0	19.0	0.0	0.0	0.0	0.0	1.0	0.0	12.0	0.0	2.0	0.0	29.0	1.0	1.0	29.0
hdrB1_566003278_m08	0.0	0.0	0.0	0.0	0.0	188.0	0.0	0.0	0.0	0.0	0.0	407.0	111.0	2.0	0.0	0.0	0.0	1.0	969.0	0.0	1.0	0.0	0.0	0.0	232.0	249.0	313.0	0.0	0.0	401.0	0.0	262.0	387.0	52.0	0.0	0.0	0.0	257.0	0.0	0.0	456.0	0.0	0.0	0.0	0.0	0.0	0.0	101.0	1.0	0.0	0.0	0.0	0.0	313.0	258.0	0.0	215.0	1.0	176.0	1.0	0.0	0.0	0.0	0.0
hdrB1_566003278_m10	0.0	0.0	0.0	0.0	0.0	7.0	0.0	1.0	0.0	0.0	0.0	5.0	0.0	5.0	0.0	5.0	0.0	0.0	50.0	0.0	0.0	0.0	2.0	0.0	0.0	16.0	0.0	0.0	0.0	40.0	0.0	70.0	2.0	7.0	0.0	0.0	1.0	34.0	0.0	0.0	1.0	2.0	0.0	0.0	0.0	0.0	0.0	1.0	0.0	0.0	0.0	0.0	0.0	0.0	13.0	0.0	57.0	0.0	21.0	2.0	0.0	0.0	0.0	0.0
hdrB1_566003278_m11	0.0	0.0	0.0	0.0	0.0	50.0	0.0	0.0	0.0	0.0	0.0	23.0	5.0	0.0	0.0	0.0	0.0	1.0	212.0	0.0	0.0	0.0	0.0	0.0	10.0	43.0	12.0	0.0	0.0	86.0	0.0	80.0	19.0	7.0	0.0	0.0	0.0	59.0	0.0	0.0	26.0	0.0	0.0	0.0	0.0	0.0	0.0	8.0	0.0	0.0	0.0	0.0	0.0	16.0	31.0	0.0	55.0	1.0	26.0	0.0	0.0	2.0	0.0	0.0
hdrB1_566003278_m12	0.0	1.0	0.0	0.0	0.0	41.0	0.0	0.0	0.0	0.0	0.0	49.0	67.0	0.0	0.0	0.0	0.0	2.0	141.0	0.0	0.0	0.0	0.0	0.0	42.0	28.0	22.0	0.0	0.0	76.0	0.0	20.0	19.0	15.0	0.0	0.0	0.0	28.0	0.0	0.0	36.0	0.0	0.0	0.0	0.0	0.0	0.0	27.0	0.0	0.0	0.0	0.0	0.0	40.0	29.0	0.0	22.0	0.0	22.0	0.0	0.0	0.0	0.0	0.0
hdrB1_566003278_m13	0.0	0.0	0.0	0.0	0.0	21.0	0.0	0.0	0.0	0.0	0.0	10.0	5.0	0.0	0.0	0.0	0.0	0.0	155.0	0.0	0.0	0.0	0.0	0.0	10.0	48.0	5.0	0.0	0.0	69.0	0.0	54.0	13.0	13.0	0.0	0.0	0.0	57.0	0.0	0.0	16.0	0.0	0.0	0.0	0.0	0.0	0.0	2.0	0.0	0.0	0.0	0.0	0.0	8.0	30.0	0.0	38.0	0.0	22.0	0.0	0.0	0.0	0.0	0.0
hdrB1_566003278_m14	0.0	0.0	0.0	0.0	0.0	1.0	0.0	0.0	0.0	0.0	0.0	0.0	0.0	0.0	0.0	0.0	1.0	0.0	24.0	0.0	0.0	0.0	0.0	0.0	2.0	3.0	0.0	0.0	0.0	10.0	0.0	6.0	1.0	5.0	0.0	0.0	0.0	0.0	0.0	0.0	0.0	0.0	0.0	0.0	0.0	0.0	0.0	1.0	0.0	0.0	0.0	0.0	0.0	2.0	5.0	0.0	8.0	0.0	7.0	0.0	0.0	0.0	0.0	0.0
