	ZB_1	ZB_2	ZB_3	ZB_4	ZB_5	ZB_6	ZB_7	ZB_8	ZB_9	ZB_10	ZB_11	ZB_12	ZB_13	ZB_14	ZB_15	ZB_16	ZB_17	ZB_18	ZB_19	ZB_20	ZB_21	ZB_22	ZB_23	ZB_24	ZB_25	ZB_26	ZB_27	ZB_28	ZB_29	ZB_30	ZB_31	ZB_32	ZB_33	ZB_34	ZB_35	ZB_36	ZB_37	ZB_38	ZB_39	ZB_40	ZB_41	ZB_42	ZB_43	ZB_44	ZB_45	ZB_46	ZB_47	ZB_48	ZB_49	ZB_50	ZB_51	ZB_52	ZB_53	ZB_54	ZB_55	ZB_56	ZB_57	ZB_58	ZB_59	ZB_60	ZB_61	ZB_62	ZB_63	ZB_64
hdrD_330509064	557.0	0.0	2.0	0.0	0.0	636.0	0.0	0.0	0.0	1267.0	8.0	760.0	467.0	0.0	0.0	0.0	9.0	0.0	417.0	0.0	791.0	2.0	0.0	0.0	457.0	588.0	517.0	1089.0	4.0	611.0	0.0	87.0	114.0	861.0	0.0	2.0	0.0	38.0	720.0	0.0	145.0	3.0	0.0	1898.0	0.0	0.0	2904.0	1126.0	2.0	0.0	0.0	0.0	1147.0	163.0	558.0	1137.0	39.0	2.0	144.0	0.0	0.0	2.0	0.0	0.0
hdrD_A0A1V4VDB2	86.0	0.0	68.0	0.0	0.0	0.0	71.0	0.0	0.0	108.0	1.0	0.0	0.0	0.0	0.0	4.0	2.0	0.0	0.0	0.0	65.0	0.0	0.0	4.0	1.0	0.0	0.0	110.0	0.0	0.0	0.0	0.0	0.0	0.0	0.0	72.0	0.0	0.0	82.0	0.0	0.0	4.0	4.0	76.0	0.0	11.0	53.0	8.0	26.0	1.0	25.0	54.0	56.0	0.0	0.0	67.0	0.0	2.0	1.0	0.0	0.0	0.0	0.0	0.0
hdrD_330508757	759.0	0.0	0.0	0.0	0.0	484.0	0.0	0.0	0.0	1362.0	3.0	483.0	255.0	0.0	0.0	0.0	13.0	0.0	257.0	0.0	659.0	0.0	0.0	0.0	300.0	443.0	257.0	916.0	0.0	379.0	0.0	39.0	72.0	606.0	0.0	0.0	0.0	15.0	659.0	0.0	62.0	1.0	0.0	1436.0	0.0	0.0	2326.0	835.0	0.0	0.0	0.0	0.0	1110.0	84.0	288.0	934.0	24.0	6.0	119.0	0.0	0.0	0.0	0.0	0.0
hdrD_386001490	379.0	0.0	2514.0	0.0	0.0	0.0	2405.0	0.0	0.0	255.0	2.0	30.0	0.0	0.0	0.0	92.0	1.0	1.0	0.0	0.0	90.0	0.0	4.0	405.0	90.0	0.0	12.0	385.0	0.0	0.0	15.0	0.0	33.0	0.0	0.0	2527.0	0.0	0.0	140.0	14.0	55.0	106.0	276.0	94.0	0.0	484.0	58.0	15.0	1339.0	0.0	1276.0	2243.0	220.0	23.0	0.0	261.0	0.0	30.0	0.0	1.0	0.0	0.0	11.0	0.0
hdrD_224719.Abm4_1340	0.0	274.0	0.0	1.0	255.0	0.0	0.0	0.0	0.0	0.0	60.0	0.0	1.0	42.0	19.0	0.0	149.0	0.0	0.0	125.0	0.0	2.0	0.0	0.0	0.0	0.0	0.0	0.0	0.0	0.0	0.0	0.0	0.0	0.0	146.0	0.0	1.0	0.0	0.0	0.0	0.0	0.0	0.0	0.0	174.0	0.0	0.0	0.0	0.0	18.0	1.0	0.0	0.0	0.0	0.0	0.0	0.0	1.0	0.0	0.0	8.0	0.0	0.0	126.0
hdrD_452210417	0.0	0.0	166.0	5.0	0.0	1.0	452.0	13.0	0.0	0.0	0.0	2.0	2.0	15.0	0.0	0.0	0.0	5.0	984.0	0.0	0.0	0.0	0.0	43.0	129.0	2.0	0.0	0.0	0.0	16.0	0.0	34.0	698.0	0.0	0.0	254.0	2.0	321.0	0.0	0.0	1046.0	0.0	95.0	0.0	4.0	66.0	0.0	0.0	137.0	0.0	121.0	381.0	0.0	436.0	19.0	0.0	121.0	0.0	188.0	0.0	0.0	0.0	0.0	0.0
hdrD_435851653	0.0	0.0	0.0	0.0	0.0	38.0	0.0	0.0	0.0	0.0	0.0	1.0	11.0	0.0	0.0	0.0	0.0	0.0	65.0	0.0	0.0	0.0	1.0	0.0	2.0	19.0	4.0	0.0	0.0	85.0	0.0	2.0	1.0	42.0	0.0	0.0	0.0	8.0	0.0	0.0	0.0	0.0	0.0	0.0	0.0	0.0	0.0	2.0	0.0	0.0	0.0	0.0	0.0	0.0	31.0	0.0	7.0	0.0	8.0	0.0	0.0	0.0	0.0	0.0
hdrD_20093409	0.0	0.0	157.0	0.0	0.0	9.0	346.0	0.0	0.0	0.0	0.0	3.0	3.0	3.0	0.0	0.0	0.0	6.0	382.0	0.0	0.0	0.0	0.0	41.0	89.0	8.0	3.0	0.0	0.0	10.0	0.0	18.0	557.0	5.0	0.0	377.0	0.0	120.0	0.0	0.0	797.0	0.0	46.0	0.0	1.0	67.0	0.0	0.0	135.0	0.0	133.0	377.0	0.0	371.0	58.0	0.0	53.0	0.0	100.0	0.0	0.0	0.0	0.0	0.0
hdrD_A0A1V5B5U0	1.0	0.0	0.0	2.0	0.0	54.0	0.0	1.0	160.0	0.0	0.0	2.0	4.0	2.0	22.0	585.0	0.0	2.0	9.0	0.0	0.0	8.0	245.0	0.0	8.0	26.0	2.0	2.0	4.0	37.0	244.0	0.0	0.0	73.0	0.0	0.0	5.0	0.0	0.0	238.0	24.0	435.0	0.0	0.0	4.0	0.0	0.0	0.0	0.0	0.0	0.0	0.0	1.0	0.0	12.0	0.0	0.0	245.0	4.0	89.0	0.0	1.0	429.0	0.0
hdrD_21227946	0.0	0.0	4.0	1.0	0.0	5.0	20.0	9.0	0.0	0.0	0.0	0.0	8.0	11.0	0.0	0.0	0.0	6.0	71.0	0.0	0.0	0.0	0.0	19.0	21.0	5.0	0.0	0.0	0.0	11.0	0.0	17.0	53.0	7.0	0.0	7.0	7.0	170.0	0.0	0.0	69.0	0.0	15.0	0.0	2.0	41.0	0.0	2.0	5.0	0.0	4.0	24.0	0.0	54.0	21.0	0.0	66.0	0.0	75.0	0.0	0.0	1.0	0.0	0.0
hdrD_A0A1V4YDE8	0.0	0.0	0.0	0.0	0.0	7.0	0.0	0.0	0.0	2.0	0.0	0.0	12.0	0.0	0.0	0.0	0.0	1.0	11.0	0.0	6.0	1.0	0.0	0.0	7.0	6.0	0.0	2.0	2.0	12.0	0.0	1.0	2.0	5.0	0.0	0.0	0.0	0.0	0.0	0.0	20.0	0.0	1.0	0.0	2.0	0.0	2.0	0.0	0.0	0.0	0.0	0.0	5.0	8.0	0.0	1.0	6.0	0.0	0.0	0.0	0.0	0.0	0.0	0.0
hdrD_mek_MSKOL_2764	0.0	1.0	187.0	17.0	0.0	1.0	695.0	35.0	0.0	0.0	1.0	0.0	0.0	34.0	5.0	0.0	0.0	33.0	253.0	0.0	0.0	0.0	0.0	72.0	200.0	0.0	0.0	0.0	1.0	10.0	0.0	23.0	745.0	2.0	0.0	255.0	6.0	305.0	0.0	0.0	1256.0	0.0	124.0	0.0	32.0	227.0	0.0	0.0	134.0	0.0	115.0	514.0	0.0	515.0	1.0	0.0	169.0	0.0	181.0	0.0	0.0	5.0	0.0	0.0
hdrD_mfz_AOB57_004610	0.0	0.0	266.0	0.0	0.0	1.0	1769.0	0.0	0.0	0.0	0.0	0.0	0.0	0.0	0.0	0.0	1.0	0.0	268.0	1.0	0.0	0.0	0.0	6610.0	2.0	1.0	0.0	0.0	0.0	3612.0	0.0	2260.0	0.0	0.0	0.0	251.0	0.0	2597.0	0.0	0.0	2.0	0.0	12570.0	0.0	2.0	8793.0	0.0	0.0	216.0	0.0	249.0	939.0	0.0	1.0	2.0	0.0	2067.0	0.0	604.0	0.0	0.0	0.0	0.0	0.0
hdrD_WP_048177057.1	0.0	0.0	0.0	0.0	0.0	2.0	0.0	2.0	0.0	0.0	0.0	0.0	0.0	26.0	0.0	0.0	0.0	17.0	66.0	0.0	0.0	0.0	0.0	0.0	0.0	0.0	0.0	0.0	0.0	6.0	0.0	16.0	0.0	4.0	0.0	0.0	2.0	22.0	0.0	0.0	0.0	0.0	0.0	0.0	17.0	0.0	0.0	0.0	0.0	0.0	0.0	0.0	0.0	0.0	0.0	0.0	44.0	0.0	49.0	0.0	0.0	0.0	0.0	0.0
hdrD_330509064_m01	0.0	5.0	0.0	14.0	13.0	0.0	0.0	20.0	921.0	0.0	7.0	0.0	0.0	24.0	171.0	3444.0	1.0	47.0	0.0	0.0	0.0	29.0	1570.0	0.0	0.0	3.0	1.0	19.0	42.0	0.0	1369.0	0.0	0.0	0.0	0.0	0.0	49.0	0.0	0.0	1254.0	97.0	2938.0	0.0	0.0	34.0	0.0	0.0	0.0	2.0	21.0	0.0	0.0	0.0	1.0	2.0	0.0	0.0	1393.0	1.0	554.0	4.0	10.0	2620.0	0.0
hdrD_224719.Abm4_1340_m01	0.0	1.0	0.0	0.0	0.0	0.0	0.0	0.0	0.0	0.0	2.0	0.0	0.0	71.0	49.0	0.0	1.0	0.0	0.0	1.0	0.0	2.0	0.0	0.0	0.0	0.0	0.0	0.0	0.0	0.0	0.0	0.0	0.0	0.0	0.0	0.0	0.0	0.0	0.0	0.0	0.0	0.0	0.0	0.0	332.0	0.0	0.0	0.0	0.0	0.0	0.0	0.0	0.0	0.0	0.0	0.0	0.0	0.0	0.0	0.0	0.0	0.0	0.0	0.0
hdrD_452210417_m01	1.0	0.0	0.0	0.0	0.0	6.0	0.0	1.0	0.0	0.0	2.0	0.0	10.0	0.0	0.0	0.0	0.0	0.0	120.0	0.0	0.0	0.0	0.0	0.0	0.0	15.0	2.0	0.0	0.0	21.0	0.0	1.0	0.0	17.0	0.0	0.0	0.0	2.0	0.0	0.0	1.0	0.0	0.0	0.0	0.0	0.0	0.0	2.0	0.0	0.0	0.0	0.0	0.0	0.0	53.0	0.0	0.0	0.0	4.0	0.0	0.0	0.0	0.0	0.0
hdrD_20093409_m01	0.0	0.0	0.0	0.0	0.0	12.0	0.0	0.0	0.0	0.0	0.0	0.0	5.0	1.0	0.0	0.0	0.0	0.0	93.0	0.0	0.0	0.0	0.0	0.0	0.0	5.0	1.0	0.0	0.0	10.0	0.0	0.0	0.0	22.0	0.0	0.0	0.0	0.0	0.0	0.0	3.0	0.0	0.0	0.0	0.0	1.0	0.0	3.0	0.0	0.0	0.0	0.0	0.0	0.0	63.0	0.0	0.0	0.0	1.0	0.0	0.0	0.0	0.0	0.0
hdrD_73668487_m01	0.0	0.0	611.0	9.0	3.0	0.0	1306.0	24.0	0.0	0.0	0.0	0.0	3.0	28.0	0.0	0.0	0.0	15.0	1619.0	0.0	0.0	0.0	1.0	160.0	330.0	0.0	0.0	0.0	3.0	13.0	0.0	99.0	2185.0	0.0	0.0	1177.0	6.0	667.0	0.0	0.0	3167.0	0.0	220.0	0.0	22.0	343.0	0.0	0.0	604.0	0.0	501.0	1306.0	0.0	1349.0	68.0	0.0	251.0	0.0	405.0	0.0	0.0	5.0	0.0	0.0
hdrD_mek_MSKOL_2764_m01	0.0	0.0	11.0	1.0	0.0	22.0	18.0	2.0	0.0	0.0	0.0	0.0	1.0	1.0	0.0	0.0	0.0	0.0	28.0	0.0	0.0	1.0	0.0	9.0	6.0	10.0	0.0	0.0	0.0	2.0	0.0	2.0	32.0	60.0	0.0	11.0	0.0	11.0	0.0	0.0	55.0	0.0	2.0	0.0	0.0	6.0	0.0	0.0	7.0	0.0	0.0	9.0	0.0	18.0	4.0	0.0	9.0	0.0	11.0	0.0	0.0	0.0	0.0	0.0
hdrD_mfz_AOB57_004610_m01	0.0	0.0	530.0	18.0	0.0	1.0	769.0	30.0	0.0	0.0	0.0	0.0	0.0	21.0	2.0	0.0	1.0	17.0	2543.0	0.0	0.0	5.0	0.0	168.0	326.0	0.0	0.0	0.0	2.0	43.0	0.0	153.0	2282.0	0.0	0.0	1550.0	15.0	864.0	0.0	0.0	3571.0	0.0	168.0	0.0	5.0	351.0	0.0	0.0	649.0	0.0	469.0	1046.0	0.0	1370.0	63.0	0.0	356.0	0.0	554.0	0.0	0.0	2.0	0.0	0.0
hdrD_20093409_m02	0.0	0.0	0.0	3.0	0.0	3.0	0.0	4.0	0.0	0.0	0.0	0.0	0.0	3.0	0.0	0.0	0.0	0.0	91.0	0.0	0.0	0.0	0.0	3.0	14.0	0.0	0.0	0.0	0.0	9.0	0.0	12.0	117.0	1.0	0.0	12.0	0.0	158.0	0.0	0.0	131.0	0.0	3.0	0.0	3.0	12.0	0.0	0.0	12.0	0.0	3.0	5.0	0.0	80.0	1.0	0.0	58.0	0.0	98.0	0.0	0.0	1.0	0.0	0.0
hdrD_73668487_m02	0.0	0.0	125.0	1.0	0.0	0.0	396.0	3.0	0.0	0.0	0.0	0.0	0.0	5.0	0.0	0.0	0.0	0.0	358.0	0.0	0.0	0.0	0.0	287.0	79.0	0.0	0.0	0.0	0.0	156.0	0.0	100.0	385.0	0.0	0.0	332.0	0.0	201.0	0.0	0.0	682.0	0.0	606.0	0.0	10.0	462.0	0.0	0.0	132.0	0.0	118.0	291.0	0.0	257.0	8.0	0.0	128.0	0.0	108.0	0.0	0.0	4.0	0.0	0.0
hdrD_20093409_m03	0.0	0.0	27.0	9.0	0.0	3.0	55.0	13.0	0.0	0.0	0.0	0.0	0.0	31.0	5.0	0.0	0.0	12.0	508.0	0.0	0.0	5.0	0.0	19.0	8.0	3.0	0.0	0.0	3.0	9.0	0.0	9.0	62.0	3.0	0.0	24.0	10.0	68.0	0.0	0.0	84.0	0.0	24.0	0.0	13.0	113.0	0.0	0.0	31.0	0.0	12.0	59.0	0.0	22.0	15.0	0.0	18.0	0.0	51.0	0.0	0.0	4.0	0.0	0.0
hdrD_A0A1V5B5U0_m01	0.0	0.0	0.0	0.0	0.0	83.0	0.0	0.0	4.0	0.0	0.0	4.0	9.0	0.0	1.0	23.0	2.0	0.0	11.0	0.0	0.0	0.0	5.0	0.0	0.0	57.0	3.0	0.0	0.0	61.0	10.0	4.0	0.0	84.0	0.0	0.0	1.0	0.0	0.0	13.0	0.0	24.0	0.0	0.0	1.0	0.0	0.0	0.0	0.0	0.0	0.0	0.0	0.0	0.0	13.0	0.0	0.0	7.0	3.0	0.0	0.0	0.0	17.0	0.0
hdrD_73668487_m04	0.0	0.0	182.0	0.0	0.0	0.0	1175.0	0.0	0.0	0.0	0.0	0.0	0.0	0.0	1.0	0.0	0.0	0.0	195.0	0.0	0.0	0.0	0.0	4203.0	0.0	0.0	0.0	0.0	0.0	2285.0	0.0	1459.0	0.0	0.0	0.0	177.0	0.0	1649.0	0.0	0.0	3.0	0.0	8634.0	0.0	0.0	5920.0	0.0	0.0	125.0	0.0	160.0	627.0	0.0	3.0	5.0	0.0	1461.0	0.0	358.0	0.0	0.0	0.0	0.0	0.0
hdrD_20093409_m04	0.0	0.0	63.0	4.0	0.0	0.0	143.0	5.0	0.0	0.0	0.0	0.0	0.0	1.0	3.0	0.0	0.0	15.0	490.0	0.0	0.0	3.0	0.0	15.0	91.0	3.0	0.0	0.0	3.0	10.0	0.0	85.0	394.0	0.0	0.0	174.0	8.0	579.0	0.0	0.0	685.0	0.0	24.0	0.0	3.0	85.0	0.0	0.0	73.0	0.0	62.0	117.0	0.0	349.0	5.0	0.0	189.0	0.0	286.0	0.0	0.0	3.0	0.0	0.0
hdrD_386001490_m01	133.0	0.0	1713.0	0.0	0.0	0.0	1764.0	0.0	4.0	102.0	0.0	4.0	0.0	0.0	0.0	200.0	0.0	0.0	0.0	0.0	36.0	0.0	7.0	288.0	28.0	0.0	0.0	202.0	0.0	0.0	24.0	0.0	26.0	0.0	0.0	1440.0	0.0	0.0	30.0	12.0	18.0	215.0	171.0	59.0	0.0	337.0	42.0	14.0	708.0	0.0	758.0	1961.0	94.0	12.0	0.0	90.0	0.0	47.0	0.0	4.0	0.0	0.0	30.0	0.0
hdrD_A0A1V5B5U0_m02	1.0	0.0	0.0	0.0	0.0	159.0	0.0	1.0	0.0	0.0	0.0	4.0	10.0	0.0	0.0	0.0	0.0	0.0	27.0	0.0	0.0	0.0	0.0	0.0	0.0	64.0	5.0	0.0	0.0	120.0	0.0	1.0	0.0	129.0	0.0	0.0	0.0	2.0	0.0	0.0	0.0	0.0	0.0	0.0	0.0	0.0	0.0	2.0	0.0	0.0	0.0	0.0	0.0	0.0	37.0	0.0	2.0	0.0	5.0	0.0	0.0	0.0	0.0	0.0
hdrD_73668487_m08	0.0	0.0	8.0	0.0	0.0	10.0	24.0	0.0	0.0	0.0	0.0	0.0	0.0	0.0	0.0	0.0	0.0	0.0	13.0	0.0	0.0	0.0	1.0	83.0	0.0	0.0	0.0	0.0	0.0	38.0	0.0	33.0	0.0	15.0	0.0	5.0	0.0	40.0	0.0	0.0	0.0	0.0	188.0	0.0	0.0	120.0	0.0	0.0	0.0	0.0	0.0	18.0	0.0	0.0	1.0	0.0	26.0	0.0	5.0	0.0	0.0	0.0	0.0	0.0
hdrD_A0A1V5B5U0_m03	0.0	0.0	0.0	0.0	2.0	54.0	0.0	0.0	46.0	0.0	0.0	4.0	3.0	2.0	29.0	135.0	0.0	2.0	16.0	0.0	0.0	4.0	48.0	0.0	0.0	22.0	0.0	1.0	5.0	39.0	54.0	2.0	0.0	59.0	0.0	0.0	4.0	0.0	0.0	42.0	0.0	161.0	0.0	0.0	1.0	0.0	0.0	4.0	0.0	0.0	0.0	0.0	0.0	0.0	17.0	0.0	0.0	72.0	7.0	17.0	0.0	0.0	84.0	0.0
hdrD_A0A1V5B5U0_m04	0.0	0.0	0.0	0.0	0.0	145.0	0.0	0.0	0.0	0.0	0.0	4.0	10.0	0.0	0.0	0.0	0.0	0.0	27.0	0.0	0.0	0.0	0.0	0.0	0.0	48.0	2.0	0.0	0.0	126.0	0.0	0.0	2.0	160.0	0.0	0.0	0.0	2.0	0.0	0.0	0.0	0.0	0.0	0.0	0.0	0.0	0.0	0.0	0.0	0.0	0.0	0.0	0.0	0.0	29.0	0.0	0.0	0.0	8.0	0.0	0.0	0.0	0.0	0.0
hdrD_73668487_m09	0.0	0.0	3.0	5.0	0.0	0.0	14.0	3.0	0.0	0.0	0.0	0.0	0.0	10.0	0.0	0.0	0.0	3.0	70.0	0.0	0.0	0.0	0.0	52.0	0.0	0.0	0.0	0.0	0.0	20.0	0.0	14.0	8.0	0.0	0.0	1.0	5.0	18.0	0.0	0.0	0.0	0.0	96.0	0.0	20.0	65.0	0.0	0.0	4.0	0.0	4.0	12.0	0.0	0.0	3.0	0.0	15.0	0.0	15.0	0.0	0.0	0.0	0.0	0.0
hdrD_73668487_m11	0.0	0.0	1.0	0.0	0.0	0.0	10.0	0.0	1.0	0.0	0.0	0.0	0.0	0.0	0.0	0.0	0.0	1.0	42.0	0.0	0.0	0.0	0.0	35.0	0.0	0.0	0.0	0.0	0.0	28.0	0.0	23.0	1.0	0.0	0.0	9.0	0.0	24.0	0.0	0.0	8.0	0.0	95.0	0.0	0.0	58.0	0.0	0.0	0.0	0.0	0.0	3.0	0.0	0.0	0.0	0.0	18.0	0.0	3.0	0.0	0.0	0.0	0.0	0.0
hdrD_73668487_m15	0.0	0.0	0.0	0.0	0.0	22.0	17.0	0.0	0.0	0.0	0.0	0.0	0.0	0.0	0.0	0.0	0.0	0.0	4.0	0.0	0.0	0.0	0.0	29.0	0.0	8.0	0.0	0.0	0.0	23.0	0.0	10.0	0.0	32.0	0.0	0.0	0.0	15.0	0.0	0.0	0.0	0.0	100.0	0.0	0.0	50.0	0.0	0.0	0.0	0.0	0.0	14.0	0.0	0.0	4.0	0.0	14.0	0.0	5.0	0.0	0.0	0.0	0.0	0.0
hdrD_73668487_m20	0.0	0.0	0.0	0.0	0.0	1.0	13.0	0.0	0.0	0.0	0.0	0.0	0.0	0.0	0.0	0.0	0.0	0.0	65.0	0.0	0.0	0.0	0.0	44.0	0.0	0.0	0.0	0.0	0.0	20.0	0.0	14.0	0.0	1.0	0.0	3.0	0.0	24.0	0.0	0.0	1.0	0.0	78.0	0.0	0.0	54.0	0.0	0.0	3.0	0.0	0.0	4.0	0.0	0.0	8.0	0.0	19.0	0.0	9.0	0.0	0.0	0.0	0.0	0.0
hdrD_A0A1V5B5U0_m06	0.0	0.0	0.0	0.0	0.0	50.0	0.0	2.0	36.0	0.0	3.0	0.0	7.0	2.0	10.0	124.0	0.0	1.0	7.0	0.0	0.0	0.0	71.0	0.0	0.0	21.0	0.0	0.0	2.0	28.0	37.0	0.0	0.0	51.0	0.0	0.0	5.0	1.0	0.0	60.0	3.0	98.0	0.0	0.0	2.0	0.0	0.0	2.0	0.0	0.0	0.0	0.0	0.0	0.0	7.0	0.0	0.0	44.0	0.0	17.0	0.0	0.0	80.0	1.0
hdrD_73668487_m34	0.0	0.0	46.0	0.0	0.0	0.0	268.0	0.0	0.0	0.0	0.0	0.0	0.0	0.0	0.0	0.0	0.0	0.0	37.0	0.0	0.0	0.0	0.0	809.0	0.0	1.0	0.0	0.0	0.0	485.0	0.0	270.0	0.0	0.0	0.0	23.0	0.0	337.0	0.0	0.0	0.0	0.0	1595.0	0.0	0.0	1165.0	0.0	0.0	33.0	0.0	6.0	145.0	0.0	0.0	3.0	0.0	230.0	0.0	82.0	0.0	0.0	0.0	0.0	0.0
hdrD_73668487_m31	0.0	0.0	54.0	0.0	0.0	10.0	245.0	1.0	0.0	0.0	0.0	0.0	3.0	0.0	0.0	0.0	0.0	9.0	68.0	0.0	0.0	0.0	0.0	801.0	3.0	3.0	0.0	0.0	0.0	467.0	0.0	330.0	0.0	12.0	0.0	37.0	0.0	311.0	0.0	0.0	0.0	0.0	1667.0	0.0	6.0	1054.0	0.0	0.0	29.0	0.0	31.0	132.0	0.0	0.0	0.0	0.0	271.0	0.0	97.0	0.0	0.0	0.0	0.0	0.0
hdrD_73668487_m32	0.0	0.0	1.0	0.0	0.0	0.0	18.0	0.0	0.0	0.0	0.0	0.0	0.0	0.0	0.0	0.0	0.0	0.0	3.0	0.0	0.0	0.0	0.0	56.0	0.0	0.0	0.0	0.0	0.0	38.0	0.0	28.0	0.0	3.0	0.0	1.0	0.0	20.0	0.0	0.0	0.0	0.0	128.0	0.0	0.0	119.0	0.0	0.0	3.0	0.0	1.0	14.0	0.0	0.0	3.0	0.0	23.0	0.0	12.0	0.0	0.0	0.0	0.0	0.0
