	ZB_1	ZB_2	ZB_3	ZB_4	ZB_5	ZB_6	ZB_7	ZB_8	ZB_9	ZB_10	ZB_11	ZB_12	ZB_13	ZB_14	ZB_15	ZB_16	ZB_17	ZB_18	ZB_19	ZB_20	ZB_21	ZB_22	ZB_23	ZB_24	ZB_25	ZB_26	ZB_27	ZB_28	ZB_29	ZB_30	ZB_31	ZB_32	ZB_33	ZB_34	ZB_35	ZB_36	ZB_37	ZB_38	ZB_39	ZB_40	ZB_41	ZB_42	ZB_43	ZB_44	ZB_45	ZB_46	ZB_47	ZB_48	ZB_49	ZB_50	ZB_51	ZB_52	ZB_53	ZB_54	ZB_55	ZB_56	ZB_57	ZB_58	ZB_59	ZB_60	ZB_61	ZB_62	ZB_63	ZB_64
mch_330507376	616.0	0.0	1.0	0.0	0.0	545.0	0.0	0.0	0.0	1188.0	1.0	802.0	423.0	2.0	0.0	1.0	0.0	0.0	329.0	0.0	726.0	0.0	0.0	0.0	435.0	673.0	454.0	873.0	0.0	457.0	0.0	70.0	105.0	847.0	1.0	1.0	0.0	30.0	584.0	4.0	89.0	7.0	0.0	1370.0	0.0	0.0	2052.0	892.0	0.0	0.0	0.0	0.0	1047.0	105.0	440.0	940.0	26.0	2.0	163.0	0.0	2.0	0.0	1.0	0.0
mch_A0A101IHP0	371.0	0.0	3460.0	0.0	0.0	0.0	3227.0	0.0	14.0	271.0	0.0	36.0	0.0	0.0	0.0	216.0	4.0	0.0	0.0	0.0	87.0	0.0	15.0	574.0	89.0	0.0	13.0	453.0	0.0	0.0	14.0	0.0	48.0	0.0	0.0	2854.0	0.0	0.0	147.0	31.0	35.0	228.0	363.0	133.0	0.0	591.0	105.0	36.0	1645.0	0.0	1714.0	3230.0	284.0	32.0	0.0	248.0	0.0	56.0	0.0	12.0	0.0	0.0	35.0	0.0
mch_A0A1V4VDH5	120.0	0.0	17.0	0.0	0.0	0.0	7.0	0.0	0.0	92.0	0.0	0.0	0.0	0.0	0.0	0.0	4.0	0.0	0.0	0.0	74.0	0.0	0.0	0.0	0.0	0.0	0.0	102.0	0.0	0.0	0.0	0.0	0.0	0.0	0.0	24.0	0.0	0.0	72.0	0.0	0.0	0.0	0.0	44.0	0.0	0.0	21.0	3.0	14.0	0.0	10.0	7.0	36.0	0.0	0.0	50.0	0.0	0.0	0.0	0.0	0.0	0.0	0.0	0.0
mch_metn_BK008_08410	0.0	0.0	0.0	0.0	0.0	16.0	0.0	0.0	0.0	0.0	0.0	12.0	0.0	0.0	0.0	0.0	0.0	0.0	27.0	0.0	0.0	0.0	0.0	0.0	2.0	11.0	0.0	0.0	2.0	25.0	0.0	17.0	11.0	2.0	0.0	0.0	0.0	2.0	0.0	0.0	9.0	0.0	0.0	0.0	0.0	0.0	0.0	3.0	0.0	0.0	0.0	0.0	0.0	1.0	11.0	0.0	3.0	0.0	2.0	0.0	0.0	0.0	0.0	0.0
mch_A0A1V4YI85	5.0	1.0	0.0	0.0	0.0	7.0	0.0	1.0	0.0	2.0	1.0	5.0	15.0	0.0	2.0	0.0	2.0	0.0	10.0	0.0	0.0	0.0	0.0	1.0	1.0	1.0	2.0	5.0	0.0	9.0	0.0	0.0	1.0	0.0	0.0	0.0	1.0	0.0	0.0	0.0	20.0	0.0	0.0	5.0	2.0	0.0	0.0	3.0	0.0	0.0	0.0	0.0	7.0	3.0	2.0	0.0	5.0	0.0	0.0	0.0	0.0	0.0	0.0	0.0
mch_566002550	0.0	0.0	0.0	0.0	0.0	244.0	0.0	0.0	0.0	0.0	0.0	397.0	144.0	0.0	0.0	0.0	0.0	0.0	1732.0	0.0	0.0	0.0	0.0	1.0	164.0	324.0	285.0	0.0	3.0	836.0	0.0	497.0	372.0	70.0	0.0	0.0	0.0	430.0	0.0	0.0	493.0	0.0	0.0	0.0	0.0	0.0	0.0	122.0	0.0	0.0	0.0	0.0	0.0	309.0	395.0	0.0	448.0	0.0	266.0	0.0	0.0	2.0	0.0	0.0
mch_A0A124FWC1	0.0	0.0	0.0	0.0	0.0	8.0	0.0	0.0	0.0	0.0	0.0	34.0	8.0	0.0	0.0	0.0	2.0	0.0	25.0	0.0	0.0	0.0	0.0	0.0	16.0	2.0	20.0	0.0	0.0	20.0	0.0	9.0	34.0	0.0	0.0	0.0	0.0	15.0	0.0	0.0	15.0	0.0	0.0	0.0	0.0	0.0	0.0	8.0	0.0	0.0	0.0	0.0	0.0	27.0	5.0	0.0	12.0	0.0	18.0	0.0	0.0	0.0	0.0	0.0
mch_509155290	0.0	151.0	0.0	0.0	143.0	0.0	0.0	0.0	0.0	1.0	57.0	0.0	0.0	101.0	38.0	0.0	86.0	0.0	0.0	99.0	1.0	0.0	0.0	0.0	0.0	0.0	0.0	0.0	0.0	0.0	0.0	0.0	0.0	0.0	86.0	0.0	0.0	0.0	0.0	0.0	0.0	0.0	0.0	0.0	281.0	0.0	0.0	0.0	0.0	12.0	0.0	0.0	0.0	0.0	0.0	0.0	0.0	0.0	0.0	0.0	0.0	0.0	0.0	93.0
mch_WP_004031326.1	0.0	418.0	0.0	2.0	729.0	6.0	0.0	18.0	11.0	16.0	537.0	0.0	0.0	10.0	7.0	21.0	445.0	0.0	8.0	288.0	2.0	0.0	14.0	2.0	0.0	0.0	0.0	0.0	0.0	5.0	29.0	3.0	1.0	1.0	352.0	0.0	5.0	3.0	0.0	7.0	2.0	34.0	0.0	7.0	6.0	0.0	2.0	2.0	0.0	326.0	1.0	0.0	0.0	3.0	0.0	5.0	6.0	7.0	2.0	5.0	332.0	0.0	38.0	306.0
mch_A0A117MI43	0.0	15.0	2.0	0.0	58.0	0.0	2.0	0.0	1.0	0.0	23.0	0.0	0.0	1.0	0.0	1.0	33.0	0.0	0.0	40.0	0.0	0.0	0.0	0.0	1.0	0.0	0.0	0.0	0.0	0.0	0.0	0.0	3.0	0.0	25.0	2.0	2.0	0.0	0.0	0.0	1.0	1.0	0.0	0.0	0.0	0.0	0.0	0.0	0.0	20.0	0.0	0.0	0.0	0.0	0.0	0.0	1.0	0.0	0.0	0.0	20.0	2.0	1.0	23.0
mch_A0A1V4YRJ1	0.0	16.0	35.0	18.0	26.0	6.0	46.0	65.0	197.0	11.0	30.0	15.0	1.0	27.0	2.0	299.0	28.0	15.0	126.0	27.0	7.0	15.0	615.0	0.0	10.0	2.0	2.0	11.0	8.0	77.0	386.0	368.0	20.0	5.0	18.0	35.0	15.0	47.0	0.0	477.0	113.0	509.0	15.0	7.0	43.0	10.0	6.0	2.0	24.0	24.0	5.0	38.0	2.0	10.0	14.0	3.0	251.0	132.0	47.0	285.0	15.0	21.0	363.0	12.0
mch_A0A1V4TGA6	1.0	108.0	0.0	0.0	184.0	0.0	2.0	10.0	16.0	4.0	126.0	0.0	0.0	7.0	0.0	10.0	94.0	0.0	2.0	80.0	2.0	0.0	3.0	0.0	0.0	4.0	0.0	0.0	0.0	1.0	7.0	3.0	0.0	0.0	110.0	0.0	0.0	0.0	1.0	6.0	10.0	12.0	1.0	5.0	7.0	0.0	0.0	0.0	0.0	83.0	0.0	0.0	0.0	0.0	1.0	0.0	0.0	3.0	0.0	0.0	66.0	0.0	10.0	80.0
mch_A0A1V5IMY7	0.0	0.0	52.0	0.0	0.0	2.0	24.0	0.0	8.0	0.0	0.0	27.0	11.0	8.0	0.0	25.0	1.0	3.0	11.0	0.0	0.0	0.0	9.0	1.0	74.0	11.0	24.0	2.0	0.0	17.0	9.0	13.0	80.0	0.0	0.0	20.0	3.0	13.0	3.0	11.0	12.0	10.0	4.0	0.0	2.0	6.0	0.0	4.0	17.0	0.0	24.0	29.0	1.0	17.0	6.0	0.0	16.0	4.0	4.0	3.0	0.0	2.0	17.0	0.0
mch_A0A1V5ZCN7	2.0	0.0	0.0	1.0	0.0	0.0	0.0	0.0	0.0	0.0	0.0	7.0	0.0	0.0	0.0	2.0	0.0	6.0	0.0	0.0	0.0	7.0	0.0	0.0	0.0	1.0	0.0	0.0	5.0	0.0	0.0	0.0	0.0	0.0	0.0	0.0	7.0	0.0	0.0	0.0	0.0	0.0	0.0	0.0	0.0	0.0	2.0	2.0	0.0	0.0	0.0	0.0	1.0	0.0	6.0	0.0	0.0	0.0	0.0	5.0	0.0	3.0	0.0	0.0
mch_A0A1V5YAJ6	0.0	0.0	0.0	0.0	0.0	132.0	0.0	0.0	0.0	0.0	0.0	2.0	0.0	0.0	0.0	0.0	0.0	0.0	32.0	0.0	0.0	0.0	0.0	0.0	0.0	55.0	0.0	0.0	0.0	114.0	0.0	1.0	2.0	156.0	0.0	0.0	0.0	0.0	0.0	0.0	0.0	0.0	0.0	0.0	0.0	0.0	0.0	0.0	0.0	0.0	0.0	0.0	0.0	0.0	32.0	0.0	0.0	0.0	5.0	0.0	0.0	0.0	0.0	0.0
mch_1220534.B655_1266	0.0	0.0	0.0	0.0	0.0	18.0	0.0	0.0	0.0	0.0	0.0	0.0	0.0	0.0	0.0	0.0	1.0	0.0	27.0	0.0	0.0	0.0	0.0	0.0	0.0	6.0	0.0	0.0	0.0	24.0	0.0	1.0	0.0	3.0	0.0	0.0	0.0	7.0	0.0	0.0	1.0	0.0	0.0	0.0	0.0	0.0	0.0	0.0	0.0	0.0	0.0	0.0	0.0	1.0	14.0	0.0	0.0	0.0	0.0	0.0	0.0	0.0	0.0	0.0
mch_435851674	1.0	0.0	0.0	0.0	0.0	20.0	0.0	0.0	0.0	0.0	1.0	2.0	9.0	0.0	0.0	0.0	0.0	0.0	44.0	0.0	0.0	0.0	0.0	0.0	0.0	19.0	0.0	0.0	0.0	34.0	0.0	2.0	2.0	27.0	0.0	0.0	0.0	0.0	0.0	0.0	0.0	0.0	0.0	0.0	0.0	0.0	0.0	0.0	0.0	0.0	0.0	1.0	0.0	0.0	23.0	0.0	2.0	0.0	3.0	0.0	0.0	0.0	0.0	0.0
mch_A0A1V4Z0H6	0.0	0.0	0.0	0.0	0.0	2.0	0.0	0.0	0.0	0.0	1.0	0.0	2.0	0.0	0.0	0.0	1.0	0.0	10.0	0.0	0.0	0.0	0.0	0.0	5.0	11.0	0.0	0.0	0.0	6.0	0.0	1.0	0.0	6.0	0.0	0.0	0.0	1.0	0.0	0.0	0.0	0.0	0.0	0.0	0.0	0.0	0.0	0.0	0.0	0.0	0.0	0.0	0.0	0.0	3.0	0.0	2.0	0.0	0.0	0.0	0.0	0.0	0.0	0.0
mch_mthr_MSTHT_0435	0.0	0.0	0.0	0.0	0.0	2.0	0.0	0.0	0.0	0.0	0.0	0.0	2.0	0.0	0.0	0.0	2.0	0.0	98.0	0.0	0.0	0.0	0.0	2.0	0.0	1.0	0.0	0.0	0.0	9.0	0.0	4.0	0.0	1.0	0.0	0.0	0.0	16.0	0.0	0.0	0.0	0.0	3.0	0.0	0.0	1.0	0.0	0.0	0.0	0.0	0.0	0.0	0.0	0.0	0.0	0.0	4.0	0.0	49.0	0.0	0.0	0.0	0.0	0.0
mch_21228755	0.0	0.0	0.0	0.0	0.0	22.0	0.0	0.0	0.0	0.0	0.0	0.0	9.0	0.0	0.0	0.0	0.0	0.0	123.0	0.0	0.0	0.0	0.0	0.0	2.0	9.0	0.0	0.0	0.0	34.0	0.0	2.0	2.0	17.0	0.0	0.0	0.0	4.0	0.0	0.0	3.0	0.0	0.0	0.0	0.0	0.0	0.0	7.0	0.0	0.0	0.0	0.0	0.0	3.0	52.0	0.0	2.0	0.0	4.0	0.0	0.0	0.0	0.0	0.0
mch_mfz_AOB57_000035	0.0	0.0	190.0	0.0	0.0	6.0	1201.0	0.0	0.0	0.0	0.0	0.0	0.0	0.0	0.0	0.0	1.0	0.0	107.0	0.0	0.0	0.0	0.0	4757.0	3.0	2.0	1.0	0.0	0.0	2220.0	0.0	1645.0	2.0	12.0	0.0	127.0	0.0	1609.0	0.0	0.0	2.0	0.0	8961.0	0.0	0.0	5798.0	0.0	0.0	120.0	0.0	159.0	618.0	0.0	0.0	0.0	0.0	1266.0	0.0	315.0	0.0	0.0	0.0	0.0	0.0
mch_73669723	0.0	0.0	526.0	22.0	0.0	4.0	1184.0	52.0	0.0	0.0	0.0	0.0	0.0	46.0	2.0	0.0	1.0	46.0	2148.0	0.0	0.0	0.0	0.0	156.0	331.0	2.0	0.0	0.0	6.0	28.0	0.0	124.0	2106.0	3.0	0.0	1147.0	24.0	856.0	0.0	0.0	3332.0	0.0	316.0	0.0	46.0	428.0	0.0	0.0	554.0	0.0	311.0	957.0	0.0	1467.0	44.0	0.0	443.0	0.0	556.0	0.0	0.0	6.0	0.0	0.0
mch_330507376_m01	2.0	15.0	0.0	26.0	8.0	44.0	0.0	15.0	721.0	0.0	15.0	1.0	1.0	22.0	206.0	2839.0	4.0	44.0	3.0	0.0	0.0	38.0	1344.0	0.0	0.0	17.0	0.0	9.0	40.0	21.0	1289.0	0.0	0.0	63.0	1.0	0.0	77.0	0.0	0.0	1106.0	95.0	2423.0	0.0	0.0	31.0	0.0	2.0	0.0	1.0	29.0	0.0	0.0	0.0	2.0	2.0	0.0	0.0	1226.0	0.0	481.0	1.0	2.0	2172.0	2.0
mch_566002550_m01	0.0	0.0	0.0	1.0	0.0	46.0	0.0	0.0	0.0	0.0	0.0	50.0	103.0	0.0	0.0	0.0	0.0	0.0	183.0	0.0	0.0	0.0	0.0	0.0	24.0	23.0	30.0	0.0	0.0	107.0	0.0	30.0	42.0	23.0	0.0	1.0	0.0	53.0	0.0	0.0	51.0	0.0	0.0	0.0	0.0	0.0	0.0	21.0	0.0	0.0	0.0	0.0	0.0	61.0	43.0	0.0	42.0	0.0	29.0	0.0	0.0	0.0	0.0	0.0
mch_509155290_m01	1.0	4.0	0.0	0.0	3.0	0.0	0.0	0.0	0.0	0.0	105.0	0.0	0.0	0.0	0.0	0.0	2.0	0.0	0.0	1.0	0.0	0.0	0.0	0.0	0.0	0.0	0.0	0.0	0.0	0.0	0.0	0.0	0.0	0.0	21.0	0.0	0.0	0.0	0.0	0.0	0.0	0.0	0.0	0.0	0.0	0.0	0.0	0.0	0.0	46.0	0.0	0.0	0.0	0.0	0.0	1.0	0.0	0.0	0.0	0.0	16.0	0.0	0.0	2.0
mch_A0A1V4YRJ1_m01	0.0	14.0	15.0	5.0	14.0	6.0	19.0	20.0	109.0	5.0	20.0	8.0	2.0	9.0	0.0	145.0	18.0	9.0	59.0	10.0	0.0	7.0	325.0	2.0	1.0	2.0	0.0	5.0	2.0	42.0	200.0	135.0	20.0	0.0	10.0	16.0	9.0	21.0	0.0	261.0	64.0	251.0	15.0	2.0	21.0	0.0	0.0	0.0	11.0	18.0	5.0	25.0	5.0	10.0	6.0	0.0	92.0	71.0	25.0	130.0	14.0	11.0	165.0	18.0
mch_A0A1V5YAJ6_m01	0.0	0.0	0.0	1.0	0.0	26.0	0.0	0.0	0.0	0.0	0.0	0.0	2.0	0.0	0.0	0.0	0.0	0.0	1.0	0.0	0.0	0.0	0.0	0.0	0.0	10.0	0.0	0.0	0.0	11.0	0.0	0.0	0.0	12.0	0.0	0.0	0.0	2.0	0.0	0.0	0.0	0.0	0.0	0.0	0.0	0.0	0.0	2.0	0.0	0.0	0.0	0.0	0.0	0.0	14.0	0.0	0.0	0.0	2.0	0.0	0.0	0.0	0.0	0.0
mch_mfz_AOB57_000035_m01	0.0	0.0	126.0	9.0	0.0	4.0	428.0	12.0	0.0	0.0	0.0	0.0	0.0	13.0	0.0	0.0	0.0	10.0	519.0	0.0	0.0	0.0	0.0	569.0	79.0	1.0	0.0	0.0	0.0	272.0	0.0	207.0	555.0	22.0	0.0	278.0	1.0	476.0	0.0	0.0	853.0	0.0	1438.0	0.0	19.0	915.0	0.0	0.0	153.0	0.0	79.0	326.0	0.0	352.0	19.0	0.0	229.0	0.0	192.0	0.0	0.0	1.0	0.0	0.0
mch_metn_BK008_08410_m02	0.0	0.0	0.0	0.0	0.0	3.0	0.0	0.0	0.0	0.0	0.0	0.0	3.0	0.0	0.0	0.0	0.0	0.0	29.0	0.0	0.0	0.0	0.0	0.0	0.0	6.0	8.0	0.0	0.0	12.0	0.0	2.0	1.0	0.0	0.0	0.0	0.0	2.0	0.0	0.0	3.0	0.0	0.0	0.0	0.0	0.0	0.0	0.0	0.0	0.0	0.0	0.0	0.0	0.0	12.0	0.0	6.0	0.0	6.0	0.0	0.0	0.0	0.0	0.0
mch_WP_004031326.1_m01	1.0	33.0	0.0	0.0	48.0	5.0	0.0	0.0	0.0	0.0	39.0	1.0	2.0	1.0	1.0	0.0	33.0	0.0	8.0	18.0	0.0	0.0	0.0	0.0	0.0	0.0	0.0	0.0	1.0	5.0	1.0	0.0	0.0	0.0	53.0	0.0	0.0	7.0	0.0	0.0	1.0	8.0	0.0	0.0	0.0	0.0	1.0	0.0	0.0	25.0	0.0	0.0	0.0	0.0	2.0	0.0	1.0	2.0	0.0	0.0	21.0	0.0	3.0	35.0
mch_A0A1V4TGA6_m01	0.0	442.0	0.0	0.0	652.0	0.0	0.0	9.0	10.0	1.0	614.0	2.0	0.0	4.0	2.0	23.0	435.0	0.0	2.0	275.0	0.0	0.0	16.0	0.0	0.0	0.0	3.0	0.0	0.0	0.0	24.0	11.0	3.0	0.0	462.0	0.0	0.0	0.0	0.0	2.0	2.0	52.0	2.0	4.0	6.0	0.0	0.0	0.0	0.0	432.0	0.0	0.0	0.0	0.0	0.0	0.0	0.0	9.0	0.0	4.0	305.0	2.0	35.0	323.0
mch_A0A1V5YAJ6_m02	0.0	0.0	0.0	0.0	0.0	98.0	0.0	0.0	0.0	0.0	0.0	0.0	0.0	0.0	0.0	0.0	0.0	0.0	11.0	0.0	0.0	0.0	0.0	0.0	0.0	34.0	0.0	0.0	0.0	59.0	0.0	5.0	0.0	79.0	0.0	0.0	0.0	0.0	0.0	0.0	0.0	0.0	0.0	0.0	0.0	0.0	0.0	0.0	0.0	0.0	0.0	0.0	0.0	0.0	20.0	0.0	0.0	0.0	5.0	0.0	0.0	0.0	0.0	0.0
mch_A0A1V4Z0H6_m01	1.0	0.0	0.0	0.0	0.0	5.0	0.0	0.0	0.0	0.0	1.0	11.0	12.0	0.0	0.0	0.0	1.0	0.0	58.0	0.0	0.0	0.0	0.0	0.0	5.0	8.0	6.0	0.0	0.0	43.0	0.0	15.0	2.0	7.0	0.0	0.0	0.0	5.0	0.0	0.0	15.0	0.0	0.0	0.0	0.0	0.0	0.0	0.0	0.0	0.0	0.0	0.0	0.0	3.0	7.0	0.0	12.0	0.0	12.0	0.0	0.0	1.0	0.0	0.0
mch_A0A1V4YRJ1_m02	0.0	0.0	0.0	0.0	0.0	14.0	0.0	0.0	0.0	0.0	0.0	19.0	11.0	0.0	0.0	0.0	1.0	0.0	37.0	0.0	0.0	0.0	0.0	0.0	3.0	5.0	6.0	0.0	0.0	19.0	0.0	19.0	7.0	2.0	0.0	0.0	0.0	21.0	0.0	0.0	8.0	0.0	0.0	0.0	0.0	0.0	0.0	3.0	0.0	0.0	0.0	0.0	0.0	18.0	17.0	0.0	16.0	0.0	7.0	0.0	0.0	0.0	0.0	0.0
mch_A0A1V4TGA6_m02	0.0	79.0	0.0	0.0	142.0	4.0	0.0	1.0	4.0	0.0	101.0	0.0	0.0	3.0	1.0	6.0	111.0	0.0	23.0	62.0	0.0	0.0	3.0	0.0	0.0	1.0	0.0	0.0	0.0	4.0	4.0	6.0	0.0	0.0	92.0	0.0	0.0	1.0	0.0	1.0	1.0	13.0	0.0	1.0	2.0	0.0	0.0	0.0	0.0	77.0	0.0	0.0	0.0	0.0	3.0	1.0	7.0	3.0	5.0	0.0	59.0	0.0	4.0	81.0
mch_A0A1V4Z0H6_m02	0.0	3.0	12.0	7.0	10.0	0.0	16.0	15.0	34.0	2.0	3.0	7.0	2.0	6.0	7.0	64.0	5.0	0.0	44.0	9.0	0.0	5.0	178.0	0.0	0.0	5.0	5.0	3.0	2.0	15.0	95.0	78.0	12.0	0.0	2.0	10.0	5.0	17.0	1.0	86.0	39.0	121.0	2.0	1.0	9.0	2.0	0.0	0.0	1.0	10.0	2.0	3.0	0.0	5.0	5.0	2.0	42.0	41.0	9.0	67.0	6.0	5.0	62.0	10.0
mch_A0A1V4TGA6_m03	0.0	0.0	0.0	0.0	1.0	5.0	1.0	0.0	0.0	1.0	0.0	4.0	1.0	3.0	0.0	1.0	0.0	0.0	14.0	1.0	0.0	0.0	2.0	0.0	2.0	0.0	0.0	0.0	0.0	9.0	0.0	2.0	3.0	1.0	1.0	0.0	0.0	0.0	0.0	0.0	6.0	0.0	0.0	0.0	0.0	0.0	0.0	3.0	0.0	0.0	0.0	0.0	0.0	6.0	5.0	0.0	0.0	0.0	3.0	0.0	0.0	0.0	5.0	0.0
mch_A0A117MI43_m01	1.0	0.0	2.0	28.0	0.0	0.0	5.0	21.0	1.0	1.0	0.0	0.0	0.0	18.0	2.0	1.0	1.0	25.0	0.0	1.0	0.0	5.0	0.0	9.0	0.0	0.0	0.0	0.0	6.0	0.0	0.0	0.0	1.0	0.0	0.0	0.0	7.0	0.0	3.0	1.0	5.0	1.0	9.0	0.0	35.0	10.0	1.0	1.0	0.0	0.0	2.0	6.0	0.0	0.0	0.0	0.0	0.0	0.0	0.0	0.0	0.0	0.0	1.0	0.0
mch_A0A1V4TGA6_m04	0.0	0.0	0.0	0.0	0.0	12.0	0.0	1.0	0.0	1.0	0.0	14.0	4.0	0.0	0.0	0.0	1.0	0.0	52.0	0.0	0.0	0.0	0.0	0.0	5.0	3.0	2.0	0.0	0.0	20.0	0.0	12.0	10.0	2.0	0.0	0.0	0.0	14.0	0.0	0.0	13.0	0.0	0.0	0.0	0.0	0.0	0.0	2.0	0.0	0.0	0.0	0.0	0.0	5.0	14.0	0.0	14.0	0.0	7.0	0.0	0.0	0.0	0.0	0.0
mch_A0A1V4Z0H6_m03	0.0	0.0	0.0	0.0	0.0	15.0	0.0	0.0	0.0	0.0	0.0	2.0	1.0	1.0	0.0	0.0	0.0	0.0	34.0	1.0	0.0	0.0	0.0	0.0	0.0	10.0	0.0	0.0	0.0	43.0	0.0	15.0	0.0	17.0	0.0	0.0	0.0	19.0	0.0	0.0	0.0	0.0	0.0	0.0	0.0	0.0	0.0	0.0	0.0	0.0	0.0	0.0	0.0	0.0	7.0	0.0	10.0	0.0	8.0	0.0	0.0	0.0	0.0	0.0
mch_A0A1V4TGA6_m05	0.0	1962.0	0.0	3.0	3527.0	2.0	17.0	34.0	53.0	23.0	2583.0	6.0	0.0	60.0	20.0	121.0	2232.0	0.0	0.0	1330.0	7.0	3.0	36.0	1.0	0.0	0.0	0.0	0.0	0.0	11.0	126.0	38.0	0.0	0.0	2073.0	0.0	7.0	0.0	2.0	14.0	13.0	196.0	6.0	26.0	50.0	6.0	2.0	2.0	2.0	1750.0	0.0	2.0	2.0	2.0	0.0	4.0	16.0	36.0	0.0	38.0	1414.0	4.0	152.0	1766.0
mch_A0A1V4TGA6_m06	0.0	369.0	2.0	0.0	594.0	0.0	0.0	17.0	13.0	5.0	404.0	0.0	0.0	9.0	3.0	21.0	408.0	2.0	9.0	225.0	0.0	0.0	3.0	0.0	0.0	0.0	2.0	0.0	0.0	3.0	15.0	11.0	0.0	0.0	352.0	0.0	0.0	0.0	3.0	5.0	1.0	31.0	0.0	2.0	13.0	0.0	0.0	0.0	0.0	299.0	0.0	0.0	0.0	0.0	0.0	0.0	3.0	15.0	2.0	7.0	224.0	2.0	22.0	283.0
mch_A0A117MI43_m02	1.0	0.0	2.0	8.0	5.0	0.0	0.0	7.0	0.0	0.0	6.0	1.0	0.0	11.0	3.0	0.0	5.0	7.0	0.0	6.0	0.0	5.0	0.0	1.0	0.0	1.0	0.0	0.0	2.0	0.0	0.0	0.0	3.0	0.0	2.0	0.0	2.0	0.0	0.0	0.0	0.0	0.0	2.0	0.0	7.0	0.0	0.0	0.0	1.0	2.0	0.0	3.0	0.0	0.0	0.0	0.0	0.0	0.0	0.0	0.0	2.0	0.0	0.0	3.0
mch_A0A117MI43_m03	1.0	0.0	29.0	144.0	2.0	0.0	33.0	131.0	5.0	0.0	2.0	0.0	0.0	207.0	35.0	0.0	0.0	128.0	0.0	5.0	0.0	28.0	0.0	45.0	1.0	0.0	0.0	0.0	31.0	0.0	6.0	0.0	5.0	0.0	2.0	5.0	43.0	0.0	0.0	8.0	2.0	17.0	33.0	0.0	149.0	33.0	5.0	0.0	0.0	3.0	19.0	44.0	2.0	0.0	0.0	0.0	0.0	5.0	0.0	2.0	5.0	18.0	2.0	2.0
mch_A0A1V4YRJ1_m04	0.0	0.0	0.0	0.0	0.0	14.0	0.0	0.0	0.0	0.0	0.0	2.0	1.0	0.0	0.0	0.0	0.0	0.0	35.0	0.0	0.0	0.0	0.0	1.0	0.0	11.0	1.0	0.0	0.0	47.0	0.0	5.0	0.0	5.0	0.0	0.0	0.0	3.0	0.0	0.0	1.0	0.0	0.0	0.0	0.0	0.0	2.0	2.0	0.0	0.0	0.0	0.0	0.0	0.0	6.0	0.0	15.0	0.0	3.0	0.0	0.0	0.0	0.0	0.0
mch_A0A1V4TGA6_m07	0.0	54.0	0.0	0.0	98.0	6.0	1.0	3.0	1.0	0.0	59.0	0.0	0.0	2.0	2.0	1.0	55.0	0.0	5.0	38.0	0.0	0.0	0.0	0.0	0.0	0.0	0.0	0.0	0.0	4.0	1.0	0.0	0.0	0.0	56.0	0.0	0.0	2.0	0.0	0.0	0.0	4.0	1.0	0.0	1.0	0.0	0.0	0.0	0.0	55.0	0.0	0.0	0.0	0.0	6.0	0.0	2.0	4.0	3.0	1.0	38.0	0.0	2.0	44.0
mch_A0A117MI43_m04	0.0	0.0	8.0	68.0	0.0	0.0	10.0	46.0	0.0	1.0	0.0	0.0	0.0	64.0	10.0	0.0	1.0	54.0	0.0	2.0	3.0	16.0	0.0	12.0	2.0	0.0	0.0	1.0	18.0	0.0	0.0	0.0	3.0	0.0	0.0	9.0	32.0	1.0	0.0	5.0	2.0	6.0	2.0	0.0	61.0	10.0	3.0	1.0	0.0	0.0	8.0	12.0	0.0	0.0	0.0	0.0	0.0	2.0	0.0	1.0	0.0	9.0	0.0	0.0
mch_A0A1V4YRJ1_m05	0.0	2.0	0.0	0.0	0.0	3.0	2.0	7.0	11.0	0.0	7.0	0.0	0.0	1.0	0.0	34.0	3.0	0.0	18.0	0.0	1.0	2.0	73.0	0.0	0.0	6.0	2.0	2.0	0.0	14.0	33.0	35.0	0.0	2.0	0.0	3.0	2.0	10.0	0.0	46.0	16.0	68.0	0.0	0.0	3.0	5.0	0.0	0.0	2.0	2.0	0.0	1.0	2.0	0.0	10.0	0.0	18.0	12.0	14.0	29.0	3.0	1.0	26.0	2.0
mch_A0A117MI43_m05	0.0	0.0	0.0	7.0	0.0	0.0	5.0	8.0	0.0	0.0	0.0	2.0	0.0	9.0	0.0	0.0	0.0	3.0	0.0	0.0	0.0	2.0	0.0	1.0	0.0	1.0	0.0	0.0	2.0	0.0	0.0	0.0	0.0	0.0	0.0	1.0	5.0	0.0	0.0	0.0	2.0	0.0	1.0	0.0	9.0	3.0	0.0	0.0	2.0	0.0	3.0	2.0	0.0	0.0	0.0	0.0	0.0	0.0	0.0	0.0	0.0	0.0	0.0	0.0
mch_A0A117MI43_m06	0.0	0.0	7.0	49.0	0.0	1.0	5.0	43.0	0.0	2.0	0.0	0.0	0.0	55.0	3.0	2.0	0.0	46.0	0.0	0.0	1.0	7.0	0.0	11.0	0.0	0.0	0.0	0.0	8.0	0.0	0.0	0.0	2.0	1.0	0.0	5.0	6.0	0.0	2.0	0.0	1.0	11.0	5.0	0.0	53.0	19.0	0.0	0.0	2.0	0.0	5.0	5.0	0.0	0.0	0.0	0.0	0.0	0.0	0.0	0.0	0.0	2.0	1.0	0.0
mch_A0A117MI43_m07	1.0	0.0	19.0	161.0	3.0	0.0	21.0	130.0	8.0	2.0	3.0	0.0	0.0	187.0	41.0	1.0	0.0	127.0	0.0	0.0	0.0	24.0	2.0	33.0	0.0	0.0	0.0	3.0	17.0	0.0	0.0	0.0	1.0	0.0	1.0	7.0	34.0	0.0	0.0	1.0	6.0	24.0	33.0	2.0	147.0	61.0	2.0	2.0	3.0	1.0	15.0	51.0	0.0	0.0	0.0	2.0	0.0	0.0	0.0	5.0	2.0	12.0	2.0	0.0
mch_566002550_m02	0.0	0.0	0.0	0.0	0.0	230.0	0.0	0.0	0.0	0.0	0.0	548.0	138.0	0.0	0.0	0.0	0.0	0.0	1361.0	0.0	0.0	0.0	2.0	0.0	210.0	249.0	326.0	0.0	0.0	627.0	0.0	341.0	478.0	64.0	0.0	0.0	0.0	396.0	0.0	0.0	607.0	0.0	0.0	0.0	0.0	0.0	0.0	164.0	0.0	0.0	0.0	0.0	0.0	421.0	317.0	0.0	307.0	0.0	209.0	0.0	0.0	2.0	0.0	0.0
mch_566002550_m03	0.0	25.0	0.0	0.0	37.0	5.0	0.0	3.0	1.0	1.0	21.0	0.0	2.0	0.0	0.0	1.0	20.0	0.0	28.0	21.0	0.0	0.0	1.0	0.0	0.0	2.0	0.0	0.0	0.0	14.0	6.0	7.0	0.0	0.0	35.0	0.0	0.0	6.0	0.0	0.0	0.0	6.0	2.0	0.0	1.0	0.0	0.0	0.0	0.0	20.0	0.0	0.0	0.0	1.0	5.0	0.0	8.0	5.0	3.0	0.0	21.0	0.0	5.0	30.0
mch_566002550_m04	0.0	0.0	0.0	2.0	0.0	3.0	0.0	1.0	9.0	0.0	0.0	0.0	2.0	0.0	0.0	9.0	1.0	1.0	44.0	0.0	0.0	3.0	1.0	0.0	0.0	2.0	0.0	0.0	2.0	58.0	3.0	127.0	5.0	0.0	0.0	0.0	3.0	30.0	0.0	0.0	6.0	6.0	0.0	0.0	1.0	0.0	0.0	0.0	0.0	0.0	0.0	0.0	0.0	2.0	3.0	0.0	70.0	0.0	51.0	6.0	0.0	0.0	7.0	0.0
mch_A0A1V4TGA6_m08	0.0	48.0	0.0	0.0	93.0	1.0	0.0	1.0	3.0	1.0	55.0	2.0	0.0	1.0	0.0	9.0	47.0	0.0	2.0	28.0	0.0	1.0	0.0	0.0	0.0	0.0	1.0	0.0	0.0	2.0	2.0	1.0	0.0	0.0	48.0	0.0	1.0	3.0	0.0	1.0	0.0	9.0	0.0	0.0	1.0	1.0	0.0	0.0	0.0	30.0	0.0	0.0	0.0	2.0	0.0	1.0	0.0	0.0	0.0	0.0	43.0	0.0	7.0	49.0
