	ZB_1	ZB_2	ZB_3	ZB_4	ZB_5	ZB_6	ZB_7	ZB_8	ZB_9	ZB_10	ZB_11	ZB_12	ZB_13	ZB_14	ZB_15	ZB_16	ZB_17	ZB_18	ZB_19	ZB_20	ZB_21	ZB_22	ZB_23	ZB_24	ZB_25	ZB_26	ZB_27	ZB_28	ZB_29	ZB_30	ZB_31	ZB_32	ZB_33	ZB_34	ZB_35	ZB_36	ZB_37	ZB_38	ZB_39	ZB_40	ZB_41	ZB_42	ZB_43	ZB_44	ZB_45	ZB_46	ZB_47	ZB_48	ZB_49	ZB_50	ZB_51	ZB_52	ZB_53	ZB_54	ZB_55	ZB_56	ZB_57	ZB_58	ZB_59	ZB_60	ZB_61	ZB_62	ZB_63	ZB_64
mcrA_330506955	685.0	0.0	0.0	0.0	0.0	640.0	0.0	0.0	0.0	1222.0	7.0	744.0	490.0	0.0	0.0	0.0	5.0	2.0	407.0	0.0	783.0	0.0	0.0	0.0	426.0	792.0	420.0	897.0	0.0	490.0	0.0	67.0	112.0	914.0	1.0	5.0	0.0	37.0	891.0	0.0	81.0	3.0	0.0	1213.0	0.0	0.0	2661.0	1085.0	0.0	0.0	0.0	2.0	1018.0	141.0	525.0	861.0	38.0	5.0	127.0	0.0	0.0	0.0	1.0	0.0
mcrA_A0A0F7R7G9	342.0	0.0	3511.0	0.0	0.0	0.0	2957.0	0.0	6.0	284.0	0.0	37.0	0.0	0.0	0.0	90.0	3.0	0.0	0.0	3.0	89.0	0.0	0.0	510.0	92.0	0.0	18.0	500.0	0.0	0.0	9.0	0.0	67.0	0.0	3.0	2926.0	0.0	0.0	189.0	15.0	40.0	32.0	333.0	128.0	0.0	497.0	92.0	21.0	1507.0	0.0	1508.0	3073.0	272.0	28.0	0.0	280.0	0.0	6.0	0.0	3.0	0.0	0.0	17.0	0.0
mcrA_metn_BK008_03060	0.0	1459.0	0.0	2.0	2602.0	4.0	4.0	21.0	44.0	15.0	1853.0	0.0	0.0	23.0	16.0	56.0	1584.0	2.0	2.0	880.0	5.0	0.0	31.0	0.0	0.0	0.0	0.0	0.0	1.0	11.0	84.0	18.0	2.0	0.0	1511.0	0.0	5.0	2.0	1.0	13.0	6.0	156.0	0.0	3.0	23.0	0.0	0.0	0.0	0.0	1241.0	0.0	1.0	0.0	1.0	0.0	0.0	0.0	29.0	0.0	12.0	1094.0	0.0	75.0	974.0
mcrA_1220534.B655_0646	0.0	793.0	0.0	2.0	1310.0	1.0	4.0	19.0	46.0	10.0	1087.0	1.0	3.0	13.0	6.0	63.0	799.0	0.0	5.0	584.0	2.0	0.0	65.0	2.0	0.0	0.0	0.0	0.0	1.0	4.0	84.0	17.0	0.0	0.0	794.0	2.0	0.0	4.0	2.0	53.0	2.0	125.0	6.0	6.0	28.0	8.0	2.0	0.0	0.0	786.0	0.0	1.0	0.0	2.0	0.0	0.0	7.0	46.0	1.0	31.0	534.0	5.0	66.0	598.0
mcrA_386001204	221.0	1.0	2084.0	0.0	0.0	0.0	1953.0	0.0	0.0	166.0	1.0	19.0	0.0	0.0	0.0	111.0	1.0	0.0	0.0	0.0	60.0	0.0	4.0	296.0	67.0	0.0	6.0	334.0	0.0	0.0	6.0	0.0	41.0	0.0	0.0	1991.0	0.0	0.0	85.0	12.0	38.0	98.0	213.0	85.0	0.0	392.0	58.0	13.0	938.0	0.0	969.0	2084.0	156.0	20.0	0.0	164.0	0.0	28.0	0.0	0.0	0.0	0.0	17.0	0.0
mcrA_A0A1V4YF09	2.0	25.0	19.0	36.0	37.0	9.0	56.0	47.0	350.0	30.0	40.0	6.0	0.0	48.0	8.0	488.0	24.0	24.0	242.0	12.0	17.0	39.0	1010.0	9.0	3.0	12.0	5.0	21.0	10.0	158.0	719.0	511.0	50.0	5.0	19.0	59.0	38.0	63.0	0.0	874.0	199.0	772.0	21.0	20.0	40.0	2.0	0.0	0.0	31.0	22.0	13.0	65.0	1.0	20.0	13.0	3.0	353.0	235.0	100.0	445.0	27.0	23.0	550.0	11.0
mcrA_B6V097	0.0	36.0	29.0	36.0	31.0	4.0	47.0	45.0	425.0	22.0	72.0	11.0	0.0	22.0	0.0	533.0	45.0	36.0	207.0	54.0	27.0	18.0	1003.0	9.0	9.0	9.0	0.0	18.0	4.0	135.0	668.0	398.0	29.0	4.0	40.0	58.0	27.0	40.0	0.0	913.0	153.0	922.0	13.0	40.0	45.0	9.0	4.0	0.0	13.0	36.0	9.0	54.0	0.0	4.0	27.0	9.0	326.0	238.0	94.0	371.0	31.0	22.0	461.0	27.0
mcrA_G9BY98	2.0	3.0	100.0	806.0	4.0	0.0	178.0	745.0	32.0	8.0	14.0	0.0	2.0	912.0	190.0	26.0	2.0	618.0	0.0	2.0	0.0	145.0	14.0	198.0	4.0	0.0	0.0	10.0	140.0	1.0	13.0	0.0	22.0	0.0	8.0	50.0	186.0	0.0	11.0	23.0	22.0	86.0	137.0	5.0	723.0	212.0	4.0	2.0	24.0	11.0	38.0	188.0	4.0	4.0	0.0	0.0	0.0	11.0	0.0	9.0	7.0	47.0	20.0	5.0
mcrA_A0A1V5BGG6	0.0	5.0	2.0	9.0	10.0	36.0	0.0	21.0	840.0	0.0	8.0	2.0	3.0	12.0	133.0	3064.0	4.0	33.0	4.0	0.0	0.0	39.0	1245.0	0.0	2.0	11.0	0.0	16.0	33.0	19.0	1225.0	0.0	0.0	25.0	2.0	0.0	51.0	0.0	0.0	1240.0	84.0	2316.0	0.0	0.0	33.0	0.0	0.0	0.0	0.0	18.0	0.0	1.0	0.0	0.0	14.0	0.0	0.0	1117.0	1.0	458.0	6.0	8.0	2303.0	4.0
mcrA_B6V0I9	0.0	2411.0	0.0	0.0	4149.0	0.0	0.0	31.0	99.0	31.0	2910.0	2.0	0.0	27.0	4.0	115.0	2735.0	9.0	0.0	1442.0	9.0	4.0	36.0	0.0	0.0	0.0	0.0	0.0	4.0	4.0	151.0	36.0	9.0	0.0	2568.0	0.0	0.0	0.0	2.0	20.0	9.0	245.0	0.0	22.0	63.0	0.0	0.0	0.0	0.0	2022.0	0.0	0.0	0.0	0.0	4.0	9.0	18.0	49.0	0.0	9.0	1586.0	0.0	121.0	1595.0
mcrA_metn_BK008_03970	0.0	146.0	0.0	0.0	230.0	6.0	0.0	6.0	0.0	1.0	173.0	8.0	0.0	4.0	2.0	7.0	142.0	1.0	17.0	88.0	2.0	0.0	6.0	0.0	2.0	8.0	8.0	0.0	0.0	4.0	6.0	6.0	4.0	0.0	132.0	1.0	0.0	6.0	0.0	0.0	3.0	12.0	0.0	0.0	2.0	0.0	0.0	0.0	0.0	162.0	0.0	1.0	0.0	3.0	2.0	0.0	3.0	2.0	0.0	0.0	120.0	0.0	6.0	125.0
mcrA_mfc_BRM9_0935	0.0	99.0	0.0	0.0	168.0	0.0	0.0	2.0	2.0	0.0	136.0	8.0	6.0	1.0	2.0	4.0	105.0	0.0	10.0	64.0	0.0	0.0	0.0	0.0	0.0	0.0	4.0	0.0	0.0	9.0	6.0	6.0	16.0	2.0	105.0	0.0	0.0	3.0	0.0	0.0	25.0	3.0	0.0	0.0	1.0	0.0	0.0	4.0	0.0	96.0	0.0	0.0	0.0	21.0	2.0	0.0	4.0	6.0	1.0	0.0	67.0	4.0	2.0	52.0
mcrA_1220534.B655_1094	0.0	767.0	0.0	0.0	1217.0	0.0	1.0	6.0	20.0	1.0	840.0	0.0	0.0	5.0	1.0	29.0	703.0	1.0	0.0	467.0	0.0	2.0	20.0	0.0	0.0	4.0	0.0	0.0	2.0	5.0	40.0	2.0	4.0	0.0	744.0	0.0	0.0	0.0	0.0	6.0	0.0	63.0	1.0	3.0	5.0	0.0	0.0	0.0	0.0	635.0	0.0	0.0	0.0	2.0	2.0	0.0	0.0	5.0	0.0	3.0	461.0	0.0	33.0	481.0
mcrA_397780904	6.0	1770.0	22.0	14.0	3757.0	0.0	19.0	3.0	28.0	11.0	2570.0	0.0	0.0	5.0	0.0	39.0	2703.0	0.0	2.0	3282.0	0.0	8.0	20.0	7.0	2.0	0.0	0.0	12.0	4.0	4.0	24.0	11.0	16.0	0.0	2628.0	31.0	1.0	1.0	4.0	51.0	4.0	47.0	7.0	6.0	0.0	7.0	4.0	2.0	18.0	1461.0	21.0	47.0	6.0	3.0	0.0	5.0	6.0	16.0	1.0	24.0	706.0	1.0	23.0	1472.0
mcrA_435851807	0.0	0.0	0.0	0.0	0.0	39.0	0.0	0.0	0.0	0.0	0.0	4.0	29.0	0.0	0.0	0.0	0.0	0.0	65.0	0.0	0.0	0.0	0.0	0.0	5.0	38.0	6.0	0.0	0.0	59.0	0.0	4.0	2.0	39.0	0.0	0.0	0.0	4.0	0.0	0.0	0.0	0.0	0.0	0.0	0.0	0.0	0.0	9.0	0.0	0.0	0.0	0.0	0.0	0.0	42.0	0.0	10.0	0.0	15.0	0.0	0.0	0.0	0.0	0.0
mcrA_D2KZW3	0.0	873.0	0.0	9.0	1794.0	3.0	0.0	3.0	33.0	0.0	1302.0	0.0	0.0	6.0	0.0	45.0	1021.0	0.0	3.0	673.0	0.0	0.0	12.0	0.0	0.0	0.0	1.0	0.0	0.0	3.0	79.0	6.0	0.0	0.0	991.0	0.0	0.0	0.0	0.0	6.0	3.0	85.0	0.0	0.0	0.0	1.0	0.0	0.0	0.0	880.0	0.0	0.0	0.0	0.0	0.0	0.0	7.0	18.0	0.0	12.0	719.0	0.0	66.0	575.0
mcrA_mett_CIT01_03630	0.0	0.0	0.0	0.0	0.0	11.0	0.0	0.0	4.0	0.0	0.0	3.0	0.0	1.0	0.0	4.0	2.0	0.0	40.0	0.0	0.0	2.0	8.0	0.0	1.0	8.0	0.0	0.0	0.0	40.0	7.0	13.0	0.0	16.0	0.0	0.0	0.0	15.0	0.0	12.0	1.0	1.0	0.0	0.0	0.0	0.0	0.0	0.0	0.0	0.0	0.0	0.0	0.0	0.0	16.0	0.0	19.0	2.0	5.0	4.0	0.0	0.0	9.0	0.0
mcrA_333988259	0.0	344.0	0.0	1.0	585.0	221.0	0.0	7.0	13.0	0.0	493.0	416.0	121.0	6.0	2.0	24.0	375.0	0.0	1477.0	219.0	3.0	0.0	10.0	0.0	219.0	293.0	341.0	0.0	0.0	754.0	20.0	432.0	466.0	102.0	356.0	0.0	1.0	408.0	0.0	4.0	559.0	39.0	0.0	7.0	4.0	1.0	0.0	143.0	0.0	352.0	0.0	0.0	0.0	377.0	336.0	0.0	406.0	9.0	267.0	3.0	235.0	0.0	17.0	200.0
mcrA_566003679	2.0	175.0	0.0	0.0	353.0	173.0	0.0	3.0	7.0	0.0	255.0	372.0	104.0	2.0	2.0	16.0	225.0	0.0	1154.0	151.0	0.0	0.0	6.0	0.0	176.0	198.0	242.0	0.0	0.0	488.0	25.0	320.0	409.0	52.0	203.0	0.0	0.0	274.0	0.0	0.0	441.0	22.0	0.0	0.0	2.0	0.0	0.0	127.0	0.0	157.0	0.0	0.0	0.0	318.0	234.0	0.0	267.0	4.0	168.0	3.0	159.0	2.0	5.0	143.0
mcrA_mema_MMAB1_1952	9.0	1349.0	20.0	6.0	2768.0	0.0	24.0	2.0	24.0	6.0	1939.0	2.0	0.0	2.0	0.0	44.0	2023.0	0.0	0.0	2540.0	0.0	3.0	21.0	8.0	8.0	0.0	2.0	7.0	1.0	2.0	23.0	0.0	10.0	0.0	1871.0	43.0	2.0	4.0	3.0	19.0	10.0	21.0	16.0	3.0	4.0	6.0	0.0	0.0	42.0	1054.0	6.0	19.0	5.0	0.0	1.0	3.0	10.0	16.0	0.0	10.0	575.0	2.0	37.0	1106.0
mcrA_mfz_AOB57_007335	0.0	0.0	393.0	0.0	0.0	0.0	2137.0	0.0	0.0	1.0	0.0	0.0	0.0	2.0	0.0	0.0	0.0	0.0	293.0	0.0	0.0	0.0	0.0	7651.0	2.0	0.0	0.0	0.0	0.0	3616.0	0.0	2392.0	2.0	0.0	0.0	340.0	0.0	2572.0	0.0	0.0	2.0	0.0	13598.0	0.0	0.0	9659.0	0.0	0.0	194.0	0.0	249.0	1236.0	0.0	0.0	0.0	0.0	2010.0	0.0	598.0	0.0	0.0	0.0	2.0	0.0
mcrA_B2ZC34	4.0	956.0	9.0	0.0	1893.0	4.0	4.0	0.0	13.0	0.0	1252.0	7.0	4.0	4.0	0.0	13.0	1361.0	0.0	0.0	1515.0	0.0	0.0	22.0	0.0	0.0	0.0	0.0	0.0	0.0	2.0	26.0	4.0	9.0	0.0	1239.0	18.0	0.0	0.0	4.0	31.0	4.0	26.0	0.0	0.0	0.0	0.0	0.0	0.0	18.0	622.0	9.0	7.0	0.0	4.0	0.0	0.0	9.0	18.0	0.0	4.0	250.0	0.0	7.0	784.0
mcrA_B6V0J3	0.0	31.0	0.0	0.0	61.0	0.0	4.0	0.0	0.0	0.0	674.0	0.0	0.0	0.0	0.0	0.0	46.0	0.0	0.0	35.0	0.0	0.0	0.0	0.0	0.0	0.0	0.0	0.0	0.0	0.0	0.0	0.0	0.0	0.0	83.0	4.0	0.0	0.0	0.0	0.0	0.0	0.0	9.0	0.0	0.0	7.0	0.0	0.0	0.0	440.0	0.0	0.0	0.0	0.0	0.0	0.0	0.0	4.0	0.0	0.0	514.0	0.0	2.0	26.0
mcrA_509155599	0.0	371.0	0.0	0.0	299.0	0.0	0.0	0.0	0.0	0.0	314.0	0.0	0.0	127.0	66.0	0.0	175.0	0.0	2.0	184.0	0.0	0.0	0.0	0.0	0.0	0.0	0.0	0.0	1.0	2.0	0.0	0.0	0.0	0.0	233.0	0.0	0.0	1.0	0.0	0.0	0.0	0.0	0.0	0.0	496.0	0.0	0.0	0.0	0.0	140.0	0.0	0.0	0.0	0.0	0.0	0.0	0.0	0.0	0.0	0.0	27.0	0.0	0.0	127.0
mcrA_566003810	0.0	1.0	1.0	0.0	0.0	9.0	0.0	0.0	85.0	0.0	0.0	3.0	2.0	0.0	0.0	64.0	0.0	0.0	42.0	0.0	0.0	0.0	151.0	0.0	4.0	6.0	2.0	2.0	0.0	10.0	89.0	11.0	2.0	0.0	0.0	2.0	0.0	0.0	0.0	155.0	8.0	127.0	2.0	0.0	2.0	2.0	0.0	2.0	2.0	5.0	0.0	2.0	0.0	2.0	6.0	0.0	8.0	42.0	8.0	75.0	0.0	0.0	96.0	0.0
mcrA_B6V0F2	4.0	622.0	4.0	0.0	1313.0	0.0	22.0	0.0	9.0	0.0	985.0	0.0	0.0	0.0	0.0	4.0	1110.0	0.0	0.0	1175.0	0.0	0.0	13.0	4.0	0.0	0.0	0.0	4.0	0.0	0.0	0.0	4.0	4.0	0.0	773.0	33.0	0.0	0.0	4.0	13.0	0.0	13.0	0.0	0.0	0.0	4.0	0.0	0.0	13.0	538.0	0.0	0.0	9.0	0.0	0.0	0.0	0.0	4.0	0.0	4.0	230.0	0.0	7.0	512.0
mcrA_B6V0J5	0.0	101.0	0.0	0.0	223.0	0.0	0.0	0.0	0.0	0.0	195.0	0.0	4.0	0.0	0.0	4.0	177.0	0.0	0.0	239.0	0.0	0.0	9.0	0.0	0.0	0.0	0.0	0.0	0.0	0.0	0.0	0.0	0.0	0.0	166.0	2.0	0.0	0.0	0.0	0.0	4.0	0.0	4.0	0.0	0.0	0.0	0.0	0.0	4.0	50.0	0.0	4.0	4.0	0.0	0.0	0.0	0.0	4.0	0.0	9.0	63.0	0.0	0.0	74.0
mcrA_meto_CIT02_08450	0.0	0.0	0.0	0.0	0.0	6.0	0.0	0.0	0.0	0.0	0.0	47.0	12.0	0.0	0.0	0.0	0.0	0.0	47.0	0.0	0.0	0.0	0.0	0.0	20.0	3.0	30.0	0.0	0.0	20.0	0.0	15.0	43.0	1.0	0.0	0.0	0.0	6.0	0.0	0.0	26.0	0.0	0.0	0.0	0.0	0.0	0.0	12.0	0.0	0.0	0.0	2.0	0.0	27.0	21.0	0.0	9.0	0.0	8.0	0.0	0.0	0.0	0.0	0.0
mcrA_126178563	2.0	5.0	1.0	3.0	7.0	1.0	1.0	11.0	0.0	0.0	146.0	1.0	0.0	19.0	5.0	5.0	9.0	10.0	2.0	14.0	0.0	0.0	0.0	0.0	0.0	0.0	0.0	0.0	2.0	4.0	2.0	0.0	4.0	1.0	31.0	3.0	2.0	0.0	2.0	2.0	2.0	2.0	5.0	0.0	24.0	0.0	0.0	3.0	0.0	116.0	0.0	1.0	0.0	1.0	2.0	0.0	0.0	0.0	2.0	2.0	116.0	1.0	2.0	5.0
mcrA_126178328	0.0	37.0	4.0	0.0	94.0	3.0	8.0	0.0	0.0	0.0	70.0	8.0	0.0	4.0	0.0	4.0	48.0	1.0	2.0	52.0	1.0	2.0	4.0	4.0	22.0	0.0	3.0	0.0	0.0	6.0	2.0	0.0	35.0	0.0	58.0	9.0	2.0	0.0	0.0	0.0	17.0	15.0	4.0	0.0	0.0	1.0	0.0	0.0	8.0	55.0	4.0	4.0	0.0	7.0	1.0	0.0	2.0	4.0	4.0	0.0	12.0	1.0	8.0	26.0
mcrA_H7CHX8	0.0	48.0	3.0	0.0	21.0	0.0	0.0	0.0	0.0	0.0	494.0	0.0	0.0	3.0	0.0	0.0	41.0	0.0	0.0	45.0	0.0	0.0	0.0	0.0	3.0	0.0	0.0	0.0	0.0	1.0	3.0	0.0	3.0	0.0	117.0	6.0	0.0	0.0	0.0	0.0	3.0	0.0	0.0	0.0	0.0	0.0	3.0	3.0	6.0	413.0	4.0	3.0	0.0	0.0	0.0	0.0	0.0	0.0	3.0	0.0	374.0	0.0	1.0	15.0
mcrA_325958111	0.0	7.0	0.0	0.0	6.0	1.0	0.0	0.0	0.0	0.0	4.0	0.0	0.0	0.0	0.0	3.0	6.0	0.0	6.0	3.0	0.0	0.0	0.0	0.0	0.0	2.0	0.0	0.0	0.0	3.0	0.0	0.0	0.0	0.0	7.0	0.0	0.0	4.0	2.0	0.0	0.0	3.0	0.0	0.0	0.0	0.0	0.0	0.0	0.0	7.0	1.0	0.0	0.0	0.0	1.0	0.0	1.0	0.0	1.0	0.0	3.0	0.0	0.0	9.0
mcrA_B6V094	0.0	0.0	88.0	4.0	0.0	0.0	302.0	13.0	0.0	0.0	7.0	0.0	0.0	40.0	0.0	0.0	0.0	7.0	1034.0	0.0	0.0	9.0	0.0	60.0	35.0	0.0	0.0	0.0	0.0	4.0	0.0	44.0	104.0	4.0	0.0	26.0	4.0	260.0	0.0	0.0	150.0	0.0	64.0	0.0	9.0	165.0	0.0	0.0	4.0	0.0	49.0	232.0	0.0	99.0	31.0	0.0	139.0	0.0	183.0	0.0	0.0	4.0	0.0	0.0
mcrA_A0A1L5JRX4	1.0	0.0	7.0	1.0	1.0	0.0	9.0	4.0	2.0	0.0	4.0	3.0	0.0	13.0	7.0	8.0	3.0	2.0	0.0	4.0	2.0	2.0	0.0	2.0	12.0	2.0	0.0	0.0	4.0	2.0	5.0	0.0	15.0	0.0	1.0	7.0	0.0	0.0	0.0	0.0	19.0	0.0	8.0	0.0	21.0	2.0	0.0	2.0	8.0	1.0	2.0	17.0	0.0	9.0	0.0	0.0	0.0	1.0	1.0	0.0	0.0	2.0	0.0	0.0
mcrA_D2KZX1	0.0	0.0	0.0	0.0	0.0	5.0	0.0	0.0	0.0	0.0	0.0	3.0	0.0	0.0	0.0	0.0	0.0	0.0	12.0	0.0	0.0	0.0	0.0	0.0	0.0	0.0	0.0	0.0	0.0	24.0	0.0	9.0	9.0	3.0	0.0	0.0	0.0	9.0	0.0	0.0	17.0	0.0	0.0	0.0	0.0	0.0	0.0	3.0	0.0	0.0	0.0	0.0	0.0	6.0	9.0	0.0	15.0	0.0	9.0	0.0	0.0	0.0	0.0	0.0
mcrA_WP_067049872.1	1.0	78.0	0.0	0.0	173.0	10.0	2.0	0.0	1.0	0.0	148.0	2.0	0.0	0.0	0.0	0.0	135.0	0.0	15.0	139.0	0.0	0.0	2.0	0.0	2.0	14.0	0.0	1.0	0.0	2.0	0.0	4.0	0.0	10.0	122.0	4.0	0.0	0.0	0.0	2.0	0.0	2.0	0.0	0.0	3.0	0.0	1.0	0.0	2.0	63.0	0.0	4.0	0.0	4.0	8.0	0.0	4.0	0.0	2.0	0.0	34.0	0.0	0.0	98.0
mcrA_B6V0K5	0.0	2.0	2.0	2.0	7.0	0.0	4.0	0.0	0.0	0.0	11.0	0.0	0.0	0.0	0.0	2.0	4.0	0.0	0.0	2.0	0.0	4.0	0.0	0.0	0.0	0.0	0.0	0.0	0.0	0.0	4.0	0.0	0.0	0.0	22.0	0.0	0.0	0.0	0.0	0.0	0.0	4.0	0.0	0.0	0.0	0.0	0.0	0.0	0.0	0.0	0.0	0.0	0.0	0.0	0.0	0.0	0.0	0.0	2.0	4.0	0.0	0.0	0.0	4.0
mcrA_A0A1L5JRX5	0.0	15.0	0.0	0.0	19.0	30.0	2.0	0.0	0.0	0.0	437.0	0.0	0.0	0.0	0.0	2.0	10.0	0.0	6.0	35.0	0.0	0.0	0.0	0.0	0.0	61.0	0.0	0.0	0.0	4.0	0.0	4.0	0.0	35.0	70.0	2.0	0.0	3.0	0.0	0.0	0.0	0.0	0.0	0.0	0.0	0.0	0.0	4.0	3.0	335.0	2.0	2.0	0.0	0.0	13.0	0.0	0.0	0.0	0.0	0.0	321.0	0.0	0.0	6.0
mcrA_WP_004037742.1	1.0	0.0	0.0	1.0	0.0	534.0	0.0	0.0	0.0	0.0	0.0	10.0	82.0	0.0	0.0	0.0	0.0	0.0	163.0	0.0	0.0	0.0	0.0	0.0	5.0	895.0	12.0	0.0	0.0	65.0	0.0	6.0	2.0	556.0	0.0	0.0	0.0	29.0	0.0	0.0	0.0	0.0	0.0	0.0	0.0	0.0	0.0	34.0	0.0	0.0	0.0	0.0	0.0	1.0	143.0	2.0	18.0	0.0	10.0	0.0	0.0	0.0	0.0	0.0
mcrA_A0A1L5JRX2	0.0	80.0	12.0	0.0	186.0	57.0	2.0	0.0	1.0	0.0	155.0	1.0	6.0	0.0	0.0	1.0	152.0	0.0	14.0	172.0	0.0	0.0	0.0	3.0	0.0	168.0	4.0	2.0	0.0	7.0	1.0	1.0	0.0	69.0	133.0	6.0	0.0	1.0	0.0	0.0	1.0	3.0	3.0	0.0	0.0	4.0	0.0	5.0	2.0	71.0	2.0	5.0	3.0	0.0	20.0	0.0	2.0	0.0	4.0	0.0	48.0	0.0	0.0	56.0
mcrA_84489142	0.0	22.0	0.0	0.0	20.0	0.0	0.0	0.0	0.0	0.0	11.0	0.0	0.0	0.0	0.0	0.0	28.0	0.0	0.0	20.0	0.0	0.0	0.0	0.0	0.0	0.0	0.0	0.0	0.0	0.0	0.0	0.0	0.0	0.0	0.0	0.0	0.0	0.0	0.0	0.0	0.0	0.0	0.0	0.0	0.0	0.0	0.0	0.0	0.0	3.0	0.0	0.0	0.0	1.0	0.0	0.0	0.0	0.0	0.0	0.0	0.0	0.0	0.0	24.0
mcrA_A0A1V4Z1G3	0.0	0.0	0.0	0.0	0.0	36.0	0.0	0.0	0.0	0.0	0.0	36.0	47.0	0.0	0.0	0.0	0.0	0.0	5.0	0.0	0.0	0.0	0.0	0.0	20.0	49.0	37.0	0.0	0.0	47.0	0.0	6.0	2.0	58.0	0.0	0.0	1.0	3.0	0.0	0.0	7.0	0.0	0.0	0.0	0.0	0.0	0.0	43.0	0.0	0.0	0.0	0.0	0.0	29.0	18.0	0.0	4.0	0.0	0.0	0.0	0.0	0.0	0.0	0.0
mcrA_WP_130645565.1	0.0	0.0	0.0	0.0	0.0	52.0	0.0	0.0	0.0	0.0	0.0	0.0	6.0	0.0	0.0	0.0	0.0	0.0	36.0	0.0	0.0	0.0	0.0	0.0	0.0	115.0	0.0	0.0	0.0	25.0	0.0	4.0	0.0	105.0	0.0	0.0	0.0	10.0	0.0	0.0	0.0	0.0	0.0	0.0	0.0	0.0	0.0	0.0	2.0	0.0	0.0	0.0	0.0	0.0	19.0	0.0	3.0	0.0	10.0	0.0	0.0	0.0	0.0	0.0
mcrA_WP_130646241.1	0.0	92.0	0.0	0.0	220.0	124.0	0.0	0.0	4.0	0.0	129.0	0.0	0.0	0.0	0.0	4.0	143.0	2.0	45.0	155.0	0.0	0.0	0.0	0.0	0.0	135.0	0.0	0.0	0.0	34.0	2.0	1.0	2.0	138.0	129.0	1.0	0.0	1.0	2.0	3.0	0.0	0.0	0.0	0.0	0.0	2.0	0.0	0.0	2.0	58.0	0.0	0.0	2.0	0.0	32.0	0.0	4.0	0.0	2.0	0.0	32.0	0.0	0.0	81.0
mcrA_Q49C02	0.0	0.0	0.0	0.0	0.0	144.0	0.0	0.0	0.0	0.0	0.0	381.0	69.0	0.0	0.0	0.0	2.0	0.0	1103.0	0.0	0.0	0.0	0.0	0.0	196.0	175.0	249.0	0.0	0.0	455.0	0.0	235.0	330.0	38.0	0.0	0.0	5.0	249.0	0.0	0.0	383.0	0.0	5.0	0.0	5.0	0.0	5.0	86.0	0.0	0.0	0.0	0.0	0.0	309.0	239.0	0.0	280.0	0.0	179.0	0.0	0.0	0.0	0.0	0.0
mcrA_WP_109941049.1	0.0	0.0	2.0	1.0	0.0	9.0	1.0	0.0	0.0	0.0	0.0	8.0	2.0	0.0	0.0	0.0	0.0	3.0	0.0	0.0	0.0	1.0	0.0	0.0	2.0	2.0	0.0	2.0	3.0	3.0	0.0	0.0	0.0	0.0	0.0	0.0	4.0	0.0	1.0	0.0	3.0	0.0	3.0	0.0	0.0	0.0	2.0	2.0	0.0	0.0	0.0	0.0	3.0	0.0	7.0	0.0	0.0	0.0	0.0	0.0	0.0	1.0	0.0	0.0
mcrA_A0A0G2YQQ9	0.0	0.0	0.0	0.0	0.0	9.0	0.0	0.0	0.0	0.0	0.0	70.0	52.0	0.0	0.0	0.0	0.0	0.0	90.0	0.0	0.0	0.0	0.0	0.0	29.0	32.0	45.0	0.0	0.0	56.0	0.0	5.0	25.0	9.0	0.0	0.0	0.0	23.0	0.0	0.0	36.0	0.0	0.0	0.0	0.0	0.0	0.0	9.0	0.0	0.0	0.0	0.0	0.0	20.0	5.0	0.0	20.0	0.0	5.0	0.0	0.0	0.0	0.0	0.0
mcrA_H6WQT3	0.0	0.0	0.0	0.0	0.0	5.0	0.0	0.0	0.0	0.0	0.0	0.0	0.0	0.0	0.0	0.0	0.0	0.0	36.0	0.0	0.0	0.0	0.0	0.0	0.0	7.0	0.0	0.0	0.0	20.0	0.0	38.0	0.0	0.0	0.0	0.0	0.0	5.0	0.0	0.0	5.0	0.0	0.0	0.0	0.0	0.0	0.0	0.0	0.0	0.0	0.0	0.0	0.0	0.0	11.0	0.0	14.0	0.0	5.0	0.0	0.0	0.0	0.0	0.0
mcrA_A0A1V5BBH9	1.0	0.0	0.0	0.0	0.0	110.0	0.0	0.0	0.0	0.0	1.0	14.0	5.0	0.0	0.0	0.0	1.0	0.0	4.0	0.0	0.0	0.0	0.0	0.0	3.0	63.0	3.0	0.0	0.0	86.0	0.0	0.0	0.0	170.0	0.0	0.0	0.0	0.0	0.0	0.0	0.0	0.0	0.0	0.0	0.0	0.0	0.0	2.0	0.0	0.0	0.0	0.0	0.0	2.0	5.0	0.0	0.0	0.0	1.0	0.0	0.0	0.0	0.0	0.0
mcrA_Q49BZ9	0.0	0.0	0.0	0.0	0.0	31.0	0.0	0.0	0.0	0.0	0.0	110.0	24.0	0.0	0.0	0.0	0.0	0.0	199.0	0.0	0.0	0.0	0.0	0.0	57.0	38.0	74.0	0.0	0.0	67.0	0.0	48.0	67.0	0.0	0.0	0.0	0.0	67.0	0.0	0.0	86.0	0.0	0.0	0.0	0.0	0.0	0.0	19.0	0.0	0.0	0.0	0.0	0.0	72.0	17.0	0.0	22.0	0.0	41.0	0.0	0.0	5.0	0.0	0.0
mcrA_A0A1V4YLS9	0.0	0.0	0.0	0.0	0.0	0.0	0.0	0.0	0.0	4.0	1.0	4.0	0.0	0.0	0.0	0.0	1.0	0.0	10.0	1.0	4.0	0.0	0.0	0.0	3.0	4.0	5.0	2.0	0.0	12.0	0.0	0.0	4.0	6.0	0.0	0.0	2.0	2.0	5.0	0.0	9.0	0.0	0.0	14.0	2.0	0.0	2.0	6.0	0.0	0.0	0.0	0.0	10.0	3.0	0.0	4.0	2.0	0.0	4.0	0.0	0.0	0.0	0.0	0.0
mcrA_B6V0A5	0.0	0.0	2.0	0.0	0.0	2.0	0.0	0.0	0.0	0.0	0.0	9.0	0.0	0.0	0.0	0.0	0.0	4.0	0.0	0.0	0.0	4.0	0.0	0.0	0.0	0.0	0.0	0.0	0.0	9.0	0.0	0.0	0.0	0.0	0.0	4.0	0.0	0.0	0.0	0.0	0.0	0.0	0.0	0.0	0.0	0.0	4.0	9.0	0.0	0.0	0.0	0.0	4.0	0.0	4.0	0.0	0.0	0.0	0.0	0.0	0.0	4.0	0.0	0.0
mcrA_B6V0H7	0.0	0.0	0.0	0.0	0.0	0.0	0.0	0.0	0.0	0.0	0.0	18.0	0.0	0.0	0.0	0.0	0.0	0.0	4.0	0.0	0.0	0.0	0.0	0.0	4.0	0.0	9.0	0.0	0.0	0.0	0.0	0.0	13.0	0.0	2.0	0.0	0.0	0.0	0.0	0.0	22.0	0.0	0.0	0.0	0.0	0.0	0.0	0.0	0.0	0.0	0.0	0.0	0.0	13.0	4.0	0.0	0.0	0.0	0.0	0.0	0.0	0.0	0.0	0.0
mcrA_D6NIV6	0.0	0.0	0.0	0.0	0.0	183.0	0.0	0.0	0.0	0.0	0.0	14.0	71.0	0.0	0.0	0.0	0.0	0.0	100.0	0.0	0.0	0.0	0.0	0.0	14.0	673.0	14.0	0.0	0.0	128.0	0.0	5.0	0.0	231.0	0.0	0.0	0.0	14.0	0.0	0.0	0.0	0.0	0.0	0.0	0.0	0.0	0.0	10.0	0.0	0.0	0.0	0.0	0.0	2.0	166.0	0.0	0.0	0.0	10.0	0.0	0.0	0.0	0.0	0.0
mcrA_A0A0G2YII7	0.0	0.0	0.0	0.0	0.0	0.0	0.0	0.0	0.0	0.0	0.0	0.0	0.0	0.0	0.0	0.0	0.0	0.0	18.0	0.0	0.0	0.0	0.0	0.0	0.0	14.0	0.0	0.0	0.0	23.0	0.0	0.0	0.0	9.0	0.0	0.0	0.0	2.0	0.0	0.0	0.0	0.0	0.0	0.0	0.0	0.0	0.0	0.0	0.0	0.0	0.0	0.0	0.0	0.0	0.0	0.0	18.0	0.0	9.0	0.0	0.0	0.0	0.0	0.0
mcrA_A0A1V4ZCB1	0.0	0.0	0.0	3.0	0.0	0.0	0.0	4.0	0.0	0.0	0.0	2.0	0.0	4.0	0.0	0.0	0.0	1.0	48.0	0.0	0.0	1.0	0.0	0.0	0.0	0.0	0.0	0.0	0.0	105.0	0.0	175.0	7.0	0.0	0.0	0.0	1.0	114.0	0.0	0.0	16.0	1.0	2.0	0.0	0.0	0.0	0.0	0.0	0.0	0.0	0.0	2.0	0.0	0.0	0.0	0.0	159.0	1.0	150.0	3.0	0.0	1.0	0.0	1.0
mcrA_A0A150JDI7	0.0	0.0	0.0	0.0	0.0	0.0	0.0	0.0	0.0	0.0	0.0	1.0	1.0	0.0	0.0	1.0	0.0	0.0	0.0	0.0	0.0	0.0	1.0	0.0	0.0	4.0	0.0	0.0	0.0	7.0	23.0	2.0	0.0	0.0	0.0	0.0	0.0	0.0	0.0	0.0	0.0	2.0	0.0	0.0	0.0	0.0	0.0	0.0	0.0	0.0	0.0	0.0	0.0	0.0	0.0	0.0	0.0	0.0	0.0	0.0	0.0	0.0	6.0	0.0
mcrA_Q49C08	0.0	0.0	0.0	0.0	0.0	5.0	0.0	0.0	0.0	0.0	0.0	5.0	24.0	0.0	0.0	0.0	0.0	0.0	65.0	0.0	0.0	0.0	0.0	0.0	0.0	5.0	0.0	0.0	0.0	24.0	0.0	19.0	10.0	5.0	0.0	0.0	0.0	0.0	0.0	0.0	0.0	0.0	0.0	0.0	0.0	0.0	0.0	0.0	0.0	0.0	0.0	0.0	0.0	10.0	14.0	0.0	5.0	0.0	0.0	0.0	0.0	0.0	0.0	0.0
mcrA_Q49BZ8	0.0	0.0	0.0	0.0	0.0	12.0	0.0	0.0	0.0	2.0	0.0	5.0	10.0	0.0	0.0	0.0	2.0	0.0	50.0	0.0	0.0	0.0	0.0	0.0	5.0	0.0	10.0	0.0	0.0	17.0	0.0	14.0	19.0	0.0	0.0	0.0	0.0	14.0	0.0	0.0	24.0	0.0	0.0	0.0	0.0	0.0	0.0	12.0	0.0	0.0	0.0	0.0	0.0	14.0	10.0	0.0	5.0	0.0	10.0	0.0	0.0	0.0	0.0	0.0
mcrA_E1ANS5	0.0	0.0	2.0	0.0	0.0	182.0	0.0	0.0	0.0	0.0	0.0	306.0	106.0	0.0	0.0	3.0	2.0	3.0	1437.0	0.0	0.0	0.0	3.0	0.0	176.0	211.0	220.0	0.0	0.0	585.0	0.0	424.0	386.0	64.0	0.0	0.0	0.0	388.0	0.0	0.0	448.0	0.0	3.0	0.0	0.0	0.0	0.0	133.0	0.0	0.0	0.0	0.0	0.0	315.0	326.0	0.0	356.0	0.0	247.0	0.0	0.0	0.0	0.0	0.0
mcrA_WP_067052907.1	0.0	0.0	0.0	0.0	0.0	90.0	0.0	0.0	0.0	0.0	0.0	1.0	11.0	0.0	0.0	0.0	2.0	0.0	65.0	1.0	0.0	0.0	0.0	0.0	4.0	225.0	0.0	0.0	0.0	56.0	0.0	11.0	0.0	123.0	0.0	0.0	0.0	6.0	0.0	0.0	0.0	0.0	0.0	0.0	0.0	0.0	0.0	0.0	0.0	0.0	0.0	0.0	0.0	0.0	40.0	0.0	15.0	0.0	5.0	0.0	0.0	0.0	0.0	0.0
mcrA_452209825	0.0	0.0	34.0	0.0	0.0	3.0	112.0	4.0	0.0	0.0	0.0	2.0	1.0	8.0	1.0	0.0	0.0	3.0	240.0	0.0	0.0	0.0	0.0	8.0	46.0	5.0	3.0	0.0	0.0	15.0	0.0	11.0	246.0	14.0	0.0	78.0	4.0	123.0	0.0	0.0	303.0	0.0	32.0	0.0	4.0	41.0	0.0	1.0	36.0	0.0	57.0	133.0	0.0	179.0	23.0	0.0	34.0	0.0	68.0	0.0	0.0	1.0	0.0	0.0
mcrA_B2ZC16	0.0	2.0	0.0	0.0	0.0	4.0	0.0	0.0	0.0	0.0	0.0	7.0	0.0	0.0	0.0	0.0	0.0	0.0	0.0	0.0	0.0	0.0	0.0	0.0	0.0	0.0	0.0	0.0	0.0	0.0	9.0	0.0	0.0	4.0	0.0	0.0	0.0	0.0	0.0	0.0	0.0	0.0	0.0	0.0	0.0	0.0	0.0	13.0	0.0	0.0	0.0	0.0	0.0	0.0	0.0	0.0	0.0	4.0	0.0	0.0	0.0	0.0	9.0	0.0
mcrA_A0A1Q1PQP8	0.0	0.0	0.0	0.0	0.0	47.0	0.0	6.0	0.0	0.0	0.0	6.0	0.0	0.0	0.0	0.0	0.0	0.0	6.0	0.0	0.0	0.0	0.0	0.0	0.0	42.0	0.0	0.0	0.0	8.0	0.0	0.0	3.0	25.0	0.0	0.0	0.0	0.0	0.0	0.0	0.0	0.0	0.0	0.0	0.0	0.0	0.0	28.0	0.0	0.0	0.0	0.0	0.0	0.0	0.0	0.0	0.0	0.0	6.0	0.0	0.0	0.0	0.0	0.0
mcrA_Q49C00	0.0	0.0	0.0	0.0	0.0	12.0	0.0	0.0	0.0	0.0	0.0	5.0	19.0	0.0	0.0	0.0	0.0	0.0	14.0	0.0	0.0	0.0	0.0	0.0	0.0	5.0	12.0	0.0	0.0	19.0	0.0	0.0	0.0	5.0	0.0	0.0	0.0	5.0	0.0	0.0	0.0	0.0	0.0	0.0	0.0	0.0	0.0	0.0	0.0	0.0	0.0	0.0	0.0	2.0	0.0	0.0	0.0	0.0	5.0	0.0	0.0	0.0	0.0	0.0
mcrA_21227342	0.0	0.0	6.0	4.0	0.0	2.0	109.0	8.0	0.0	0.0	0.0	0.0	7.0	9.0	0.0	0.0	0.0	8.0	406.0	0.0	0.0	0.0	0.0	30.0	12.0	0.0	0.0	0.0	0.0	7.0	0.0	16.0	45.0	2.0	0.0	23.0	4.0	125.0	0.0	0.0	78.0	0.0	19.0	0.0	12.0	56.0	0.0	0.0	4.0	0.0	13.0	88.0	0.0	31.0	10.0	0.0	42.0	0.0	55.0	0.0	0.0	2.0	0.0	0.0
mcrA_mbak_MSBR3_2340	0.0	0.0	624.0	32.0	0.0	0.0	1069.0	26.0	0.0	0.0	2.0	0.0	2.0	41.0	2.0	0.0	0.0	22.0	1877.0	2.0	0.0	0.0	0.0	167.0	597.0	0.0	0.0	0.0	2.0	28.0	0.0	111.0	2908.0	0.0	0.0	1423.0	11.0	874.0	0.0	0.0	3998.0	0.0	187.0	0.0	44.0	334.0	0.0	0.0	749.0	0.0	574.0	1191.0	0.0	1678.0	42.0	0.0	380.0	0.0	655.0	0.0	0.0	4.0	0.0	0.0
mcrA_E0YQV3	0.0	0.0	0.0	0.0	0.0	542.0	0.0	0.0	0.0	0.0	0.0	5.0	77.0	0.0	0.0	0.0	2.0	0.0	172.0	0.0	0.0	0.0	0.0	0.0	0.0	1077.0	23.0	0.0	0.0	50.0	0.0	27.0	0.0	605.0	0.0	0.0	0.0	32.0	0.0	0.0	0.0	0.0	0.0	0.0	0.0	0.0	0.0	27.0	0.0	0.0	0.0	0.0	0.0	0.0	194.0	0.0	27.0	0.0	16.0	0.0	0.0	0.0	0.0	0.0
mcrA_WP_004039455.1	0.0	0.0	0.0	0.0	0.0	30.0	0.0	0.0	0.0	0.0	1.0	0.0	0.0	0.0	0.0	0.0	4.0	0.0	34.0	2.0	0.0	0.0	0.0	0.0	0.0	37.0	0.0	0.0	0.0	11.0	0.0	4.0	0.0	20.0	2.0	0.0	0.0	10.0	0.0	0.0	0.0	0.0	0.0	0.0	0.0	0.0	0.0	0.0	0.0	1.0	0.0	0.0	0.0	0.0	22.0	0.0	4.0	0.0	6.0	0.0	0.0	0.0	0.0	1.0
mcrA_B6V0I3	0.0	0.0	22.0	116.0	0.0	0.0	18.0	101.0	13.0	0.0	0.0	0.0	0.0	120.0	26.0	4.0	0.0	114.0	0.0	0.0	0.0	18.0	4.0	18.0	0.0	0.0	0.0	13.0	22.0	0.0	9.0	4.0	0.0	0.0	0.0	18.0	26.0	0.0	4.0	0.0	4.0	4.0	31.0	0.0	151.0	18.0	0.0	0.0	0.0	4.0	4.0	44.0	0.0	0.0	0.0	4.0	0.0	0.0	0.0	13.0	0.0	22.0	0.0	4.0
mcrA_B2ZC15	0.0	0.0	0.0	4.0	0.0	0.0	9.0	11.0	0.0	0.0	0.0	0.0	0.0	0.0	0.0	4.0	4.0	9.0	0.0	0.0	0.0	0.0	4.0	0.0	0.0	0.0	0.0	0.0	4.0	2.0	0.0	0.0	4.0	0.0	0.0	0.0	2.0	0.0	0.0	0.0	13.0	4.0	9.0	0.0	4.0	0.0	0.0	0.0	4.0	0.0	0.0	4.0	0.0	0.0	0.0	0.0	4.0	0.0	0.0	0.0	0.0	4.0	0.0	2.0
mcrA_B6V0C9	0.0	0.0	0.0	26.0	0.0	0.0	0.0	22.0	0.0	0.0	0.0	0.0	0.0	77.0	22.0	0.0	0.0	42.0	0.0	0.0	0.0	0.0	0.0	0.0	0.0	0.0	0.0	0.0	18.0	0.0	0.0	0.0	0.0	0.0	0.0	0.0	26.0	0.0	0.0	0.0	0.0	0.0	0.0	0.0	103.0	0.0	0.0	0.0	0.0	0.0	0.0	0.0	0.0	0.0	0.0	0.0	0.0	0.0	0.0	0.0	0.0	4.0	0.0	0.0
mcrA_B7ZG20	0.0	0.0	9.0	0.0	0.0	0.0	11.0	0.0	0.0	0.0	2.0	0.0	0.0	0.0	0.0	0.0	0.0	0.0	4.0	0.0	0.0	0.0	0.0	9.0	18.0	0.0	0.0	0.0	0.0	4.0	0.0	0.0	88.0	0.0	0.0	64.0	0.0	13.0	0.0	0.0	141.0	0.0	4.0	0.0	0.0	0.0	0.0	0.0	13.0	0.0	13.0	22.0	0.0	60.0	0.0	0.0	13.0	0.0	18.0	0.0	0.0	0.0	0.0	0.0
mcrA_U3N881	0.0	0.0	0.0	0.0	0.0	0.0	0.0	0.0	4.0	0.0	0.0	0.0	0.0	0.0	2.0	0.0	0.0	0.0	34.0	0.0	0.0	0.0	0.0	0.0	0.0	0.0	0.0	0.0	0.0	13.0	0.0	211.0	4.0	0.0	0.0	0.0	0.0	67.0	0.0	0.0	9.0	0.0	0.0	0.0	0.0	0.0	0.0	0.0	0.0	0.0	0.0	0.0	0.0	0.0	0.0	0.0	126.0	0.0	117.0	0.0	0.0	0.0	0.0	0.0
mcrA_M1PM63	0.0	0.0	0.0	0.0	0.0	19.0	0.0	0.0	0.0	0.0	0.0	0.0	0.0	0.0	0.0	2.0	2.0	0.0	6.0	0.0	0.0	0.0	3.0	0.0	0.0	3.0	0.0	0.0	0.0	17.0	0.0	0.0	0.0	12.0	0.0	0.0	0.0	0.0	0.0	0.0	3.0	0.0	0.0	0.0	3.0	0.0	0.0	0.0	0.0	0.0	0.0	0.0	0.0	0.0	9.0	0.0	0.0	0.0	3.0	0.0	0.0	0.0	0.0	0.0
mcrA_B6V0M5	0.0	0.0	2.0	0.0	0.0	0.0	4.0	0.0	0.0	0.0	0.0	0.0	0.0	0.0	0.0	13.0	0.0	0.0	9.0	0.0	0.0	0.0	4.0	4.0	0.0	0.0	4.0	0.0	0.0	0.0	4.0	0.0	7.0	0.0	0.0	4.0	0.0	0.0	0.0	4.0	4.0	0.0	0.0	0.0	0.0	0.0	0.0	0.0	0.0	0.0	0.0	7.0	0.0	0.0	0.0	0.0	0.0	2.0	2.0	0.0	0.0	0.0	0.0	0.0
mcrA_mef_MSWH1_0089	0.0	0.0	7.0	0.0	0.0	2.0	7.0	0.0	0.0	0.0	0.0	0.0	0.0	0.0	0.0	0.0	2.0	0.0	21.0	0.0	0.0	0.0	0.0	3.0	0.0	2.0	0.0	0.0	0.0	2.0	0.0	2.0	18.0	0.0	0.0	11.0	0.0	9.0	0.0	0.0	31.0	0.0	1.0	0.0	0.0	2.0	0.0	0.0	9.0	0.0	7.0	16.0	0.0	19.0	0.0	0.0	5.0	0.0	8.0	0.0	0.0	0.0	0.0	0.0
mcrA_B7ZG41	0.0	0.0	31.0	0.0	0.0	0.0	42.0	0.0	0.0	0.0	0.0	0.0	0.0	0.0	0.0	0.0	2.0	0.0	114.0	0.0	0.0	0.0	0.0	226.0	0.0	0.0	0.0	0.0	0.0	921.0	0.0	488.0	0.0	4.0	0.0	13.0	0.0	547.0	0.0	0.0	0.0	0.0	433.0	0.0	0.0	281.0	0.0	0.0	2.0	0.0	2.0	42.0	0.0	0.0	9.0	0.0	374.0	0.0	86.0	0.0	0.0	0.0	0.0	0.0
mcrA_WP_048044585.1	0.0	1.0	3.0	0.0	0.0	15.0	9.0	0.0	0.0	0.0	0.0	0.0	0.0	2.0	0.0	1.0	3.0	0.0	85.0	0.0	0.0	0.0	0.0	0.0	3.0	17.0	4.0	0.0	0.0	23.0	0.0	3.0	10.0	45.0	0.0	7.0	0.0	6.0	0.0	0.0	5.0	0.0	1.0	0.0	1.0	1.0	0.0	2.0	2.0	0.0	2.0	5.0	0.0	7.0	42.0	0.0	4.0	0.0	8.0	0.0	0.0	1.0	0.0	0.0
mcrA_A0A0H4LSM5	0.0	0.0	0.0	0.0	0.0	5.0	0.0	2.0	0.0	0.0	5.0	0.0	0.0	0.0	0.0	0.0	0.0	0.0	88.0	0.0	0.0	0.0	0.0	0.0	0.0	14.0	0.0	0.0	0.0	62.0	0.0	14.0	0.0	19.0	0.0	0.0	0.0	10.0	0.0	0.0	0.0	0.0	0.0	0.0	0.0	0.0	0.0	0.0	0.0	0.0	0.0	0.0	0.0	0.0	14.0	0.0	10.0	0.0	0.0	0.0	0.0	0.0	0.0	0.0
mcrA_D3JVV7	0.0	0.0	341.0	0.0	0.0	0.0	505.0	0.0	0.0	0.0	0.0	0.0	0.0	4.0	0.0	0.0	0.0	13.0	182.0	0.0	0.0	0.0	0.0	22.0	374.0	0.0	0.0	0.0	0.0	0.0	0.0	22.0	1527.0	0.0	0.0	910.0	0.0	433.0	0.0	0.0	2281.0	0.0	48.0	0.0	4.0	103.0	0.0	0.0	332.0	0.0	308.0	633.0	0.0	817.0	0.0	0.0	160.0	0.0	259.0	0.0	0.0	0.0	0.0	0.0
mcrA_432331965	1.0	0.0	0.0	0.0	0.0	36.0	0.0	0.0	0.0	0.0	0.0	2.0	3.0	0.0	0.0	0.0	0.0	0.0	63.0	0.0	0.0	0.0	0.0	1.0	0.0	89.0	2.0	0.0	0.0	25.0	0.0	19.0	0.0	63.0	0.0	0.0	0.0	13.0	0.0	0.0	0.0	0.0	0.0	0.0	0.0	0.0	0.0	2.0	0.0	0.0	0.0	0.0	0.0	1.0	34.0	0.0	7.0	0.0	12.0	0.0	0.0	0.0	0.0	0.0
mcrA_B6V092	0.0	0.0	0.0	0.0	0.0	20.0	2.0	0.0	0.0	0.0	0.0	0.0	0.0	0.0	0.0	0.0	0.0	0.0	95.0	0.0	0.0	0.0	0.0	2.0	0.0	22.0	0.0	2.0	0.0	9.0	0.0	4.0	2.0	15.0	0.0	0.0	0.0	0.0	0.0	0.0	0.0	0.0	0.0	0.0	0.0	0.0	0.0	4.0	0.0	0.0	0.0	0.0	0.0	0.0	44.0	0.0	0.0	0.0	0.0	0.0	0.0	0.0	0.0	0.0
mcrA_M1PSV0	0.0	0.0	0.0	0.0	0.0	20.0	0.0	0.0	0.0	0.0	0.0	0.0	0.0	0.0	0.0	0.0	0.0	0.0	0.0	0.0	0.0	0.0	0.0	0.0	0.0	7.0	0.0	0.0	0.0	31.0	0.0	0.0	0.0	6.0	0.0	0.0	0.0	6.0	0.0	0.0	0.0	0.0	0.0	0.0	0.0	0.0	0.0	0.0	0.0	0.0	0.0	0.0	0.0	0.0	4.0	0.0	0.0	0.0	0.0	0.0	0.0	0.0	0.0	0.0
mcrA_mhor_MSHOH_0084	0.0	0.0	132.0	0.0	0.0	6.0	154.0	0.0	0.0	0.0	0.0	0.0	0.0	1.0	0.0	0.0	1.0	1.0	200.0	0.0	0.0	0.0	0.0	11.0	124.0	0.0	0.0	0.0	0.0	3.0	0.0	17.0	621.0	2.0	0.0	318.0	0.0	134.0	0.0	0.0	854.0	0.0	25.0	0.0	5.0	33.0	0.0	0.0	191.0	0.0	121.0	215.0	0.0	317.0	1.0	0.0	60.0	0.0	88.0	0.0	0.0	0.0	0.0	0.0
mcrA_A0A345GSQ9	0.0	0.0	0.0	0.0	0.0	23.0	0.0	0.0	0.0	0.0	0.0	0.0	0.0	0.0	0.0	0.0	0.0	0.0	29.0	0.0	0.0	0.0	0.0	0.0	0.0	9.0	0.0	0.0	0.0	25.0	0.0	23.0	0.0	5.0	0.0	0.0	0.0	5.0	0.0	0.0	0.0	0.0	0.0	0.0	0.0	0.0	0.0	0.0	0.0	0.0	0.0	0.0	0.0	0.0	2.0	0.0	9.0	0.0	7.0	0.0	0.0	0.0	0.0	0.0
mcrA_Q49C07	2.0	0.0	0.0	0.0	0.0	30.0	0.0	0.0	0.0	0.0	0.0	0.0	9.0	0.0	0.0	0.0	0.0	0.0	0.0	0.0	0.0	0.0	0.0	0.0	0.0	49.0	5.0	0.0	0.0	0.0	0.0	0.0	0.0	28.0	0.0	0.0	0.0	0.0	0.0	0.0	0.0	0.0	0.0	0.0	0.0	0.0	0.0	0.0	0.0	0.0	0.0	0.0	0.0	0.0	12.0	0.0	0.0	0.0	0.0	0.0	0.0	0.0	0.0	0.0
mcrA_H6WQT7	0.0	2.0	0.0	9.0	9.0	0.0	0.0	2.0	4.0	0.0	9.0	0.0	2.0	22.0	11.0	7.0	13.0	9.0	0.0	13.0	0.0	18.0	4.0	0.0	0.0	0.0	0.0	0.0	18.0	0.0	4.0	0.0	0.0	0.0	2.0	0.0	11.0	0.0	0.0	2.0	0.0	7.0	0.0	0.0	29.0	0.0	2.0	0.0	0.0	4.0	0.0	0.0	0.0	0.0	0.0	0.0	0.0	0.0	0.0	2.0	0.0	4.0	0.0	0.0
mcrA_A0A346D7T8	0.0	0.0	0.0	0.0	0.0	37.0	0.0	0.0	0.0	0.0	0.0	0.0	4.0	0.0	0.0	0.0	0.0	0.0	4.0	0.0	0.0	0.0	0.0	0.0	0.0	74.0	4.0	0.0	0.0	0.0	0.0	2.0	0.0	33.0	0.0	0.0	0.0	0.0	0.0	0.0	0.0	0.0	0.0	0.0	0.0	0.0	0.0	0.0	0.0	0.0	0.0	0.0	0.0	0.0	4.0	0.0	4.0	0.0	0.0	0.0	0.0	0.0	0.0	0.0
mcrA_330506955_m01	214.0	8.0	1.0	5.0	13.0	137.0	1.0	9.0	463.0	490.0	4.0	122.0	79.0	10.0	92.0	1563.0	2.0	27.0	57.0	2.0	305.0	17.0	734.0	0.0	105.0	166.0	93.0	369.0	10.0	106.0	650.0	7.0	27.0	181.0	0.0	0.0	52.0	3.0	367.0	661.0	58.0	1333.0	0.0	547.0	20.0	0.0	1118.0	419.0	2.0	15.0	0.0	0.0	396.0	14.0	88.0	331.0	7.0	622.0	27.0	270.0	0.0	7.0	1230.0	2.0
mcrA_metn_BK008_03060_m01	1.0	54.0	0.0	0.0	127.0	6.0	0.0	4.0	6.0	0.0	77.0	11.0	0.0	0.0	0.0	0.0	81.0	0.0	28.0	29.0	0.0	0.0	3.0	0.0	1.0	11.0	8.0	0.0	0.0	10.0	4.0	9.0	3.0	1.0	53.0	0.0	1.0	10.0	2.0	0.0	2.0	5.0	0.0	3.0	12.0	0.0	0.0	3.0	0.0	57.0	0.0	0.0	0.0	10.0	15.0	2.0	10.0	0.0	2.0	0.0	40.0	0.0	0.0	36.0
mcrA_1220534.B655_0646_m01	0.0	131.0	0.0	0.0	260.0	6.0	0.0	4.0	10.0	2.0	180.0	2.0	6.0	5.0	5.0	4.0	160.0	0.0	32.0	90.0	0.0	0.0	1.0	0.0	2.0	2.0	9.0	0.0	2.0	9.0	9.0	7.0	12.0	2.0	136.0	0.0	2.0	8.0	1.0	0.0	10.0	23.0	0.0	0.0	4.0	0.0	2.0	4.0	0.0	163.0	0.0	0.0	0.0	0.0	18.0	0.0	7.0	0.0	7.0	2.0	113.0	0.0	13.0	84.0
mcrA_386001204_m01	79.0	0.0	645.0	0.0	0.0	0.0	516.0	0.0	6.0	60.0	0.0	2.0	0.0	0.0	0.0	182.0	1.0	1.0	0.0	0.0	32.0	0.0	5.0	104.0	5.0	0.0	2.0	74.0	0.0	0.0	9.0	0.0	4.0	0.0	0.0	623.0	0.0	0.0	59.0	6.0	7.0	200.0	79.0	40.0	0.0	161.0	43.0	11.0	273.0	0.0	224.0	618.0	43.0	0.0	0.0	50.0	0.0	40.0	0.0	5.0	0.0	0.0	20.0	2.0
mcrA_A0A1V4YF09_m01	0.0	8.0	0.0	6.0	24.0	13.0	10.0	11.0	71.0	11.0	16.0	9.0	12.0	15.0	2.0	77.0	4.0	4.0	93.0	13.0	5.0	6.0	247.0	2.0	2.0	11.0	6.0	3.0	1.0	75.0	102.0	118.0	9.0	10.0	10.0	12.0	4.0	27.0	0.0	156.0	52.0	168.0	4.0	0.0	7.0	4.0	0.0	0.0	2.0	18.0	4.0	6.0	0.0	17.0	12.0	2.0	73.0	54.0	35.0	72.0	8.0	1.0	89.0	6.0
mcrA_A0A1V5BGG6_m01	1.0	0.0	0.0	0.0	0.0	368.0	0.0	1.0	96.0	0.0	0.0	13.0	8.0	8.0	25.0	361.0	2.0	4.0	49.0	0.0	0.0	6.0	170.0	0.0	3.0	176.0	2.0	4.0	4.0	221.0	142.0	2.0	0.0	344.0	2.0	0.0	3.0	0.0	0.0	165.0	10.0	277.0	0.0	0.0	6.0	0.0	0.0	2.0	0.0	1.0	0.0	0.0	0.0	0.0	124.0	0.0	0.0	139.0	15.0	54.0	1.0	2.0	286.0	0.0
mcrA_metn_BK008_03970_m01	3.0	1608.0	0.0	10.0	2726.0	5.0	2.0	37.0	56.0	11.0	2026.0	4.0	0.0	57.0	17.0	78.0	1841.0	2.0	13.0	1124.0	12.0	0.0	34.0	0.0	2.0	3.0	1.0	2.0	0.0	5.0	133.0	42.0	8.0	0.0	1572.0	0.0	2.0	2.0	5.0	10.0	13.0	173.0	0.0	15.0	42.0	10.0	2.0	0.0	0.0	1524.0	0.0	0.0	0.0	5.0	2.0	0.0	10.0	49.0	2.0	8.0	1280.0	4.0	139.0	1478.0
mcrA_mfc_BRM9_0935_m01	0.0	0.0	0.0	0.0	1.0	91.0	0.0	0.0	0.0	0.0	1.0	112.0	35.0	0.0	0.0	0.0	0.0	0.0	639.0	0.0	0.0	0.0	0.0	0.0	76.0	131.0	107.0	0.0	0.0	250.0	0.0	169.0	138.0	25.0	1.0	0.0	0.0	162.0	0.0	0.0	147.0	0.0	0.0	0.0	0.0	0.0	0.0	38.0	0.0	0.0	0.0	0.0	0.0	99.0	149.0	0.0	134.0	0.0	80.0	0.0	0.0	0.0	0.0	0.0
mcrA_1220534.B655_1094_m01	0.0	0.0	0.0	0.0	1.0	21.0	0.0	0.0	0.0	0.0	0.0	62.0	101.0	0.0	0.0	0.0	2.0	0.0	181.0	1.0	0.0	0.0	0.0	0.0	34.0	26.0	52.0	0.0	0.0	105.0	0.0	29.0	51.0	23.0	1.0	0.0	0.0	44.0	0.0	0.0	64.0	0.0	0.0	0.0	0.0	0.0	0.0	21.0	0.0	1.0	0.0	0.0	0.0	49.0	23.0	0.0	27.0	0.0	37.0	0.0	0.0	0.0	0.0	2.0
mcrA_566003679_m01	2.0	228.0	0.0	2.0	467.0	4.0	2.0	6.0	11.0	10.0	311.0	4.0	4.0	10.0	8.0	17.0	272.0	6.0	18.0	142.0	4.0	0.0	8.0	0.0	0.0	15.0	6.0	0.0	0.0	13.0	25.0	6.0	1.0	6.0	243.0	0.0	4.0	4.0	1.0	5.0	11.0	39.0	1.0	5.0	13.0	0.0	0.0	2.0	0.0	264.0	0.0	2.0	0.0	0.0	4.0	1.0	5.0	8.0	4.0	3.0	175.0	0.0	12.0	201.0
mcrA_meto_CIT02_08450_m01	0.0	0.0	0.0	0.0	0.0	19.0	0.0	0.0	0.0	0.0	0.0	36.0	8.0	0.0	2.0	0.0	0.0	0.0	55.0	0.0	0.0	0.0	0.0	0.0	19.0	15.0	21.0	0.0	0.0	42.0	0.0	21.0	22.0	0.0	0.0	0.0	0.0	18.0	0.0	0.0	29.0	0.0	0.0	0.0	0.0	0.0	0.0	16.0	0.0	0.0	0.0	0.0	0.0	18.0	20.0	0.0	10.0	0.0	10.0	0.0	0.0	0.0	0.0	0.0
mcrA_WP_004037742.1_m01	0.0	0.0	0.0	0.0	0.0	294.0	0.0	0.0	0.0	0.0	0.0	2.0	36.0	0.0	0.0	0.0	1.0	0.0	138.0	0.0	0.0	0.0	0.0	0.0	4.0	662.0	10.0	0.0	0.0	111.0	0.0	9.0	2.0	319.0	0.0	0.0	0.0	4.0	0.0	0.0	0.0	0.0	0.0	0.0	0.0	0.0	0.0	17.0	0.0	0.0	0.0	0.0	0.0	2.0	124.0	0.0	4.0	0.0	6.0	0.0	0.0	0.0	0.0	0.0
mcrA_A0A0G2YQQ9_m01	0.0	0.0	0.0	0.0	0.0	23.0	0.0	0.0	0.0	0.0	0.0	5.0	14.0	0.0	0.0	0.0	0.0	0.0	70.0	0.0	0.0	0.0	0.0	0.0	0.0	9.0	2.0	0.0	0.0	36.0	0.0	14.0	5.0	2.0	0.0	0.0	0.0	5.0	0.0	0.0	5.0	0.0	0.0	0.0	0.0	0.0	0.0	7.0	0.0	0.0	0.0	0.0	0.0	0.0	7.0	0.0	23.0	0.0	5.0	0.0	0.0	0.0	0.0	0.0
mcrA_WP_067052907.1_m01	0.0	0.0	0.0	0.0	0.0	254.0	0.0	0.0	0.0	0.0	0.0	8.0	43.0	0.0	0.0	0.0	0.0	0.0	203.0	0.0	0.0	0.0	0.0	0.0	18.0	829.0	26.0	0.0	0.0	229.0	0.0	15.0	1.0	464.0	0.0	0.0	0.0	16.0	0.0	0.0	0.0	0.0	0.0	0.0	0.0	0.0	0.0	12.0	0.0	0.0	0.0	0.0	0.0	8.0	178.0	0.0	0.0	0.0	17.0	0.0	0.0	0.0	0.0	0.0
mcrA_mek_MSKOL_3374_m01	0.0	0.0	5.0	3.0	0.0	38.0	37.0	4.0	0.0	0.0	0.0	0.0	0.0	0.0	0.0	0.0	0.0	1.0	80.0	0.0	0.0	0.0	0.0	8.0	1.0	11.0	0.0	0.0	0.0	10.0	0.0	5.0	10.0	54.0	1.0	6.0	2.0	33.0	0.0	0.0	21.0	0.0	14.0	0.0	4.0	19.0	0.0	0.0	1.0	0.0	10.0	31.0	0.0	12.0	17.0	0.0	13.0	0.0	16.0	0.0	0.0	2.0	0.0	0.0
mcrA_1220534.B655_0646_m02	0.0	950.0	0.0	6.0	1673.0	4.0	3.0	31.0	39.0	19.0	1194.0	3.0	1.0	15.0	21.0	45.0	1113.0	2.0	32.0	619.0	4.0	2.0	24.0	0.0	3.0	8.0	0.0	0.0	5.0	16.0	83.0	20.0	1.0	0.0	1018.0	0.0	8.0	6.0	0.0	12.0	7.0	131.0	3.0	7.0	24.0	2.0	2.0	2.0	0.0	886.0	0.0	0.0	0.0	1.0	13.0	0.0	3.0	27.0	5.0	22.0	673.0	0.0	77.0	770.0
mcrA_A0A1V4YF09_m02	0.0	26.0	10.0	8.0	15.0	6.0	12.0	17.0	91.0	22.0	44.0	2.0	4.0	10.0	0.0	140.0	21.0	11.0	83.0	9.0	2.0	6.0	287.0	0.0	6.0	6.0	5.0	5.0	3.0	52.0	184.0	103.0	18.0	4.0	19.0	20.0	7.0	28.0	2.0	235.0	59.0	211.0	4.0	6.0	13.0	2.0	3.0	0.0	7.0	33.0	2.0	17.0	4.0	7.0	8.0	4.0	70.0	64.0	42.0	108.0	16.0	6.0	131.0	17.0
mcrA_mfc_BRM9_0935_m02	0.0	15.0	0.0	0.0	21.0	7.0	0.0	0.0	0.0	0.0	18.0	18.0	6.0	0.0	0.0	1.0	18.0	0.0	24.0	12.0	0.0	0.0	0.0	0.0	5.0	6.0	10.0	0.0	0.0	10.0	1.0	11.0	10.0	1.0	8.0	1.0	1.0	2.0	0.0	1.0	27.0	1.0	0.0	0.0	0.0	0.0	0.0	3.0	0.0	7.0	0.0	0.0	0.0	8.0	2.0	0.0	10.0	0.0	6.0	1.0	10.0	1.0	1.0	8.0
mcrA_566003810_m01	0.0	0.0	0.0	0.0	0.0	2.0	2.0	0.0	76.0	0.0	0.0	0.0	2.0	0.0	0.0	101.0	1.0	0.0	16.0	0.0	0.0	0.0	222.0	0.0	0.0	4.0	0.0	2.0	0.0	6.0	106.0	5.0	4.0	0.0	0.0	0.0	0.0	1.0	0.0	146.0	9.0	175.0	0.0	0.0	0.0	0.0	0.0	0.0	2.0	4.0	0.0	0.0	0.0	2.0	0.0	0.0	9.0	54.0	2.0	72.0	0.0	0.0	96.0	0.0
mcrA_A0A1V4Z1G3_m01	0.0	0.0	0.0	2.0	1.0	15.0	0.0	1.0	0.0	0.0	0.0	0.0	0.0	6.0	7.0	0.0	0.0	2.0	81.0	3.0	0.0	7.0	0.0	0.0	0.0	32.0	2.0	0.0	4.0	73.0	0.0	74.0	1.0	10.0	0.0	2.0	2.0	64.0	0.0	1.0	4.0	0.0	0.0	0.0	12.0	0.0	0.0	0.0	0.0	0.0	0.0	0.0	0.0	2.0	22.0	0.0	66.0	0.0	48.0	4.0	0.0	1.0	1.0	0.0
mcrA_A0A1V5BBH9_m01	1.0	0.0	0.0	0.0	0.0	265.0	0.0	2.0	2.0	0.0	0.0	8.0	2.0	0.0	0.0	1.0	1.0	0.0	38.0	0.0	0.0	0.0	1.0	0.0	5.0	139.0	2.0	0.0	0.0	161.0	0.0	2.0	0.0	261.0	0.0	0.0	0.0	2.0	0.0	0.0	0.0	0.0	0.0	0.0	0.0	0.0	0.0	3.0	0.0	0.0	0.0	0.0	0.0	3.0	60.0	1.0	1.0	0.0	11.0	0.0	0.0	0.0	0.0	0.0
mcrA_WP_067052907.1_m02	0.0	0.0	0.0	0.0	0.0	62.0	0.0	0.0	0.0	0.0	0.0	0.0	2.0	0.0	0.0	0.0	1.0	0.0	34.0	0.0	0.0	0.0	0.0	0.0	0.0	71.0	1.0	0.0	0.0	9.0	0.0	7.0	0.0	104.0	0.0	0.0	0.0	0.0	0.0	0.0	0.0	0.0	0.0	0.0	0.0	0.0	0.0	1.0	0.0	0.0	0.0	0.0	0.0	0.0	11.0	0.0	10.0	0.0	0.0	0.0	0.0	0.0	0.0	0.0
mcrA_21227342_m01	0.0	1.0	64.0	10.0	0.0	2.0	393.0	6.0	0.0	0.0	0.0	0.0	2.0	14.0	0.0	0.0	0.0	8.0	568.0	0.0	0.0	0.0	0.0	60.0	38.0	4.0	0.0	0.0	0.0	23.0	0.0	56.0	177.0	6.0	0.0	70.0	4.0	269.0	0.0	0.0	261.0	0.0	55.0	0.0	10.0	124.0	0.0	0.0	47.0	0.0	42.0	251.0	0.0	119.0	38.0	0.0	92.0	0.0	146.0	0.0	0.0	2.0	0.0	0.0
mcrA_metn_BK008_03060_m03	0.0	24.0	0.0	0.0	89.0	0.0	0.0	0.0	1.0	1.0	47.0	13.0	18.0	1.0	0.0	0.0	38.0	0.0	23.0	13.0	0.0	0.0	0.0	0.0	9.0	5.0	2.0	0.0	0.0	16.0	1.0	4.0	9.0	4.0	35.0	0.0	0.0	7.0	0.0	0.0	13.0	1.0	0.0	2.0	0.0	0.0	0.0	4.0	0.0	33.0	0.0	0.0	0.0	11.0	4.0	0.0	2.0	0.0	5.0	0.0	32.0	0.0	2.0	24.0
mcrA_386001204_m02	173.0	0.0	976.0	1.0	0.0	0.0	836.0	0.0	0.0	195.0	0.0	5.0	0.0	0.0	0.0	15.0	2.0	0.0	0.0	0.0	76.0	0.0	0.0	129.0	25.0	0.0	1.0	217.0	0.0	0.0	4.0	0.0	4.0	0.0	0.0	862.0	0.0	0.0	115.0	4.0	21.0	20.0	74.0	72.0	0.0	160.0	65.0	16.0	500.0	0.0	477.0	878.0	117.0	10.0	0.0	143.0	0.0	6.0	3.0	0.0	0.0	0.0	3.0	0.0
mcrA_mfc_BRM9_0935_m03	0.0	1.0	0.0	0.0	0.0	22.0	0.0	0.0	0.0	0.0	0.0	7.0	3.0	1.0	0.0	0.0	1.0	0.0	94.0	0.0	0.0	0.0	0.0	0.0	8.0	18.0	12.0	0.0	0.0	53.0	0.0	26.0	7.0	5.0	1.0	0.0	0.0	17.0	0.0	0.0	17.0	0.0	0.0	0.0	0.0	0.0	0.0	1.0	0.0	0.0	0.0	0.0	0.0	8.0	7.0	0.0	22.0	0.0	10.0	0.0	0.0	0.0	0.0	0.0
mcrA_mek_MSKOL_3374_m02	1.0	0.0	36.0	7.0	0.0	1.0	194.0	10.0	0.0	0.0	0.0	0.0	0.0	24.0	0.0	2.0	0.0	42.0	507.0	0.0	1.0	0.0	0.0	40.0	21.0	1.0	0.0	0.0	0.0	7.0	0.0	33.0	57.0	2.0	0.0	24.0	2.0	196.0	0.0	0.0	93.0	0.0	41.0	0.0	12.0	85.0	0.0	0.0	3.0	0.0	32.0	176.0	0.0	43.0	20.0	0.0	35.0	0.0	100.0	0.0	0.0	3.0	0.0	0.0
mcrA_1220534.B655_0646_m03	2.0	801.0	0.0	5.0	1453.0	1.0	0.0	19.0	26.0	11.0	1064.0	7.0	2.0	6.0	11.0	39.0	846.0	8.0	12.0	527.0	5.0	0.0	16.0	0.0	4.0	4.0	2.0	0.0	0.0	15.0	73.0	22.0	2.0	2.0	894.0	0.0	2.0	6.0	0.0	4.0	11.0	103.0	0.0	5.0	29.0	2.0	0.0	0.0	0.0	755.0	0.0	0.0	0.0	4.0	8.0	0.0	10.0	12.0	2.0	4.0	593.0	0.0	49.0	652.0
mcrA_metn_BK008_03970_m03	0.0	148.0	0.0	2.0	195.0	4.0	0.0	7.0	4.0	4.0	120.0	2.0	0.0	5.0	0.0	13.0	159.0	0.0	13.0	77.0	0.0	0.0	3.0	0.0	0.0	2.0	0.0	0.0	0.0	11.0	3.0	3.0	6.0	0.0	126.0	0.0	0.0	2.0	0.0	1.0	2.0	20.0	0.0	2.0	4.0	0.0	0.0	0.0	0.0	138.0	0.0	0.0	0.0	0.0	6.0	0.0	4.0	8.0	10.0	0.0	101.0	0.0	8.0	81.0
mcrA_D6NIV6_m01	2.0	0.0	0.0	0.0	0.0	67.0	0.0	0.0	0.0	0.0	0.0	0.0	5.0	0.0	0.0	0.0	0.0	0.0	62.0	0.0	0.0	0.0	0.0	0.0	0.0	128.0	2.0	0.0	0.0	38.0	0.0	0.0	0.0	81.0	0.0	0.0	0.0	14.0	0.0	0.0	0.0	0.0	0.0	0.0	0.0	0.0	0.0	0.0	0.0	0.0	0.0	0.0	0.0	0.0	36.0	0.0	10.0	0.0	5.0	0.0	0.0	0.0	0.0	0.0
mcrA_WP_067052907.1_m03	0.0	0.0	0.0	0.0	0.0	72.0	0.0	0.0	0.0	0.0	0.0	0.0	9.0	0.0	0.0	0.0	0.0	0.0	75.0	0.0	0.0	0.0	0.0	0.0	3.0	177.0	1.0	0.0	0.0	26.0	0.0	13.0	1.0	155.0	0.0	0.0	0.0	8.0	0.0	0.0	2.0	0.0	0.0	0.0	0.0	0.0	0.0	1.0	0.0	0.0	0.0	0.0	0.0	0.0	48.0	0.0	16.0	0.0	15.0	0.0	0.0	0.0	0.0	0.0
mcrA_mfc_BRM9_0935_m04	0.0	0.0	1.0	0.0	0.0	19.0	0.0	0.0	0.0	0.0	0.0	38.0	12.0	0.0	0.0	0.0	1.0	0.0	126.0	0.0	0.0	0.0	0.0	0.0	12.0	23.0	31.0	0.0	0.0	60.0	0.0	25.0	34.0	6.0	0.0	0.0	2.0	25.0	0.0	0.0	38.0	0.0	0.0	0.0	0.0	0.0	0.0	9.0	0.0	0.0	0.0	0.0	0.0	24.0	29.0	0.0	27.0	0.0	17.0	0.0	0.0	2.0	0.0	0.0
mcrA_WP_004037742.1_m03	2.0	0.0	0.0	0.0	0.0	125.0	0.0	0.0	0.0	0.0	0.0	0.0	8.0	0.0	0.0	0.0	1.0	1.0	55.0	0.0	1.0	0.0	0.0	0.0	2.0	183.0	0.0	0.0	0.0	18.0	0.0	11.0	0.0	176.0	0.0	0.0	0.0	2.0	1.0	0.0	0.0	0.0	0.0	0.0	0.0	0.0	0.0	5.0	0.0	0.0	0.0	0.0	0.0	0.0	31.0	0.0	2.0	0.0	3.0	0.0	0.0	0.0	0.0	0.0
mcrA_metn_BK008_03970_m04	0.0	127.0	0.0	2.0	225.0	6.0	0.0	0.0	2.0	3.0	165.0	8.0	0.0	7.0	3.0	9.0	165.0	0.0	8.0	66.0	0.0	0.0	2.0	0.0	0.0	4.0	2.0	0.0	0.0	10.0	6.0	8.0	2.0	0.0	118.0	0.0	0.0	2.0	0.0	0.0	1.0	7.0	2.0	1.0	7.0	0.0	0.0	0.0	0.0	155.0	0.0	0.0	0.0	2.0	2.0	0.0	4.0	0.0	0.0	3.0	102.0	0.0	8.0	81.0
mcrA_126178563_m01	0.0	10.0	7.0	3.0	30.0	1.0	9.0	13.0	2.0	0.0	23.0	5.0	0.0	28.0	9.0	0.0	27.0	7.0	4.0	30.0	0.0	6.0	0.0	0.0	12.0	0.0	4.0	2.0	2.0	1.0	2.0	0.0	11.0	0.0	21.0	4.0	6.0	0.0	0.0	2.0	8.0	2.0	0.0	0.0	22.0	2.0	0.0	0.0	10.0	25.0	3.0	4.0	0.0	5.0	0.0	0.0	0.0	3.0	0.0	0.0	6.0	2.0	0.0	23.0
mcrA_metn_BK008_03060_m05	0.0	62.0	0.0	0.0	103.0	1.0	0.0	3.0	5.0	0.0	83.0	1.0	0.0	1.0	1.0	6.0	66.0	0.0	32.0	46.0	0.0	2.0	3.0	0.0	1.0	4.0	1.0	0.0	0.0	29.0	2.0	45.0	4.0	2.0	54.0	0.0	0.0	12.0	0.0	3.0	8.0	10.0	0.0	0.0	1.0	1.0	0.0	0.0	0.0	68.0	0.0	0.0	0.0	1.0	6.0	2.0	34.0	2.0	15.0	0.0	40.0	1.0	6.0	37.0
mcrA_1220534.B655_0646_m04	0.0	200.0	0.0	1.0	337.0	0.0	0.0	0.0	4.0	1.0	261.0	1.0	1.0	15.0	0.0	0.0	238.0	0.0	9.0	125.0	1.0	0.0	6.0	0.0	2.0	0.0	1.0	0.0	0.0	2.0	20.0	3.0	3.0	2.0	159.0	0.0	2.0	3.0	1.0	1.0	1.0	28.0	0.0	1.0	6.0	0.0	0.0	0.0	0.0	220.0	0.0	0.0	0.0	1.0	3.0	0.0	4.0	9.0	0.0	2.0	157.0	0.0	22.0	140.0
mcrA_A0A1V4YF09_m03	0.0	0.0	0.0	0.0	0.0	2.0	0.0	0.0	0.0	0.0	0.0	7.0	12.0	0.0	0.0	0.0	0.0	0.0	57.0	0.0	0.0	0.0	0.0	0.0	5.0	8.0	9.0	0.0	0.0	40.0	0.0	6.0	12.0	0.0	0.0	4.0	0.0	10.0	0.0	0.0	12.0	0.0	0.0	0.0	0.0	0.0	0.0	4.0	0.0	0.0	0.0	0.0	0.0	11.0	4.0	0.0	6.0	0.0	2.0	0.0	0.0	0.0	0.0	0.0
mcrA_A0A1V4YF09_m04	1.0	3.0	0.0	0.0	12.0	17.0	1.0	0.0	0.0	0.0	12.0	0.0	5.0	0.0	0.0	1.0	1.0	0.0	60.0	2.0	0.0	0.0	0.0	0.0	0.0	15.0	0.0	0.0	0.0	76.0	0.0	10.0	5.0	13.0	1.0	1.0	0.0	19.0	0.0	0.0	1.0	2.0	0.0	0.0	0.0	0.0	0.0	0.0	0.0	4.0	0.0	0.0	0.0	3.0	15.0	0.0	21.0	1.0	15.0	1.0	4.0	0.0	0.0	6.0
mcrA_metn_BK008_03060_m06	0.0	3.0	0.0	0.0	6.0	4.0	0.0	0.0	0.0	0.0	2.0	4.0	1.0	0.0	0.0	0.0	2.0	0.0	39.0	1.0	0.0	0.0	0.0	0.0	0.0	13.0	2.0	0.0	0.0	15.0	0.0	19.0	3.0	0.0	7.0	0.0	0.0	8.0	0.0	0.0	7.0	0.0	0.0	0.0	2.0	0.0	0.0	1.0	0.0	3.0	0.0	2.0	1.0	3.0	5.0	0.0	11.0	0.0	2.0	0.0	2.0	0.0	0.0	3.0
mcrA_metn_BK008_03970_m05	0.0	62.0	0.0	0.0	127.0	2.0	0.0	2.0	2.0	3.0	77.0	0.0	0.0	2.0	0.0	4.0	62.0	0.0	6.0	38.0	1.0	0.0	2.0	2.0	0.0	4.0	0.0	0.0	0.0	2.0	2.0	3.0	1.0	0.0	51.0	0.0	0.0	4.0	0.0	1.0	0.0	4.0	0.0	0.0	0.0	0.0	0.0	2.0	0.0	70.0	0.0	0.0	0.0	0.0	0.0	0.0	0.0	0.0	0.0	0.0	52.0	0.0	3.0	38.0
mcrA_D2KZW2_m02	1.0	64.0	0.0	3.0	88.0	0.0	0.0	3.0	3.0	0.0	73.0	0.0	0.0	0.0	0.0	9.0	58.0	0.0	21.0	39.0	0.0	0.0	0.0	0.0	0.0	0.0	1.0	0.0	0.0	22.0	3.0	84.0	1.0	0.0	28.0	0.0	0.0	21.0	0.0	1.0	0.0	6.0	0.0	0.0	0.0	0.0	0.0	0.0	0.0	55.0	0.0	0.0	0.0	0.0	0.0	0.0	49.0	3.0	9.0	3.0	40.0	0.0	0.0	31.0
mcrA_D6NIV6_m03	0.0	0.0	0.0	0.0	0.0	45.0	0.0	0.0	0.0	5.0	0.0	0.0	0.0	0.0	0.0	0.0	2.0	0.0	43.0	0.0	0.0	0.0	5.0	0.0	10.0	188.0	5.0	0.0	0.0	36.0	0.0	5.0	5.0	107.0	0.0	0.0	0.0	5.0	0.0	0.0	0.0	0.0	0.0	0.0	0.0	0.0	0.0	5.0	0.0	0.0	0.0	0.0	0.0	0.0	64.0	0.0	0.0	0.0	0.0	0.0	0.0	0.0	0.0	0.0
mcrA_A0A1V4YF09_m05	0.0	0.0	0.0	0.0	0.0	11.0	0.0	0.0	0.0	0.0	0.0	4.0	13.0	0.0	0.0	0.0	0.0	0.0	73.0	0.0	0.0	0.0	0.0	0.0	6.0	6.0	3.0	0.0	0.0	52.0	0.0	17.0	4.0	5.0	0.0	0.0	0.0	18.0	0.0	0.0	12.0	0.0	0.0	0.0	0.0	0.0	0.0	0.0	0.0	0.0	0.0	0.0	0.0	7.0	20.0	0.0	28.0	0.0	11.0	0.0	0.0	0.0	0.0	1.0
mcrA_metn_BK008_03060_m08	1.0	25.0	0.0	0.0	49.0	20.0	0.0	0.0	2.0	2.0	39.0	8.0	1.0	0.0	1.0	1.0	36.0	0.0	59.0	21.0	0.0	0.0	0.0	0.0	12.0	13.0	2.0	0.0	0.0	35.0	3.0	5.0	0.0	1.0	19.0	0.0	0.0	9.0	0.0	2.0	4.0	2.0	0.0	1.0	4.0	0.0	0.0	0.0	0.0	35.0	0.0	0.0	0.0	4.0	3.0	0.0	3.0	2.0	7.0	0.0	20.0	0.0	2.0	21.0
mcrA_D6NIV6_m04	0.0	0.0	0.0	0.0	0.0	45.0	0.0	0.0	0.0	0.0	0.0	0.0	0.0	0.0	0.0	0.0	0.0	0.0	45.0	0.0	0.0	0.0	0.0	0.0	0.0	140.0	0.0	0.0	0.0	29.0	0.0	19.0	0.0	102.0	0.0	0.0	0.0	19.0	0.0	0.0	0.0	0.0	0.0	0.0	0.0	0.0	0.0	0.0	0.0	0.0	0.0	0.0	0.0	0.0	38.0	0.0	2.0	0.0	26.0	0.0	0.0	0.0	0.0	0.0
mcrA_mfc_BRM9_0935_m05	0.0	0.0	0.0	0.0	0.0	49.0	0.0	0.0	0.0	0.0	0.0	17.0	4.0	0.0	0.0	0.0	1.0	0.0	240.0	0.0	0.0	0.0	0.0	0.0	4.0	25.0	6.0	1.0	0.0	101.0	0.0	59.0	10.0	12.0	0.0	0.0	0.0	55.0	0.0	0.0	17.0	0.0	0.0	0.0	0.0	0.0	0.0	2.0	0.0	0.0	0.0	0.0	0.0	11.0	55.0	0.0	45.0	0.0	33.0	0.0	0.0	0.0	0.0	1.0
mcrA_metn_BK008_03060_m09	0.0	67.0	0.0	0.0	108.0	4.0	3.0	3.0	2.0	0.0	66.0	5.0	2.0	4.0	0.0	5.0	65.0	3.0	37.0	24.0	0.0	0.0	1.0	0.0	0.0	9.0	0.0	0.0	0.0	9.0	5.0	12.0	2.0	0.0	54.0	0.0	0.0	8.0	0.0	1.0	15.0	3.0	0.0	1.0	4.0	0.0	0.0	0.0	0.0	51.0	0.0	0.0	0.0	3.0	2.0	0.0	7.0	2.0	4.0	0.0	45.0	0.0	4.0	36.0
mcrA_metn_BK008_03970_m06	1.0	59.0	0.0	0.0	107.0	4.0	0.0	4.0	1.0	1.0	78.0	3.0	0.0	0.0	3.0	8.0	76.0	0.0	15.0	38.0	2.0	0.0	0.0	0.0	0.0	4.0	4.0	0.0	2.0	3.0	5.0	1.0	8.0	0.0	66.0	0.0	0.0	5.0	0.0	0.0	5.0	9.0	0.0	0.0	6.0	0.0	0.0	0.0	0.0	63.0	0.0	0.0	0.0	1.0	5.0	0.0	0.0	2.0	0.0	0.0	58.0	2.0	6.0	52.0
mcrA_metn_BK008_03970_m07	0.0	52.0	0.0	0.0	102.0	8.0	1.0	2.0	1.0	1.0	80.0	15.0	11.0	1.0	3.0	4.0	65.0	0.0	43.0	27.0	0.0	0.0	1.0	0.0	5.0	6.0	8.0	0.0	0.0	29.0	5.0	9.0	5.0	1.0	60.0	0.0	1.0	12.0	0.0	0.0	12.0	8.0	0.0	0.0	1.0	0.0	0.0	5.0	0.0	77.0	0.0	0.0	0.0	4.0	5.0	2.0	17.0	4.0	4.0	0.0	63.0	0.0	2.0	44.0
mcrA_1220534.B655_0646_m05	0.0	108.0	0.0	0.0	184.0	6.0	0.0	4.0	3.0	2.0	135.0	1.0	2.0	2.0	3.0	5.0	125.0	0.0	5.0	67.0	0.0	0.0	0.0	0.0	1.0	2.0	1.0	0.0	0.0	7.0	5.0	3.0	0.0	0.0	101.0	0.0	0.0	2.0	2.0	0.0	4.0	9.0	0.0	0.0	0.0	0.0	0.0	0.0	0.0	127.0	0.0	0.0	0.0	0.0	0.0	0.0	1.0	2.0	2.0	0.0	70.0	0.0	12.0	90.0
mcrA_126178563_m04	1.0	16.0	0.0	0.0	12.0	0.0	6.0	6.0	0.0	1.0	182.0	2.0	0.0	0.0	0.0	1.0	13.0	0.0	0.0	14.0	0.0	0.0	0.0	0.0	17.0	1.0	4.0	0.0	0.0	4.0	1.0	2.0	17.0	0.0	38.0	0.0	0.0	1.0	0.0	0.0	7.0	1.0	3.0	0.0	5.0	2.0	0.0	0.0	4.0	141.0	2.0	5.0	0.0	5.0	6.0	0.0	0.0	0.0	2.0	0.0	145.0	0.0	0.0	12.0
mcrA_metn_BK008_03970_m10	0.0	39.0	0.0	0.0	52.0	1.0	0.0	7.0	2.0	2.0	34.0	2.0	0.0	5.0	0.0	2.0	46.0	0.0	16.0	19.0	0.0	0.0	5.0	0.0	2.0	0.0	4.0	0.0	0.0	8.0	2.0	8.0	4.0	0.0	28.0	0.0	0.0	0.0	0.0	0.0	3.0	6.0	0.0	1.0	0.0	0.0	0.0	0.0	0.0	50.0	0.0	0.0	0.0	1.0	0.0	0.0	3.0	0.0	1.0	0.0	23.0	0.0	5.0	27.0
mcrA_1220534.B655_0646_m06	0.0	164.0	0.0	1.0	315.0	0.0	0.0	4.0	8.0	7.0	229.0	1.0	1.0	1.0	0.0	7.0	175.0	1.0	1.0	127.0	0.0	0.0	4.0	0.0	0.0	0.0	3.0	0.0	0.0	5.0	18.0	2.0	0.0	0.0	194.0	0.0	0.0	2.0	0.0	3.0	0.0	21.0	0.0	3.0	6.0	2.0	0.0	1.0	0.0	203.0	0.0	0.0	0.0	0.0	9.0	0.0	0.0	5.0	9.0	2.0	122.0	0.0	10.0	119.0
mcrA_metn_BK008_03970_m12	0.0	73.0	0.0	0.0	125.0	4.0	2.0	0.0	5.0	0.0	88.0	6.0	2.0	0.0	0.0	7.0	86.0	0.0	27.0	52.0	0.0	0.0	2.0	0.0	2.0	2.0	4.0	0.0	0.0	18.0	4.0	8.0	10.0	6.0	65.0	0.0	2.0	4.0	0.0	2.0	5.0	5.0	0.0	0.0	0.0	0.0	0.0	2.0	0.0	72.0	0.0	0.0	0.0	4.0	2.0	0.0	8.0	6.0	4.0	1.0	43.0	0.0	6.0	53.0
mcrA_metn_BK008_03970_m13	0.0	76.0	1.0	0.0	135.0	0.0	1.0	4.0	4.0	0.0	86.0	6.0	2.0	2.0	2.0	4.0	70.0	0.0	30.0	43.0	0.0	0.0	2.0	0.0	2.0	4.0	2.0	0.0	0.0	8.0	4.0	6.0	8.0	2.0	65.0	0.0	0.0	2.0	0.0	2.0	10.0	8.0	0.0	0.0	9.0	0.0	0.0	2.0	0.0	70.0	0.0	0.0	0.0	2.0	10.0	2.0	2.0	4.0	5.0	1.0	37.0	0.0	3.0	49.0
mcrA_mek_MSKOL_3374_m03	0.0	0.0	30.0	5.0	0.0	5.0	83.0	6.0	0.0	0.0	0.0	0.0	0.0	2.0	0.0	0.0	0.0	4.0	234.0	0.0	0.0	0.0	0.0	18.0	0.0	0.0	0.0	0.0	2.0	5.0	0.0	13.0	34.0	0.0	0.0	13.0	0.0	93.0	0.0	0.0	42.0	0.0	22.0	0.0	3.0	48.0	0.0	0.0	4.0	0.0	18.0	59.0	0.0	25.0	4.0	0.0	23.0	0.0	50.0	0.0	0.0	0.0	0.0	0.0
mcrA_metn_BK008_03060_m10	0.0	0.0	0.0	0.0	0.0	10.0	0.0	0.0	0.0	0.0	0.0	3.0	2.0	1.0	0.0	0.0	0.0	0.0	28.0	0.0	0.0	1.0	0.0	0.0	2.0	4.0	9.0	0.0	0.0	13.0	0.0	2.0	2.0	2.0	1.0	0.0	0.0	3.0	0.0	0.0	11.0	0.0	0.0	0.0	0.0	0.0	0.0	2.0	1.0	0.0	0.0	0.0	0.0	9.0	4.0	0.0	4.0	0.0	1.0	0.0	0.0	0.0	0.0	2.0
mcrA_metn_BK008_03970_m15	0.0	111.0	0.0	0.0	146.0	5.0	0.0	2.0	0.0	0.0	101.0	4.0	0.0	0.0	0.0	2.0	101.0	0.0	11.0	56.0	0.0	2.0	0.0	0.0	0.0	0.0	3.0	0.0	0.0	6.0	2.0	6.0	0.0	6.0	69.0	0.0	0.0	1.0	1.0	0.0	2.0	12.0	0.0	0.0	0.0	0.0	0.0	0.0	0.0	93.0	0.0	0.0	0.0	0.0	3.0	0.0	2.0	3.0	2.0	2.0	61.0	0.0	4.0	74.0
mcrA_metn_BK008_03060_m11	1.0	90.0	0.0	0.0	145.0	2.0	0.0	4.0	2.0	2.0	107.0	4.0	0.0	2.0	2.0	1.0	62.0	0.0	17.0	46.0	0.0	0.0	5.0	0.0	0.0	2.0	3.0	0.0	0.0	13.0	1.0	0.0	0.0	0.0	64.0	0.0	2.0	2.0	0.0	0.0	2.0	4.0	0.0	0.0	3.0	0.0	0.0	0.0	0.0	95.0	0.0	1.0	1.0	0.0	5.0	0.0	4.0	0.0	3.0	0.0	55.0	1.0	6.0	49.0
mcrA_1220534.B655_1094_m02	0.0	1.0	0.0	0.0	1.0	21.0	0.0	0.0	0.0	0.0	0.0	2.0	2.0	0.0	0.0	0.0	1.0	0.0	76.0	0.0	0.0	0.0	0.0	0.0	0.0	20.0	3.0	0.0	0.0	29.0	0.0	7.0	0.0	2.0	2.0	0.0	0.0	27.0	0.0	0.0	2.0	1.0	0.0	0.0	0.0	0.0	0.0	0.0	0.0	0.0	0.0	0.0	0.0	2.0	9.0	0.0	12.0	0.0	4.0	0.0	0.0	0.0	0.0	0.0
mcrA_metn_BK008_03970_m17	0.0	105.0	0.0	0.0	192.0	3.0	0.0	2.0	2.0	2.0	122.0	0.0	2.0	1.0	0.0	3.0	105.0	2.0	3.0	70.0	1.0	0.0	2.0	0.0	0.0	0.0	0.0	0.0	0.0	2.0	5.0	3.0	0.0	2.0	107.0	0.0	0.0	0.0	2.0	0.0	0.0	7.0	0.0	0.0	8.0	0.0	0.0	6.0	0.0	120.0	0.0	0.0	0.0	0.0	1.0	0.0	0.0	3.0	0.0	4.0	82.0	0.0	4.0	84.0
mcrA_metn_BK008_03970_m18	0.0	82.0	0.0	0.0	136.0	3.0	0.0	0.0	6.0	2.0	100.0	0.0	0.0	2.0	2.0	1.0	81.0	0.0	6.0	71.0	0.0	0.0	6.0	0.0	0.0	2.0	4.0	0.0	0.0	10.0	7.0	2.0	0.0	0.0	64.0	0.0	0.0	0.0	2.0	3.0	2.0	10.0	1.0	0.0	0.0	0.0	0.0	0.0	0.0	100.0	0.0	0.0	0.0	0.0	2.0	0.0	6.0	4.0	2.0	0.0	60.0	0.0	2.0	78.0
mcrA_metn_BK008_03060_m12	2.0	547.0	0.0	2.0	859.0	1.0	8.0	29.0	21.0	24.0	731.0	4.0	0.0	51.0	16.0	30.0	532.0	2.0	4.0	311.0	6.0	0.0	13.0	0.0	4.0	0.0	0.0	0.0	0.0	13.0	41.0	29.0	4.0	0.0	469.0	0.0	4.0	2.0	5.0	12.0	9.0	62.0	2.0	15.0	50.0	4.0	2.0	0.0	0.0	506.0	2.0	3.0	0.0	6.0	3.0	9.0	10.0	15.0	0.0	6.0	474.0	4.0	38.0	286.0
mcrA_1220534.B655_0646_m07	0.0	168.0	0.0	0.0	357.0	2.0	3.0	1.0	11.0	2.0	261.0	0.0	0.0	9.0	0.0	11.0	229.0	0.0	13.0	142.0	0.0	0.0	4.0	0.0	0.0	0.0	0.0	0.0	0.0	5.0	13.0	3.0	2.0	0.0	165.0	0.0	0.0	3.0	0.0	0.0	0.0	22.0	1.0	0.0	4.0	2.0	0.0	0.0	0.0	206.0	0.0	0.0	0.0	0.0	6.0	0.0	4.0	2.0	0.0	2.0	127.0	0.0	17.0	131.0
mcrA_metn_BK008_03970_m19	0.0	47.0	0.0	0.0	64.0	3.0	0.0	0.0	2.0	1.0	71.0	1.0	0.0	0.0	0.0	3.0	64.0	0.0	4.0	25.0	0.0	0.0	2.0	0.0	0.0	4.0	0.0	0.0	0.0	3.0	2.0	0.0	0.0	0.0	51.0	0.0	0.0	0.0	0.0	3.0	8.0	8.0	0.0	0.0	0.0	0.0	0.0	0.0	0.0	47.0	0.0	0.0	0.0	0.0	2.0	0.0	0.0	1.0	3.0	0.0	27.0	1.0	5.0	38.0
mcrA_A0A1V5BBH9_m11	15.0	0.0	0.0	0.0	0.0	29.0	0.0	0.0	2.0	33.0	0.0	50.0	25.0	0.0	0.0	0.0	0.0	0.0	21.0	0.0	12.0	0.0	0.0	0.0	29.0	44.0	30.0	27.0	0.0	46.0	1.0	3.0	5.0	63.0	0.0	0.0	0.0	6.0	31.0	0.0	4.0	0.0	0.0	27.0	0.0	0.0	12.0	13.0	0.0	0.0	0.0	0.0	32.0	17.0	22.0	33.0	0.0	0.0	19.0	0.0	0.0	0.0	0.0	0.0
mcrA_A0A1V5BBH9_m05	20.0	0.0	0.0	0.0	0.0	52.0	0.0	0.0	0.0	70.0	0.0	56.0	38.0	0.0	0.0	0.0	1.0	0.0	27.0	0.0	20.0	0.0	0.0	1.0	47.0	34.0	35.0	28.0	0.0	38.0	0.0	9.0	8.0	70.0	0.0	2.0	0.0	0.0	48.0	0.0	7.0	0.0	0.0	54.0	0.0	0.0	32.0	36.0	0.0	0.0	0.0	0.0	25.0	5.0	42.0	38.0	2.0	0.0	9.0	0.0	0.0	0.0	0.0	0.0
mcrA_A0A1V5BBH9_m06	0.0	1.0	0.0	0.0	0.0	18.0	0.0	0.0	0.0	1.0	1.0	19.0	13.0	0.0	0.0	0.0	0.0	0.0	10.0	0.0	0.0	0.0	1.0	0.0	14.0	16.0	6.0	1.0	0.0	21.0	0.0	3.0	2.0	63.0	0.0	0.0	0.0	0.0	1.0	0.0	0.0	0.0	0.0	0.0	0.0	0.0	1.0	3.0	0.0	0.0	0.0	0.0	1.0	4.0	11.0	0.0	2.0	0.0	4.0	0.0	0.0	0.0	1.0	0.0
mcrA_metn_BK008_03060_m13	0.0	70.0	0.0	0.0	174.0	5.0	0.0	1.0	2.0	2.0	103.0	4.0	0.0	0.0	0.0	5.0	105.0	0.0	12.0	81.0	0.0	0.0	1.0	0.0	2.0	0.0	0.0	0.0	0.0	2.0	4.0	2.0	1.0	2.0	83.0	0.0	0.0	2.0	0.0	3.0	4.0	8.0	0.0	0.0	2.0	0.0	0.0	0.0	0.0	78.0	0.0	0.0	0.0	0.0	2.0	0.0	0.0	2.0	0.0	0.0	58.0	0.0	9.0	58.0
