	ZB_1	ZB_2	ZB_3	ZB_4	ZB_5	ZB_6	ZB_7	ZB_8	ZB_9	ZB_10	ZB_11	ZB_12	ZB_13	ZB_14	ZB_15	ZB_16	ZB_17	ZB_18	ZB_19	ZB_20	ZB_21	ZB_22	ZB_23	ZB_24	ZB_25	ZB_26	ZB_27	ZB_28	ZB_29	ZB_30	ZB_31	ZB_32	ZB_33	ZB_34	ZB_35	ZB_36	ZB_37	ZB_38	ZB_39	ZB_40	ZB_41	ZB_42	ZB_43	ZB_44	ZB_45	ZB_46	ZB_47	ZB_48	ZB_49	ZB_50	ZB_51	ZB_52	ZB_53	ZB_54	ZB_55	ZB_56	ZB_57	ZB_58	ZB_59	ZB_60	ZB_61	ZB_62	ZB_63	ZB_64
mcrB_330506958	754.0	0.0	0.0	0.0	0.0	586.0	0.0	0.0	0.0	1440.0	10.0	869.0	440.0	0.0	0.0	0.0	9.0	0.0	378.0	0.0	834.0	0.0	1.0	0.0	525.0	830.0	435.0	1175.0	0.0	453.0	0.0	60.0	131.0	980.0	11.0	4.0	1.0	35.0	927.0	1.0	160.0	4.0	0.0	1533.0	0.0	0.0	3001.0	1235.0	0.0	0.0	0.0	0.0	1294.0	160.0	584.0	1214.0	43.0	0.0	180.0	0.0	0.0	1.0	3.0	0.0
mcrB_A0A1V4TFM3	2.0	2359.0	0.0	12.0	3870.0	0.0	4.0	47.0	78.0	17.0	3131.0	4.0	0.0	52.0	28.0	122.0	2680.0	2.0	7.0	1499.0	8.0	0.0	50.0	0.0	1.0	4.0	0.0	2.0	3.0	15.0	190.0	34.0	6.0	0.0	2305.0	0.0	8.0	0.0	5.0	25.0	19.0	285.0	4.0	9.0	44.0	2.0	4.0	0.0	0.0	1972.0	0.0	2.0	0.0	2.0	3.0	4.0	5.0	45.0	1.0	21.0	1537.0	4.0	182.0	1572.0
mcrB_A0A1V5B7T9	117.0	0.0	887.0	0.0	0.0	0.0	732.0	0.0	1.0	79.0	0.0	3.0	2.0	0.0	0.0	21.0	0.0	0.0	0.0	0.0	28.0	0.0	4.0	111.0	21.0	0.0	4.0	136.0	0.0	0.0	0.0	0.0	8.0	0.0	0.0	754.0	0.0	1.0	48.0	2.0	12.0	16.0	92.0	44.0	0.0	156.0	21.0	2.0	378.0	0.0	399.0	719.0	71.0	9.0	0.0	81.0	0.0	15.0	0.0	0.0	0.0	0.0	3.0	0.0
mcrB_386001201	322.0	0.0	2725.0	0.0	0.0	0.0	2546.0	0.0	3.0	207.0	0.0	13.0	2.0	0.0	0.0	71.0	0.0	0.0	0.0	0.0	71.0	0.0	4.0	428.0	82.0	0.0	7.0	392.0	0.0	0.0	9.0	0.0	34.0	1.0	0.0	2493.0	0.0	0.0	115.0	8.0	52.0	40.0	294.0	101.0	1.0	446.0	61.0	13.0	1244.0	0.0	1200.0	2411.0	255.0	24.0	0.0	242.0	0.0	33.0	0.0	0.0	0.0	0.0	16.0	0.0
mcrB_A0A1V4YGP1	6.0	47.0	43.0	38.0	78.0	21.0	116.0	90.0	555.0	44.0	62.0	25.0	0.0	64.0	13.0	662.0	61.0	34.0	300.0	53.0	11.0	31.0	1318.0	16.0	5.0	10.0	4.0	12.0	13.0	170.0	875.0	726.0	75.0	8.0	63.0	86.0	40.0	136.0	4.0	1197.0	290.0	1066.0	22.0	40.0	52.0	13.0	4.0	2.0	26.0	46.0	12.0	60.0	5.0	24.0	28.0	11.0	536.0	375.0	136.0	626.0	40.0	25.0	685.0	40.0
mcrB_meto_CIT02_09460	0.0	72.0	0.0	2.0	166.0	4.0	0.0	3.0	2.0	0.0	117.0	9.0	13.0	1.0	2.0	9.0	89.0	0.0	6.0	56.0	2.0	0.0	0.0	0.0	4.0	4.0	18.0	0.0	0.0	5.0	3.0	7.0	9.0	0.0	90.0	0.0	0.0	0.0	0.0	0.0	22.0	3.0	0.0	0.0	0.0	2.0	0.0	5.0	1.0	82.0	0.0	0.0	0.0	4.0	3.0	0.0	7.0	0.0	0.0	0.0	61.0	2.0	6.0	62.0
mcrB_1220534.B655_0643	0.0	2708.0	0.0	5.0	4654.0	0.0	10.0	55.0	69.0	23.0	3340.0	14.0	0.0	79.0	17.0	143.0	3033.0	10.0	0.0	1849.0	12.0	2.0	33.0	0.0	0.0	0.0	0.0	0.0	2.0	10.0	187.0	41.0	6.0	0.0	2935.0	0.0	2.0	0.0	2.0	28.0	11.0	269.0	8.0	8.0	72.0	2.0	2.0	2.0	2.0	2381.0	0.0	2.0	5.0	0.0	0.0	2.0	6.0	58.0	2.0	28.0	1977.0	3.0	171.0	2323.0
mcrB_meto_CIT02_08465	0.0	284.0	0.0	0.0	525.0	0.0	1.0	11.0	8.0	9.0	351.0	12.0	8.0	9.0	3.0	16.0	331.0	2.0	4.0	211.0	5.0	0.0	6.0	0.0	10.0	0.0	2.0	1.0	0.0	3.0	19.0	6.0	8.0	2.0	263.0	0.0	2.0	2.0	0.0	5.0	11.0	15.0	2.0	1.0	14.0	1.0	0.0	2.0	0.0	263.0	0.0	0.0	0.0	6.0	0.0	1.0	4.0	0.0	4.0	4.0	207.0	0.0	19.0	257.0
mcrB_397780690	4.0	1663.0	20.0	9.0	3421.0	0.0	28.0	1.0	40.0	10.0	2593.0	2.0	2.0	4.0	2.0	39.0	2362.0	2.0	4.0	2987.0	2.0	4.0	33.0	16.0	3.0	1.0	0.0	11.0	6.0	2.0	31.0	3.0	9.0	0.0	2311.0	42.0	2.0	2.0	2.0	44.0	12.0	42.0	2.0	3.0	10.0	13.0	4.0	2.0	43.0	1393.0	14.0	30.0	6.0	5.0	4.0	0.0	4.0	22.0	2.0	11.0	587.0	2.0	29.0	1513.0
mcrB_397780900	0.0	1641.0	10.0	11.0	3154.0	2.0	16.0	2.0	17.0	2.0	2226.0	2.0	2.0	5.0	1.0	19.0	2205.0	3.0	0.0	2775.0	2.0	3.0	41.0	5.0	5.0	2.0	6.0	6.0	2.0	4.0	30.0	5.0	8.0	3.0	2218.0	41.0	3.0	3.0	5.0	32.0	15.0	36.0	16.0	8.0	1.0	4.0	0.0	0.0	31.0	1184.0	18.0	21.0	2.0	7.0	1.0	3.0	2.0	12.0	2.0	28.0	570.0	2.0	22.0	1484.0
mcrB_A0A1V4YTW0	3.0	1.0	0.0	0.0	0.0	0.0	0.0	1.0	0.0	4.0	1.0	4.0	0.0	2.0	4.0	0.0	2.0	0.0	2.0	0.0	2.0	1.0	2.0	1.0	1.0	0.0	0.0	3.0	0.0	0.0	0.0	0.0	0.0	0.0	0.0	0.0	0.0	0.0	0.0	0.0	18.0	0.0	0.0	6.0	0.0	0.0	0.0	0.0	0.0	0.0	0.0	0.0	8.0	2.0	0.0	2.0	0.0	0.0	0.0	0.0	0.0	0.0	0.0	0.0
mcrB_msub_BK009_08280	0.0	350.0	0.0	0.0	568.0	8.0	0.0	14.0	15.0	8.0	390.0	8.0	2.0	10.0	2.0	24.0	346.0	2.0	19.0	171.0	2.0	0.0	2.0	0.0	2.0	4.0	1.0	0.0	2.0	10.0	18.0	10.0	8.0	0.0	350.0	0.0	0.0	0.0	1.0	1.0	12.0	23.0	0.0	0.0	14.0	0.0	0.0	3.0	0.0	264.0	0.0	0.0	0.0	0.0	5.0	1.0	8.0	4.0	0.0	2.0	271.0	1.0	20.0	251.0
mcrB_mfz_AOB57_007315	0.0	0.0	237.0	1.0	0.0	0.0	1555.0	0.0	0.0	2.0	0.0	0.0	0.0	0.0	0.0	0.0	0.0	0.0	139.0	0.0	0.0	0.0	0.0	5827.0	4.0	0.0	0.0	0.0	0.0	3273.0	0.0	2066.0	5.0	0.0	0.0	217.0	0.0	2123.0	0.0	0.0	4.0	0.0	10458.0	0.0	0.0	7602.0	0.0	0.0	151.0	0.0	206.0	912.0	0.0	0.0	0.0	0.0	1713.0	0.0	478.0	0.0	0.0	0.0	0.0	0.0
mcrB_G9BY94	3.0	3.0	94.0	561.0	4.0	1.0	139.0	586.0	24.0	8.0	8.0	0.0	0.0	702.0	112.0	11.0	3.0	487.0	0.0	4.0	2.0	101.0	8.0	172.0	2.0	2.0	2.0	4.0	117.0	0.0	10.0	0.0	15.0	0.0	0.0	33.0	138.0	0.0	15.0	17.0	40.0	67.0	145.0	2.0	546.0	203.0	6.0	4.0	10.0	12.0	50.0	184.0	0.0	2.0	0.0	2.0	0.0	10.0	0.0	3.0	5.0	63.0	23.0	2.0
mcrB_A0A1V4YKJ4	0.0	0.0	0.0	0.0	0.0	18.0	0.0	0.0	0.0	0.0	0.0	0.0	13.0	0.0	0.0	0.0	0.0	1.0	8.0	0.0	0.0	0.0	0.0	0.0	1.0	5.0	0.0	0.0	0.0	11.0	0.0	0.0	0.0	7.0	0.0	0.0	0.0	0.0	0.0	0.0	0.0	0.0	0.0	0.0	0.0	0.0	0.0	0.0	0.0	0.0	0.0	0.0	0.0	0.0	5.0	0.0	0.0	0.0	0.0	0.0	0.0	0.0	0.0	0.0
mcrB_A0A2I0P7C6	0.0	1.0	0.0	8.0	1.0	0.0	0.0	37.0	0.0	0.0	0.0	2.0	0.0	80.0	24.0	2.0	0.0	19.0	0.0	2.0	0.0	4.0	0.0	0.0	5.0	0.0	3.0	0.0	7.0	0.0	0.0	0.0	0.0	0.0	0.0	0.0	4.0	0.0	0.0	0.0	0.0	2.0	0.0	0.0	63.0	0.0	0.0	0.0	1.0	1.0	0.0	0.0	0.0	2.0	1.0	0.0	0.0	0.0	1.0	0.0	0.0	2.0	0.0	1.0
mcrB_A0A1V4UXE7	5.0	0.0	53.0	0.0	0.0	0.0	35.0	0.0	3.0	2.0	1.0	0.0	0.0	0.0	0.0	18.0	1.0	0.0	0.0	0.0	1.0	0.0	10.0	2.0	0.0	0.0	0.0	6.0	0.0	0.0	15.0	0.0	0.0	0.0	0.0	31.0	2.0	0.0	2.0	4.0	0.0	19.0	3.0	2.0	0.0	3.0	1.0	0.0	13.0	2.0	8.0	39.0	1.0	0.0	0.0	2.0	0.0	4.0	0.0	3.0	0.0	0.0	16.0	0.0
mcrB_435851803	1.0	0.0	0.0	1.0	0.0	16.0	0.0	0.0	0.0	1.0	0.0	2.0	8.0	0.0	0.0	0.0	2.0	0.0	53.0	0.0	0.0	0.0	1.0	0.0	2.0	27.0	0.0	0.0	0.0	47.0	0.0	0.0	1.0	41.0	0.0	0.0	0.0	2.0	0.0	0.0	0.0	0.0	0.0	0.0	0.0	0.0	0.0	3.0	0.0	0.0	0.0	0.0	0.0	2.0	28.0	0.0	1.0	0.0	12.0	0.0	0.0	0.0	0.0	0.0
mcrB_566003807	0.0	45.0	0.0	0.0	95.0	0.0	1.0	1.0	38.0	0.0	69.0	0.0	0.0	0.0	0.0	52.0	54.0	0.0	3.0	19.0	0.0	0.0	151.0	2.0	1.0	0.0	0.0	0.0	0.0	0.0	79.0	5.0	0.0	0.0	55.0	0.0	0.0	0.0	0.0	104.0	1.0	135.0	0.0	0.0	2.0	0.0	0.0	0.0	1.0	45.0	0.0	2.0	0.0	0.0	0.0	0.0	5.0	30.0	3.0	65.0	40.0	0.0	82.0	19.0
mcrB_A0A1V6K8N7	0.0	40.0	0.0	0.0	27.0	1.0	0.0	0.0	0.0	0.0	687.0	0.0	0.0	0.0	0.0	0.0	29.0	0.0	1.0	63.0	0.0	0.0	0.0	0.0	0.0	13.0	0.0	0.0	0.0	1.0	2.0	1.0	0.0	2.0	140.0	2.0	0.0	0.0	0.0	0.0	0.0	1.0	0.0	0.0	0.0	2.0	0.0	1.0	1.0	514.0	3.0	0.0	0.0	0.0	2.0	0.0	0.0	2.0	0.0	0.0	503.0	0.0	0.0	13.0
mcrB_509155603	0.0	243.0	0.0	0.0	261.0	0.0	1.0	0.0	0.0	0.0	78.0	0.0	1.0	129.0	67.0	0.0	155.0	0.0	0.0	127.0	0.0	0.0	0.0	0.0	0.0	0.0	0.0	0.0	0.0	2.0	0.0	0.0	0.0	0.0	128.0	0.0	0.0	0.0	0.0	0.0	0.0	0.0	0.0	0.0	441.0	0.0	0.0	0.0	0.0	27.0	0.0	0.0	0.0	0.0	0.0	0.0	0.0	0.0	0.0	0.0	6.0	0.0	0.0	124.0
mcrB_21227346	0.0	0.0	27.0	1.0	0.0	11.0	89.0	1.0	0.0	0.0	1.0	4.0	7.0	1.0	2.0	0.0	0.0	3.0	199.0	0.0	0.0	0.0	0.0	12.0	21.0	10.0	0.0	0.0	1.0	20.0	0.0	5.0	113.0	10.0	0.0	50.0	1.0	53.0	0.0	0.0	205.0	0.0	17.0	0.0	4.0	26.0	0.0	0.0	37.0	0.0	35.0	67.0	0.0	102.0	49.0	0.0	21.0	0.0	36.0	0.0	0.0	0.0	0.0	0.0
mcrB_84489139	0.0	17.0	0.0	0.0	30.0	0.0	0.0	0.0	0.0	0.0	15.0	0.0	0.0	0.0	0.0	1.0	19.0	0.0	0.0	8.0	0.0	0.0	0.0	0.0	0.0	0.0	0.0	0.0	0.0	0.0	0.0	0.0	0.0	0.0	4.0	0.0	1.0	0.0	0.0	0.0	0.0	0.0	0.0	0.0	0.0	0.0	0.0	0.0	0.0	1.0	0.0	0.0	0.0	0.0	0.0	0.0	0.0	0.0	0.0	0.0	5.0	0.0	1.0	16.0
mcrB_126178567	1.0	50.0	0.0	2.0	92.0	0.0	0.0	3.0	2.0	0.0	111.0	2.0	0.0	21.0	9.0	3.0	71.0	6.0	0.0	83.0	0.0	3.0	3.0	1.0	5.0	0.0	3.0	0.0	4.0	0.0	5.0	0.0	8.0	0.0	73.0	0.0	0.0	0.0	0.0	6.0	3.0	2.0	0.0	0.0	24.0	0.0	0.0	0.0	1.0	50.0	0.0	3.0	0.0	0.0	2.0	0.0	0.0	0.0	2.0	2.0	29.0	0.0	2.0	27.0
mcrB_566003683	0.0	18.0	0.0	0.0	28.0	6.0	0.0	0.0	0.0	0.0	22.0	7.0	6.0	0.0	0.0	0.0	26.0	0.0	31.0	15.0	0.0	0.0	2.0	0.0	6.0	6.0	9.0	0.0	0.0	8.0	2.0	12.0	11.0	2.0	20.0	0.0	0.0	2.0	0.0	0.0	18.0	1.0	1.0	0.0	0.0	0.0	0.0	4.0	0.0	24.0	0.0	0.0	0.0	10.0	7.0	0.0	9.0	0.0	3.0	1.0	16.0	0.0	3.0	26.0
mcrB_A0A1V6KA07	0.0	14.0	0.0	0.0	9.0	0.0	1.0	0.0	0.0	0.0	117.0	16.0	0.0	0.0	0.0	0.0	5.0	0.0	0.0	12.0	0.0	0.0	0.0	2.0	10.0	0.0	3.0	0.0	0.0	0.0	2.0	0.0	28.0	0.0	34.0	1.0	0.0	0.0	0.0	0.0	17.0	4.0	4.0	0.0	1.0	4.0	0.0	0.0	2.0	113.0	1.0	2.0	0.0	10.0	0.0	0.0	1.0	0.0	2.0	0.0	86.0	0.0	0.0	4.0
mcrB_126178325	0.0	1.0	3.0	1.0	1.0	1.0	13.0	0.0	1.0	0.0	2.0	6.0	4.0	0.0	1.0	3.0	1.0	0.0	0.0	1.0	0.0	0.0	0.0	4.0	8.0	0.0	4.0	0.0	0.0	0.0	6.0	0.0	5.0	5.0	0.0	5.0	0.0	0.0	0.0	0.0	9.0	5.0	2.0	0.0	0.0	5.0	2.0	1.0	6.0	1.0	2.0	3.0	0.0	6.0	2.0	0.0	0.0	5.0	1.0	1.0	0.0	0.0	2.0	0.0
mcrB_432331961	0.0	0.0	0.0	1.0	0.0	7.0	0.0	0.0	0.0	0.0	0.0	1.0	0.0	0.0	0.0	0.0	0.0	0.0	0.0	0.0	0.0	0.0	0.0	0.0	0.0	4.0	0.0	0.0	0.0	11.0	0.0	0.0	0.0	5.0	0.0	0.0	0.0	1.0	0.0	0.0	0.0	0.0	0.0	0.0	0.0	0.0	0.0	0.0	0.0	0.0	0.0	0.0	0.0	0.0	2.0	0.0	0.0	0.0	0.0	0.0	0.0	0.0	0.0	0.0
mcrB_mett_CIT01_03650	1.0	0.0	0.0	0.0	0.0	178.0	0.0	2.0	0.0	0.0	0.0	327.0	89.0	0.0	0.0	0.0	0.0	0.0	913.0	0.0	0.0	0.0	0.0	0.0	149.0	174.0	183.0	0.0	0.0	410.0	0.0	249.0	271.0	52.0	0.0	0.0	0.0	244.0	0.0	0.0	316.0	0.0	0.0	0.0	0.0	0.0	0.0	88.0	0.0	0.0	0.0	0.0	0.0	296.0	197.0	0.0	290.0	0.0	113.0	0.0	0.0	0.0	0.0	0.0
mcrB_WP_128693490.1	1.0	0.0	0.0	0.0	0.0	55.0	0.0	0.0	0.0	0.0	0.0	0.0	6.0	0.0	0.0	0.0	0.0	0.0	7.0	0.0	0.0	0.0	0.0	0.0	0.0	93.0	1.0	0.0	0.0	7.0	0.0	0.0	0.0	50.0	0.0	0.0	0.0	3.0	0.0	0.0	0.0	0.0	0.0	0.0	0.0	0.0	0.0	10.0	0.0	0.0	0.0	0.0	0.0	1.0	14.0	0.0	2.0	0.0	1.0	0.0	0.0	0.0	0.0	0.0
mcrB_WP_067048385.1	0.0	0.0	0.0	0.0	0.0	53.0	2.0	0.0	0.0	1.0	0.0	0.0	6.0	0.0	0.0	0.0	1.0	0.0	67.0	0.0	0.0	0.0	0.0	0.0	0.0	90.0	0.0	0.0	0.0	41.0	0.0	17.0	1.0	70.0	0.0	0.0	0.0	13.0	0.0	0.0	0.0	0.0	0.0	0.0	0.0	0.0	0.0	0.0	0.0	0.0	0.0	0.0	0.0	0.0	38.0	0.0	6.0	0.0	9.0	0.0	0.0	0.0	0.0	0.0
mcrB_WP_130645561.1	0.0	0.0	0.0	0.0	0.0	310.0	0.0	0.0	0.0	0.0	0.0	9.0	52.0	0.0	0.0	0.0	1.0	0.0	178.0	0.0	0.0	0.0	0.0	0.0	20.0	943.0	16.0	0.0	0.0	261.0	0.0	14.0	3.0	444.0	0.0	0.0	0.0	21.0	0.0	0.0	0.0	0.0	0.0	0.0	0.0	0.0	0.0	12.0	0.0	0.0	0.0	0.0	0.0	3.0	232.0	0.0	4.0	0.0	8.0	0.0	0.0	0.0	0.0	0.0
mcrB_WP_109941053.1	1.0	0.0	2.0	4.0	0.0	3.0	0.0	0.0	0.0	0.0	1.0	16.0	0.0	0.0	0.0	1.0	1.0	2.0	0.0	0.0	0.0	5.0	0.0	0.0	0.0	2.0	2.0	2.0	7.0	8.0	0.0	0.0	2.0	0.0	0.0	0.0	7.0	0.0	0.0	0.0	3.0	0.0	2.0	0.0	0.0	2.0	1.0	5.0	0.0	0.0	0.0	2.0	0.0	2.0	4.0	2.0	0.0	0.0	2.0	2.0	1.0	2.0	0.0	0.0
mcrB_A0A150JJS7	0.0	0.0	0.0	0.0	0.0	3.0	0.0	0.0	0.0	0.0	1.0	4.0	0.0	0.0	0.0	0.0	0.0	0.0	0.0	0.0	0.0	2.0	0.0	0.0	0.0	0.0	0.0	0.0	0.0	6.0	14.0	4.0	0.0	0.0	0.0	0.0	0.0	0.0	0.0	0.0	0.0	1.0	0.0	0.0	0.0	0.0	0.0	3.0	0.0	0.0	0.0	0.0	0.0	0.0	7.0	1.0	0.0	0.0	0.0	0.0	0.0	0.0	6.0	0.0
mcrB_A0A1V5A8Q3	0.0	0.0	0.0	0.0	0.0	22.0	1.0	0.0	0.0	0.0	0.0	2.0	2.0	0.0	0.0	0.0	0.0	0.0	7.0	0.0	0.0	0.0	0.0	0.0	2.0	31.0	0.0	0.0	0.0	2.0	0.0	0.0	0.0	28.0	0.0	0.0	0.0	1.0	0.0	0.0	0.0	0.0	0.0	0.0	0.0	0.0	0.0	5.0	0.0	0.0	0.0	0.0	0.0	0.0	2.0	0.0	0.0	0.0	5.0	0.0	0.0	0.0	0.0	0.0
mcrB_A0A1V4TNC4	0.0	0.0	0.0	0.0	0.0	16.0	0.0	0.0	0.0	0.0	0.0	1.0	2.0	0.0	0.0	0.0	0.0	0.0	0.0	0.0	0.0	0.0	0.0	0.0	1.0	4.0	0.0	0.0	0.0	13.0	1.0	0.0	0.0	8.0	0.0	0.0	0.0	2.0	0.0	0.0	0.0	0.0	0.0	0.0	0.0	0.0	0.0	4.0	0.0	0.0	0.0	0.0	0.0	0.0	7.0	0.0	0.0	0.0	1.0	0.0	0.0	0.0	0.0	0.0
mcrB_A0A2I0PKZ1	0.0	0.0	0.0	0.0	1.0	51.0	0.0	0.0	0.0	0.0	0.0	165.0	45.0	0.0	0.0	0.0	0.0	0.0	402.0	0.0	0.0	0.0	0.0	0.0	91.0	75.0	119.0	0.0	0.0	180.0	0.0	114.0	173.0	18.0	0.0	0.0	0.0	85.0	0.0	0.0	245.0	0.0	0.0	0.0	0.0	0.0	0.0	54.0	0.0	0.0	0.0	0.0	0.0	162.0	72.0	0.0	85.0	0.0	71.0	0.0	0.0	0.0	0.0	0.0
mcrB_A0A5E4IHL0	0.0	0.0	0.0	0.0	0.0	114.0	0.0	0.0	0.0	0.0	0.0	4.0	4.0	0.0	0.0	0.0	0.0	0.0	22.0	0.0	0.0	0.0	2.0	0.0	2.0	53.0	4.0	0.0	0.0	79.0	0.0	0.0	0.0	153.0	0.0	0.0	0.0	0.0	0.0	0.0	0.0	0.0	0.0	0.0	0.0	0.0	0.0	0.0	0.0	0.0	0.0	0.0	0.0	0.0	57.0	0.0	6.0	0.0	0.0	0.0	0.0	0.0	0.0	0.0
mcrB_A0A1V4ZNX3	0.0	0.0	0.0	0.0	0.0	471.0	0.0	0.0	0.0	0.0	0.0	4.0	44.0	0.0	0.0	0.0	0.0	0.0	115.0	0.0	0.0	0.0	0.0	0.0	2.0	813.0	2.0	0.0	0.0	63.0	0.0	17.0	2.0	476.0	0.0	0.0	0.0	13.0	0.0	0.0	0.0	0.0	0.0	0.0	0.0	0.0	0.0	32.0	0.0	0.0	0.0	0.0	0.0	2.0	136.0	0.0	16.0	0.0	8.0	0.0	0.0	0.0	0.0	0.0
mcrB_WP_128505378.1	1.0	0.0	109.0	1.0	0.0	7.0	319.0	5.0	0.0	0.0	0.0	0.0	0.0	7.0	0.0	2.0	0.0	4.0	574.0	0.0	0.0	0.0	0.0	36.0	83.0	3.0	0.0	0.0	0.0	9.0	0.0	31.0	416.0	9.0	0.0	214.0	0.0	204.0	0.0	0.0	627.0	0.0	47.0	0.0	0.0	89.0	0.0	0.0	125.0	0.0	140.0	367.0	0.0	261.0	24.0	0.0	85.0	0.0	119.0	0.0	0.0	0.0	0.0	0.0
mcrB_73668436	0.0	0.0	251.0	21.0	0.0	2.0	413.0	13.0	0.0	0.0	0.0	0.0	0.0	18.0	0.0	0.0	0.0	16.0	694.0	0.0	0.0	0.0	0.0	94.0	245.0	7.0	0.0	0.0	2.0	9.0	0.0	63.0	1269.0	12.0	0.0	590.0	17.0	442.0	0.0	0.0	1793.0	0.0	96.0	0.0	20.0	230.0	0.0	0.0	362.0	0.0	283.0	528.0	0.0	676.0	29.0	0.0	197.0	0.0	315.0	0.0	0.0	10.0	0.0	0.0
mcrB_mef_MSWH1_0085	0.0	0.0	315.0	11.0	0.0	0.0	505.0	16.0	0.0	0.0	0.0	0.0	0.0	19.0	0.0	0.0	0.0	31.0	564.0	1.0	0.0	0.0	0.0	85.0	256.0	4.0	0.0	0.0	2.0	17.0	0.0	52.0	1234.0	0.0	0.0	702.0	9.0	463.0	0.0	0.0	1775.0	0.0	117.0	0.0	26.0	193.0	0.0	0.0	420.0	0.0	273.0	627.0	0.0	717.0	5.0	0.0	181.0	0.0	291.0	0.0	0.0	2.0	0.0	0.0
mcrB_A0A1V5B0S7	0.0	0.0	0.0	0.0	0.0	12.0	0.0	0.0	19.0	0.0	0.0	0.0	0.0	1.0	2.0	50.0	0.0	2.0	1.0	0.0	0.0	0.0	11.0	0.0	0.0	0.0	0.0	0.0	0.0	2.0	19.0	0.0	0.0	5.0	0.0	0.0	1.0	0.0	0.0	19.0	0.0	47.0	0.0	0.0	0.0	0.0	0.0	0.0	0.0	1.0	0.0	0.0	1.0	0.0	2.0	0.0	0.0	13.0	0.0	7.0	0.0	0.0	41.0	0.0
mcrB_mthr_MSTHT_1640	0.0	0.0	0.0	0.0	0.0	0.0	0.0	0.0	0.0	0.0	0.0	0.0	0.0	0.0	0.0	0.0	0.0	0.0	124.0	0.0	0.0	0.0	0.0	0.0	0.0	0.0	0.0	0.0	0.0	9.0	0.0	1.0	1.0	0.0	0.0	0.0	0.0	26.0	0.0	0.0	0.0	0.0	2.0	0.0	0.0	0.0	0.0	0.0	0.0	0.0	1.0	0.0	0.0	0.0	0.0	0.0	6.0	0.0	67.0	0.0	0.0	0.0	0.0	0.0
mcrB_metm_MSMTP_0096	0.0	0.0	4.0	0.0	2.0	0.0	15.0	1.0	0.0	0.0	0.0	0.0	0.0	0.0	1.0	0.0	1.0	0.0	30.0	0.0	0.0	0.0	0.0	3.0	4.0	0.0	1.0	0.0	1.0	0.0	0.0	0.0	29.0	0.0	0.0	28.0	0.0	12.0	0.0	0.0	29.0	0.0	3.0	0.0	0.0	10.0	0.0	0.0	6.0	0.0	7.0	17.0	0.0	9.0	0.0	0.0	8.0	0.0	9.0	0.0	0.0	2.0	0.0	0.0
mcrB_WP_004037746.1	0.0	0.0	0.0	0.0	0.0	473.0	0.0	0.0	0.0	0.0	0.0	1.0	48.0	0.0	0.0	0.0	0.0	0.0	122.0	0.0	0.0	0.0	0.0	0.0	3.0	914.0	7.0	0.0	0.0	85.0	0.0	18.0	3.0	617.0	0.0	0.0	1.0	16.0	0.0	0.0	0.0	0.0	0.0	0.0	0.0	0.0	0.0	43.0	0.0	0.0	0.0	0.0	0.0	2.0	160.0	0.0	24.0	0.0	8.0	0.0	0.0	0.0	0.0	0.0
mcrB_330506958_m01	1.0	2.0	0.0	7.0	8.0	9.0	2.0	16.0	732.0	0.0	8.0	1.0	0.0	29.0	204.0	2770.0	6.0	49.0	2.0	6.0	0.0	26.0	1148.0	0.0	0.0	11.0	0.0	12.0	21.0	8.0	1168.0	0.0	0.0	5.0	0.0	0.0	36.0	0.0	0.0	1065.0	59.0	2130.0	0.0	0.0	28.0	0.0	0.0	0.0	0.0	20.0	0.0	0.0	1.0	0.0	6.0	1.0	0.0	1175.0	1.0	455.0	2.0	0.0	1903.0	5.0
mcrB_A0A1V4TFM3_m01	0.0	112.0	1.0	2.0	261.0	115.0	2.0	1.0	6.0	0.0	186.0	252.0	53.0	3.0	0.0	6.0	146.0	0.0	795.0	95.0	0.0	0.0	12.0	0.0	124.0	148.0	177.0	0.0	0.0	331.0	8.0	189.0	204.0	45.0	141.0	2.0	1.0	221.0	0.0	1.0	275.0	12.0	0.0	0.0	4.0	0.0	1.0	70.0	0.0	109.0	0.0	0.0	0.0	200.0	173.0	0.0	219.0	2.0	100.0	1.0	100.0	1.0	7.0	119.0
mcrB_A0A1V5B7T9_m01	124.0	0.0	166.0	0.0	0.0	0.0	150.0	0.0	0.0	106.0	3.0	2.0	0.0	0.0	0.0	49.0	0.0	0.0	0.0	0.0	68.0	0.0	7.0	24.0	0.0	0.0	0.0	122.0	0.0	0.0	4.0	0.0	1.0	0.0	0.0	166.0	0.0	0.0	57.0	5.0	3.0	47.0	20.0	44.0	0.0	48.0	31.0	4.0	76.0	0.0	68.0	138.0	45.0	0.0	0.0	59.0	0.0	13.0	0.0	2.0	0.0	0.0	10.0	0.0
mcrB_metn_BK008_03080_m01	0.0	1116.0	0.0	4.0	1839.0	33.0	2.0	18.0	35.0	23.0	1420.0	58.0	11.0	31.0	8.0	45.0	1260.0	7.0	187.0	676.0	6.0	0.0	26.0	0.0	39.0	31.0	58.0	2.0	2.0	85.0	81.0	77.0	53.0	3.0	1159.0	0.0	3.0	44.0	0.0	9.0	75.0	123.0	4.0	8.0	34.0	4.0	0.0	23.0	0.0	923.0	0.0	0.0	2.0	54.0	39.0	0.0	39.0	21.0	18.0	5.0	767.0	1.0	65.0	795.0
mcrB_386001201_m01	15.0	0.0	497.0	0.0	0.0	0.0	394.0	0.0	6.0	22.0	1.0	0.0	0.0	0.0	0.0	131.0	0.0	0.0	0.0	0.0	20.0	0.0	11.0	100.0	9.0	0.0	0.0	23.0	0.0	0.0	12.0	0.0	6.0	0.0	0.0	464.0	0.0	0.0	13.0	12.0	6.0	150.0	67.0	11.0	0.0	155.0	6.0	2.0	224.0	0.0	175.0	429.0	14.0	7.0	0.0	23.0	0.0	23.0	1.0	2.0	0.0	0.0	27.0	0.0
mcrB_A0A1V4YGP1_m01	0.0	0.0	0.0	0.0	0.0	61.0	0.0	0.0	17.0	0.0	0.0	1.0	5.0	0.0	0.0	19.0	0.0	0.0	119.0	0.0	0.0	0.0	44.0	0.0	4.0	31.0	0.0	0.0	0.0	113.0	29.0	30.0	1.0	24.0	0.0	0.0	0.0	27.0	0.0	30.0	2.0	38.0	0.0	0.0	0.0	0.0	0.0	1.0	0.0	0.0	0.0	0.0	0.0	3.0	29.0	0.0	34.0	3.0	14.0	17.0	0.0	0.0	30.0	0.0
mcrB_meto_CIT02_09460_m01	0.0	0.0	0.0	0.0	0.0	36.0	0.0	0.0	0.0	0.0	0.0	48.0	31.0	0.0	0.0	0.0	0.0	0.0	155.0	0.0	0.0	0.0	0.0	0.0	24.0	39.0	44.0	0.0	0.0	91.0	0.0	39.0	35.0	13.0	0.0	0.0	0.0	37.0	0.0	0.0	54.0	0.0	0.0	0.0	0.0	0.0	0.0	27.0	1.0	0.0	0.0	0.0	0.0	50.0	27.0	0.0	30.0	0.0	26.0	0.0	0.0	0.0	0.0	0.0
mcrB_1220534.B655_0643_m01	0.0	117.0	0.0	1.0	259.0	0.0	2.0	7.0	28.0	2.0	212.0	0.0	0.0	5.0	1.0	23.0	171.0	0.0	0.0	90.0	2.0	0.0	78.0	0.0	0.0	0.0	0.0	1.0	0.0	3.0	37.0	3.0	0.0	0.0	124.0	0.0	0.0	0.0	0.0	57.0	0.0	76.0	0.0	0.0	2.0	0.0	0.0	0.0	0.0	149.0	0.0	2.0	0.0	0.0	0.0	1.0	1.0	11.0	0.0	24.0	72.0	0.0	37.0	103.0
mcrB_meto_CIT02_08465_m01	1.0	0.0	0.0	0.0	0.0	10.0	0.0	1.0	1.0	0.0	0.0	32.0	7.0	0.0	0.0	0.0	1.0	0.0	65.0	0.0	0.0	0.0	0.0	0.0	9.0	21.0	19.0	0.0	0.0	35.0	0.0	16.0	21.0	4.0	0.0	4.0	0.0	16.0	0.0	0.0	25.0	0.0	0.0	0.0	0.0	0.0	0.0	15.0	0.0	0.0	0.0	0.0	0.0	27.0	14.0	0.0	8.0	0.0	8.0	0.0	0.0	0.0	0.0	0.0
mcrB_msub_BK009_08280_m01	0.0	39.0	0.0	0.0	59.0	0.0	1.0	0.0	2.0	0.0	43.0	1.0	5.0	0.0	1.0	0.0	36.0	0.0	7.0	19.0	2.0	0.0	1.0	1.0	0.0	1.0	0.0	0.0	0.0	1.0	5.0	0.0	1.0	0.0	42.0	0.0	0.0	2.0	0.0	0.0	1.0	3.0	0.0	0.0	0.0	0.0	0.0	0.0	0.0	48.0	0.0	0.0	0.0	0.0	1.0	1.0	5.0	0.0	3.0	2.0	25.0	0.0	2.0	16.0
mcrB_A0A1V6K8N7_m01	2.0	0.0	4.0	0.0	1.0	0.0	2.0	0.0	3.0	2.0	0.0	10.0	0.0	0.0	0.0	14.0	1.0	0.0	2.0	2.0	0.0	0.0	1.0	0.0	4.0	0.0	6.0	0.0	0.0	0.0	2.0	0.0	9.0	0.0	1.0	4.0	0.0	0.0	2.0	10.0	5.0	4.0	4.0	0.0	0.0	6.0	0.0	0.0	3.0	1.0	3.0	2.0	0.0	5.0	4.0	0.0	0.0	5.0	2.0	2.0	1.0	0.0	10.0	3.0
mcrB_509155603_m01	0.0	6.0	0.0	0.0	4.0	0.0	0.0	0.0	0.0	0.0	165.0	0.0	0.0	0.0	0.0	0.0	0.0	0.0	0.0	4.0	0.0	1.0	0.0	0.0	0.0	0.0	0.0	0.0	0.0	0.0	0.0	0.0	0.0	0.0	53.0	0.0	0.0	0.0	0.0	0.0	0.0	0.0	0.0	0.0	1.0	0.0	0.0	0.0	0.0	36.0	0.0	0.0	0.0	0.0	0.0	0.0	0.0	0.0	0.0	0.0	32.0	0.0	0.0	0.0
mcrB_A0A1V4UP34_m01	0.0	4.0	0.0	2.0	6.0	104.0	0.0	8.0	294.0	0.0	4.0	0.0	4.0	8.0	62.0	1197.0	0.0	17.0	16.0	2.0	0.0	13.0	502.0	0.0	5.0	33.0	3.0	4.0	12.0	44.0	512.0	3.0	0.0	85.0	0.0	0.0	22.0	0.0	0.0	425.0	28.0	931.0	0.0	0.0	12.0	0.0	0.0	0.0	4.0	8.0	0.0	0.0	0.0	0.0	15.0	0.0	0.0	442.0	1.0	175.0	2.0	0.0	856.0	0.0
mcrB_mbak_MSBR3_2344_m01	0.0	0.0	75.0	4.0	0.0	11.0	363.0	4.0	0.0	0.0	0.0	0.0	1.0	23.0	0.0	0.0	0.0	16.0	1124.0	2.0	0.0	2.0	0.0	44.0	22.0	6.0	0.0	0.0	4.0	15.0	0.0	41.0	221.0	18.0	0.0	85.0	6.0	272.0	0.0	0.0	296.0	0.0	42.0	1.0	2.0	90.0	0.0	0.0	41.0	0.0	48.0	236.0	0.0	124.0	54.0	0.0	120.0	0.0	152.0	0.0	0.0	0.0	0.0	0.0
mcrB_meto_CIT02_09460_m02	0.0	50.0	0.0	0.0	76.0	11.0	0.0	2.0	0.0	0.0	60.0	9.0	0.0	1.0	0.0	1.0	43.0	0.0	32.0	20.0	0.0	1.0	0.0	0.0	2.0	7.0	10.0	0.0	1.0	12.0	4.0	6.0	6.0	0.0	42.0	0.0	2.0	8.0	0.0	0.0	16.0	2.0	0.0	0.0	0.0	0.0	0.0	4.0	0.0	36.0	0.0	0.0	0.0	3.0	3.0	0.0	11.0	2.0	8.0	0.0	31.0	0.0	4.0	27.0
mcrB_A0A1V6K8N7_m02	0.0	0.0	2.0	0.0	0.0	7.0	6.0	0.0	0.0	0.0	0.0	2.0	0.0	0.0	0.0	2.0	0.0	0.0	7.0	0.0	0.0	0.0	1.0	0.0	0.0	12.0	2.0	0.0	0.0	7.0	0.0	1.0	7.0	19.0	0.0	3.0	0.0	1.0	1.0	0.0	9.0	0.0	0.0	0.0	0.0	2.0	0.0	0.0	0.0	0.0	2.0	1.0	0.0	2.0	6.0	0.0	0.0	0.0	1.0	0.0	0.0	0.0	0.0	0.0
mcrB_566003683_m01	0.0	4.0	0.0	0.0	4.0	4.0	0.0	2.0	1.0	0.0	3.0	2.0	1.0	2.0	1.0	0.0	3.0	0.0	28.0	4.0	0.0	2.0	2.0	0.0	1.0	1.0	0.0	0.0	0.0	51.0	0.0	68.0	8.0	1.0	4.0	0.0	2.0	12.0	0.0	8.0	3.0	8.0	0.0	0.0	4.0	0.0	0.0	0.0	0.0	3.0	0.0	0.0	2.0	1.0	9.0	0.0	40.0	2.0	19.0	0.0	2.0	0.0	1.0	4.0
mcrB_mett_CIT01_03650_m01	0.0	0.0	0.0	0.0	0.0	16.0	0.0	0.0	0.0	0.0	0.0	41.0	14.0	0.0	0.0	0.0	0.0	0.0	96.0	0.0	0.0	0.0	0.0	0.0	17.0	27.0	22.0	0.0	0.0	73.0	0.0	20.0	24.0	11.0	0.0	0.0	0.0	39.0	0.0	0.0	45.0	0.0	0.0	0.0	0.0	0.0	0.0	11.0	0.0	1.0	0.0	0.0	0.0	22.0	23.0	0.0	36.0	0.0	19.0	0.0	0.0	0.0	0.0	0.0
mcrB_A0A1V4UP34_m02	0.0	0.0	0.0	0.0	0.0	26.0	0.0	1.0	27.0	0.0	1.0	2.0	2.0	0.0	9.0	109.0	0.0	0.0	3.0	0.0	0.0	2.0	34.0	0.0	0.0	10.0	2.0	1.0	1.0	26.0	52.0	0.0	0.0	30.0	0.0	0.0	2.0	0.0	0.0	61.0	3.0	112.0	0.0	0.0	2.0	1.0	0.0	0.0	0.0	3.0	0.0	0.0	0.0	0.0	12.0	0.0	0.0	44.0	0.0	27.0	0.0	0.0	57.0	0.0
mcrB_A0A1V4TFM3_m02	0.0	0.0	0.0	2.0	0.0	105.0	0.0	0.0	3.0	0.0	0.0	179.0	49.0	2.0	0.0	8.0	0.0	0.0	501.0	0.0	0.0	0.0	0.0	0.0	88.0	119.0	150.0	0.0	0.0	268.0	0.0	206.0	182.0	16.0	0.0	0.0	5.0	156.0	0.0	0.0	227.0	1.0	0.0	0.0	0.0	0.0	0.0	67.0	0.0	0.0	0.0	0.0	0.0	143.0	99.0	0.0	153.0	2.0	91.0	0.0	0.0	1.0	5.0	0.0
mcrB_A0A1V4YGP1_m02	0.0	0.0	0.0	0.0	0.0	6.0	0.0	0.0	0.0	0.0	0.0	22.0	4.0	0.0	0.0	0.0	0.0	0.0	50.0	0.0	0.0	0.0	0.0	0.0	4.0	5.0	7.0	0.0	0.0	44.0	0.0	20.0	13.0	1.0	0.0	0.0	0.0	31.0	0.0	0.0	16.0	0.0	0.0	0.0	0.0	0.0	0.0	2.0	0.0	0.0	0.0	0.0	0.0	13.0	9.0	0.0	13.0	0.0	11.0	0.0	0.0	0.0	0.0	0.0
mcrB_meto_CIT02_09460_m03	0.0	0.0	0.0	0.0	0.0	21.0	0.0	0.0	0.0	1.0	0.0	46.0	45.0	0.0	0.0	0.0	0.0	0.0	82.0	0.0	0.0	0.0	0.0	0.0	25.0	28.0	34.0	0.0	0.0	67.0	0.0	14.0	25.0	13.0	0.0	0.0	0.0	21.0	0.0	0.0	27.0	0.0	0.0	0.0	0.0	0.0	0.0	20.0	0.0	0.0	0.0	0.0	0.0	45.0	24.0	0.0	29.0	0.0	22.0	0.0	0.0	0.0	0.0	0.0
mcrB_1220534.B655_0643_m02	0.0	0.0	0.0	0.0	0.0	0.0	0.0	0.0	36.0	1.0	1.0	7.0	2.0	0.0	0.0	29.0	0.0	0.0	20.0	0.0	0.0	0.0	80.0	0.0	1.0	2.0	4.0	1.0	0.0	13.0	56.0	6.0	1.0	0.0	1.0	2.0	0.0	5.0	0.0	64.0	6.0	54.0	0.0	0.0	0.0	0.0	0.0	0.0	0.0	2.0	0.0	4.0	0.0	4.0	5.0	0.0	1.0	22.0	11.0	32.0	0.0	0.0	39.0	0.0
mcrB_meto_CIT02_08465_m02	2.0	1.0	0.0	0.0	1.0	8.0	0.0	0.0	0.0	0.0	0.0	17.0	12.0	0.0	0.0	0.0	0.0	0.0	37.0	0.0	0.0	0.0	0.0	1.0	6.0	3.0	10.0	0.0	0.0	18.0	0.0	6.0	23.0	1.0	0.0	0.0	0.0	6.0	0.0	0.0	11.0	2.0	0.0	0.0	0.0	0.0	0.0	2.0	0.0	0.0	0.0	0.0	0.0	8.0	8.0	0.0	7.0	0.0	4.0	0.0	0.0	0.0	0.0	0.0
mcrB_msub_BK009_08280_m02	0.0	16.0	0.0	2.0	28.0	10.0	0.0	8.0	2.0	1.0	16.0	15.0	2.0	6.0	2.0	2.0	21.0	1.0	60.0	5.0	0.0	0.0	4.0	0.0	7.0	8.0	12.0	0.0	0.0	22.0	4.0	30.0	9.0	1.0	12.0	0.0	0.0	9.0	0.0	1.0	13.0	0.0	0.0	1.0	14.0	0.0	0.0	4.0	0.0	10.0	0.0	0.0	0.0	20.0	11.0	0.0	22.0	0.0	24.0	0.0	10.0	0.0	1.0	21.0
mcrB_meto_CIT02_09460_m04	0.0	48.0	0.0	0.0	110.0	4.0	0.0	0.0	1.0	1.0	55.0	14.0	0.0	1.0	1.0	2.0	47.0	1.0	29.0	38.0	0.0	0.0	2.0	0.0	0.0	9.0	8.0	0.0	0.0	11.0	4.0	1.0	2.0	2.0	54.0	0.0	0.0	0.0	0.0	0.0	4.0	4.0	0.0	1.0	0.0	2.0	0.0	0.0	0.0	45.0	0.0	0.0	0.0	11.0	4.0	0.0	4.0	4.0	6.0	0.0	44.0	0.0	5.0	33.0
mcrB_A0A1V6K8N7_m03	0.0	2.0	0.0	0.0	2.0	4.0	0.0	0.0	0.0	0.0	6.0	0.0	0.0	0.0	0.0	0.0	0.0	0.0	11.0	0.0	0.0	0.0	0.0	0.0	0.0	11.0	0.0	0.0	0.0	2.0	0.0	4.0	0.0	6.0	4.0	0.0	0.0	3.0	0.0	0.0	0.0	0.0	0.0	0.0	0.0	0.0	0.0	0.0	0.0	10.0	0.0	0.0	0.0	0.0	8.0	0.0	0.0	0.0	0.0	0.0	7.0	0.0	0.0	0.0
mcrB_mett_CIT01_03650_m02	0.0	0.0	0.0	2.0	0.0	13.0	0.0	0.0	0.0	0.0	1.0	30.0	34.0	0.0	0.0	0.0	1.0	0.0	65.0	0.0	0.0	0.0	0.0	0.0	18.0	15.0	11.0	0.0	0.0	70.0	0.0	15.0	13.0	6.0	0.0	0.0	0.0	16.0	0.0	0.0	11.0	0.0	0.0	0.0	0.0	0.0	0.0	7.0	0.0	0.0	0.0	0.0	0.0	26.0	15.0	0.0	5.0	0.0	20.0	0.0	0.0	0.0	0.0	0.0
mcrB_WP_067048385.1_m01	1.0	0.0	0.0	0.0	0.0	109.0	0.0	0.0	0.0	0.0	0.0	1.0	4.0	0.0	0.0	0.0	2.0	0.0	84.0	0.0	0.0	0.0	0.0	0.0	0.0	179.0	0.0	0.0	0.0	38.0	0.0	19.0	0.0	172.0	0.0	0.0	0.0	9.0	0.0	0.0	0.0	0.0	0.0	0.0	0.0	0.0	0.0	2.0	0.0	0.0	0.0	0.0	0.0	0.0	49.0	0.0	8.0	0.0	9.0	0.0	0.0	0.0	0.0	0.0
mcrB_A0A1V4YGP1_m03	0.0	0.0	0.0	0.0	0.0	19.0	0.0	0.0	0.0	0.0	0.0	12.0	22.0	1.0	0.0	0.0	0.0	0.0	75.0	0.0	0.0	0.0	0.0	0.0	3.0	11.0	12.0	0.0	0.0	69.0	0.0	28.0	8.0	11.0	0.0	0.0	0.0	17.0	0.0	0.0	9.0	0.0	0.0	0.0	0.0	0.0	0.0	2.0	0.0	0.0	0.0	0.0	0.0	14.0	23.0	0.0	22.0	0.0	10.0	0.0	0.0	0.0	0.0	0.0
mcrB_meto_CIT02_09460_m05	0.0	0.0	0.0	2.0	0.0	90.0	0.0	0.0	0.0	0.0	0.0	31.0	19.0	0.0	0.0	0.0	0.0	0.0	497.0	0.0	0.0	0.0	0.0	0.0	20.0	99.0	18.0	0.0	0.0	248.0	0.0	115.0	28.0	22.0	0.0	0.0	0.0	137.0	0.0	0.0	55.0	0.0	0.0	0.0	0.0	0.0	0.0	14.0	0.0	0.0	0.0	0.0	0.0	40.0	105.0	0.0	123.0	0.0	93.0	0.0	0.0	0.0	0.0	0.0
mcrB_1220534.B655_0643_m03	0.0	106.0	0.0	0.0	177.0	4.0	0.0	1.0	12.0	3.0	103.0	1.0	1.0	4.0	2.0	11.0	90.0	1.0	9.0	65.0	2.0	0.0	6.0	0.0	2.0	0.0	2.0	0.0	0.0	9.0	9.0	5.0	1.0	0.0	95.0	0.0	0.0	2.0	0.0	8.0	12.0	11.0	0.0	3.0	0.0	0.0	0.0	2.0	0.0	94.0	0.0	0.0	0.0	8.0	4.0	0.0	6.0	5.0	2.0	7.0	77.0	0.0	7.0	79.0
mcrB_meto_CIT02_08465_m03	0.0	0.0	0.0	0.0	0.0	22.0	0.0	0.0	0.0	0.0	0.0	7.0	3.0	0.0	0.0	0.0	0.0	0.0	50.0	0.0	0.0	0.0	0.0	0.0	4.0	9.0	1.0	0.0	0.0	25.0	0.0	16.0	10.0	3.0	0.0	0.0	0.0	12.0	0.0	0.0	8.0	0.0	0.0	0.0	0.0	0.0	0.0	6.0	0.0	1.0	0.0	0.0	0.0	5.0	5.0	0.0	17.0	0.0	9.0	0.0	0.0	0.0	0.0	0.0
mcrB_msub_BK009_08280_m03	1.0	0.0	0.0	0.0	0.0	18.0	0.0	0.0	0.0	0.0	0.0	13.0	4.0	0.0	0.0	0.0	0.0	0.0	47.0	0.0	0.0	0.0	0.0	0.0	0.0	15.0	12.0	0.0	0.0	21.0	0.0	18.0	10.0	8.0	0.0	0.0	0.0	15.0	0.0	0.0	10.0	0.0	0.0	0.0	2.0	0.0	0.0	4.0	0.0	0.0	0.0	0.0	0.0	12.0	12.0	0.0	10.0	0.0	14.0	0.0	0.0	0.0	0.0	0.0
mcrB_meto_CIT02_09460_m06	0.0	45.0	0.0	0.0	88.0	3.0	0.0	2.0	1.0	0.0	95.0	6.0	0.0	0.0	0.0	3.0	35.0	0.0	9.0	44.0	0.0	0.0	3.0	0.0	3.0	2.0	6.0	0.0	0.0	1.0	2.0	4.0	5.0	1.0	61.0	0.0	0.0	3.0	1.0	0.0	0.0	8.0	0.0	0.0	3.0	0.0	0.0	2.0	0.0	55.0	0.0	0.0	0.0	2.0	2.0	0.0	2.0	0.0	8.0	2.0	31.0	0.0	2.0	41.0
mcrB_1220534.B655_0643_m04	4.0	273.0	0.0	0.0	561.0	2.0	1.0	14.0	58.0	16.0	380.0	0.0	0.0	16.0	10.0	42.0	300.0	5.0	0.0	160.0	12.0	0.0	106.0	2.0	0.0	0.0	0.0	4.0	2.0	7.0	60.0	7.0	0.0	0.0	281.0	0.0	0.0	0.0	2.0	79.0	14.0	112.0	6.0	7.0	25.0	2.0	0.0	0.0	0.0	336.0	0.0	6.0	0.0	1.0	0.0	3.0	10.0	20.0	4.0	23.0	214.0	8.0	62.0	227.0
mcrB_meto_CIT02_08465_m04	0.0	1.0	0.0	0.0	1.0	11.0	0.0	0.0	0.0	0.0	0.0	5.0	2.0	0.0	2.0	2.0	2.0	0.0	14.0	1.0	0.0	0.0	0.0	0.0	0.0	0.0	1.0	1.0	0.0	5.0	2.0	0.0	0.0	2.0	0.0	0.0	0.0	0.0	0.0	0.0	17.0	0.0	0.0	0.0	0.0	0.0	0.0	0.0	0.0	1.0	0.0	0.0	0.0	2.0	5.0	0.0	0.0	0.0	3.0	1.0	1.0	0.0	0.0	1.0
mcrB_A0A1V6K8N7_m04	0.0	2.0	0.0	0.0	9.0	0.0	0.0	0.0	0.0	0.0	240.0	0.0	0.0	0.0	0.0	0.0	17.0	0.0	0.0	15.0	0.0	0.0	0.0	0.0	0.0	0.0	0.0	0.0	0.0	0.0	0.0	0.0	2.0	0.0	50.0	0.0	0.0	0.0	0.0	0.0	0.0	0.0	0.0	0.0	0.0	0.0	0.0	0.0	2.0	174.0	1.0	2.0	0.0	0.0	0.0	0.0	0.0	0.0	0.0	0.0	163.0	0.0	0.0	3.0
mcrB_WP_067048385.1_m03	0.0	0.0	0.0	0.0	0.0	57.0	0.0	0.0	0.0	0.0	0.0	0.0	0.0	0.0	0.0	0.0	1.0	0.0	15.0	0.0	0.0	0.0	0.0	0.0	0.0	67.0	0.0	0.0	0.0	23.0	0.0	2.0	0.0	67.0	0.0	0.0	0.0	1.0	0.0	0.0	0.0	0.0	0.0	0.0	0.0	0.0	0.0	0.0	0.0	0.0	0.0	0.0	0.0	0.0	9.0	0.0	2.0	0.0	2.0	0.0	0.0	0.0	0.0	0.0
mcrB_meto_CIT02_09460_m07	0.0	58.0	0.0	0.0	79.0	14.0	2.0	0.0	1.0	2.0	53.0	10.0	0.0	3.0	1.0	1.0	69.0	0.0	14.0	32.0	0.0	0.0	2.0	1.0	2.0	3.0	2.0	0.0	0.0	8.0	6.0	5.0	2.0	2.0	45.0	0.0	0.0	2.0	0.0	0.0	4.0	5.0	0.0	0.0	0.0	0.0	0.0	0.0	0.0	60.0	0.0	0.0	0.0	0.0	3.0	1.0	4.0	2.0	2.0	0.0	56.0	0.0	2.0	31.0
mcrB_A0A1V4UP34_m03	0.0	0.0	0.0	1.0	0.0	161.0	0.0	2.0	0.0	0.0	0.0	4.0	6.0	0.0	0.0	1.0	1.0	0.0	23.0	0.0	0.0	0.0	0.0	0.0	4.0	87.0	5.0	1.0	0.0	104.0	0.0	0.0	2.0	135.0	0.0	1.0	0.0	0.0	0.0	0.0	0.0	0.0	0.0	2.0	0.0	0.0	1.0	2.0	0.0	0.0	0.0	0.0	0.0	2.0	42.0	2.0	0.0	0.0	2.0	0.0	0.0	0.0	0.0	0.0
mcrB_meto_CIT02_09460_m08	0.0	157.0	0.0	0.0	355.0	6.0	0.0	1.0	5.0	6.0	206.0	3.0	0.0	3.0	7.0	9.0	161.0	0.0	33.0	81.0	4.0	0.0	0.0	0.0	0.0	5.0	1.0	0.0	2.0	9.0	4.0	7.0	2.0	3.0	135.0	0.0	0.0	8.0	0.0	5.0	10.0	7.0	2.0	2.0	6.0	5.0	0.0	0.0	0.0	132.0	0.0	0.0	0.0	10.0	15.0	0.0	9.0	8.0	2.0	0.0	101.0	2.0	3.0	102.0
mcrB_meto_CIT02_09460_m09	1.0	1.0	0.0	0.0	1.0	12.0	0.0	0.0	0.0	0.0	0.0	6.0	4.0	0.0	0.0	0.0	1.0	0.0	38.0	2.0	0.0	0.0	0.0	0.0	4.0	2.0	6.0	0.0	0.0	26.0	0.0	5.0	8.0	9.0	0.0	0.0	0.0	9.0	0.0	0.0	13.0	0.0	0.0	0.0	1.0	0.0	0.0	3.0	0.0	1.0	0.0	0.0	0.0	4.0	3.0	0.0	8.0	0.0	4.0	0.0	1.0	0.0	0.0	0.0
mcrB_WP_067048385.1_m04	0.0	0.0	0.0	0.0	0.0	30.0	0.0	0.0	0.0	0.0	0.0	0.0	2.0	0.0	0.0	0.0	0.0	0.0	41.0	0.0	0.0	0.0	0.0	0.0	0.0	85.0	1.0	0.0	0.0	14.0	0.0	12.0	0.0	32.0	0.0	0.0	0.0	6.0	0.0	0.0	0.0	0.0	0.0	0.0	0.0	0.0	0.0	0.0	0.0	0.0	0.0	0.0	0.0	2.0	30.0	0.0	9.0	0.0	4.0	0.0	0.0	0.0	0.0	0.0
mcrB_meto_CIT02_09460_m10	0.0	1.0	0.0	0.0	1.0	12.0	0.0	0.0	1.0	0.0	0.0	8.0	0.0	0.0	0.0	0.0	1.0	0.0	37.0	0.0	0.0	0.0	0.0	0.0	0.0	3.0	5.0	0.0	0.0	11.0	0.0	0.0	1.0	2.0	1.0	1.0	0.0	8.0	0.0	0.0	0.0	0.0	0.0	0.0	0.0	0.0	0.0	5.0	0.0	0.0	0.0	0.0	0.0	3.0	11.0	0.0	5.0	0.0	11.0	0.0	0.0	0.0	1.0	1.0
mcrB_A0A1V4UP34_m09	0.0	0.0	0.0	0.0	0.0	28.0	0.0	0.0	0.0	0.0	0.0	3.0	0.0	0.0	0.0	1.0	0.0	0.0	1.0	0.0	0.0	0.0	0.0	0.0	1.0	2.0	0.0	0.0	0.0	16.0	0.0	0.0	0.0	40.0	0.0	0.0	0.0	0.0	1.0	0.0	0.0	0.0	0.0	0.0	0.0	0.0	0.0	0.0	0.0	0.0	0.0	0.0	2.0	1.0	2.0	0.0	0.0	0.0	1.0	0.0	0.0	0.0	0.0	0.0
mcrB_A0A1V4UP34_m04	6.0	0.0	0.0	0.0	0.0	174.0	0.0	0.0	0.0	0.0	0.0	36.0	18.0	0.0	0.0	0.0	2.0	0.0	29.0	0.0	0.0	0.0	0.0	0.0	18.0	139.0	15.0	6.0	0.0	93.0	1.0	2.0	0.0	227.0	0.0	0.0	0.0	2.0	0.0	0.0	3.0	1.0	0.0	2.0	0.0	0.0	3.0	18.0	0.0	0.0	0.0	0.0	0.0	4.0	49.0	0.0	2.0	0.0	6.0	0.0	0.0	0.0	1.0	0.0
mcrB_A0A1V4TFM3_m03	0.0	0.0	0.0	0.0	0.0	39.0	0.0	0.0	1.0	0.0	0.0	35.0	8.0	0.0	2.0	0.0	1.0	0.0	371.0	1.0	0.0	0.0	0.0	0.0	12.0	63.0	15.0	0.0	0.0	162.0	0.0	84.0	25.0	15.0	0.0	0.0	0.0	92.0	0.0	0.0	35.0	0.0	0.0	0.0	0.0	0.0	0.0	11.0	0.0	1.0	0.0	0.0	0.0	18.0	87.0	0.0	96.0	0.0	37.0	0.0	1.0	0.0	0.0	0.0
mcrB_meto_CIT02_09460_m13	0.0	70.0	0.0	0.0	105.0	4.0	0.0	1.0	2.0	1.0	70.0	6.0	2.0	1.0	1.0	1.0	50.0	0.0	17.0	33.0	0.0	0.0	1.0	0.0	0.0	6.0	3.0	0.0	0.0	15.0	2.0	10.0	0.0	2.0	65.0	0.0	0.0	4.0	0.0	1.0	6.0	10.0	0.0	0.0	1.0	0.0	0.0	0.0	0.0	63.0	0.0	0.0	0.0	0.0	12.0	0.0	3.0	6.0	4.0	0.0	53.0	0.0	7.0	40.0
mcrB_WP_067048385.1_m05	0.0	0.0	0.0	0.0	0.0	65.0	0.0	0.0	0.0	0.0	0.0	0.0	1.0	0.0	0.0	0.0	0.0	0.0	40.0	0.0	0.0	0.0	0.0	0.0	0.0	86.0	0.0	0.0	0.0	12.0	0.0	16.0	1.0	70.0	0.0	0.0	0.0	4.0	0.0	0.0	0.0	0.0	0.0	0.0	0.0	0.0	0.0	0.0	0.0	0.0	0.0	0.0	0.0	0.0	41.0	0.0	3.0	0.0	9.0	0.0	0.0	0.0	0.0	0.0
mcrB_A0A1V4UP34_m05	0.0	0.0	0.0	0.0	0.0	38.0	0.0	0.0	26.0	0.0	0.0	2.0	2.0	2.0	3.0	111.0	0.0	1.0	0.0	0.0	0.0	1.0	58.0	0.0	0.0	10.0	0.0	0.0	0.0	15.0	51.0	0.0	0.0	15.0	0.0	0.0	2.0	0.0	0.0	48.0	5.0	111.0	0.0	0.0	0.0	0.0	0.0	0.0	0.0	1.0	0.0	0.0	0.0	0.0	6.0	0.0	0.0	56.0	0.0	26.0	0.0	0.0	68.0	1.0
mcrB_1220534.B655_0643_m11	19.0	118.0	1.0	26.0	170.0	0.0	2.0	1.0	7.0	0.0	114.0	0.0	3.0	2.0	1.0	7.0	244.0	9.0	5.0	60.0	0.0	0.0	8.0	0.0	1.0	2.0	1.0	1.0	0.0	4.0	5.0	2.0	0.0	0.0	115.0	0.0	0.0	2.0	2.0	2.0	0.0	18.0	0.0	1.0	4.0	0.0	0.0	0.0	0.0	83.0	1.0	0.0	0.0	0.0	0.0	0.0	4.0	5.0	31.0	0.0	73.0	0.0	5.0	67.0
mcrB_126178567_m01	0.0	4.0	2.0	0.0	9.0	3.0	2.0	0.0	2.0	0.0	18.0	0.0	0.0	3.0	1.0	0.0	1.0	3.0	1.0	9.0	0.0	0.0	4.0	0.0	2.0	1.0	0.0	0.0	3.0	0.0	0.0	0.0	0.0	0.0	10.0	0.0	2.0	0.0	0.0	2.0	4.0	2.0	2.0	0.0	3.0	1.0	0.0	2.0	0.0	7.0	0.0	2.0	0.0	4.0	1.0	0.0	1.0	0.0	0.0	4.0	4.0	2.0	1.0	1.0
mcrB_1220534.B655_0643_m13	14.0	166.0	0.0	25.0	231.0	2.0	0.0	3.0	5.0	1.0	140.0	3.0	1.0	5.0	1.0	3.0	281.0	8.0	6.0	55.0	0.0	0.0	3.0	2.0	3.0	1.0	0.0	1.0	0.0	2.0	4.0	0.0	0.0	0.0	135.0	0.0	4.0	0.0	0.0	0.0	0.0	15.0	0.0	4.0	4.0	0.0	0.0	0.0	0.0	138.0	0.0	0.0	0.0	0.0	3.0	0.0	4.0	2.0	19.0	0.0	91.0	0.0	10.0	101.0
mcrB_20093334_m11	0.0	0.0	22.0	7.0	0.0	6.0	59.0	0.0	0.0	0.0	0.0	2.0	8.0	3.0	0.0	0.0	0.0	4.0	135.0	0.0	0.0	0.0	0.0	6.0	19.0	10.0	2.0	0.0	0.0	5.0	0.0	4.0	82.0	8.0	0.0	35.0	0.0	36.0	0.0	0.0	133.0	0.0	7.0	0.0	2.0	16.0	0.0	0.0	30.0	0.0	26.0	36.0	0.0	65.0	23.0	0.0	31.0	0.0	41.0	0.0	0.0	0.0	0.0	0.0
mcrB_1220534.B655_0643_m15	11.0	119.0	3.0	22.0	163.0	1.0	1.0	4.0	5.0	0.0	96.0	0.0	1.0	2.0	4.0	4.0	240.0	19.0	1.0	54.0	2.0	0.0	11.0	0.0	1.0	0.0	2.0	0.0	0.0	3.0	9.0	1.0	0.0	0.0	97.0	1.0	0.0	0.0	0.0	0.0	0.0	12.0	0.0	0.0	2.0	0.0	0.0	1.0	0.0	147.0	0.0	0.0	1.0	1.0	0.0	0.0	2.0	0.0	19.0	0.0	75.0	1.0	12.0	74.0
mcrB_msub_BK009_08280_m04	2.0	85.0	0.0	0.0	161.0	0.0	1.0	2.0	3.0	0.0	145.0	0.0	0.0	0.0	0.0	6.0	117.0	0.0	7.0	70.0	0.0	0.0	3.0	0.0	0.0	3.0	0.0	0.0	0.0	5.0	6.0	4.0	0.0	0.0	81.0	0.0	0.0	2.0	0.0	2.0	0.0	11.0	0.0	0.0	0.0	1.0	0.0	0.0	0.0	91.0	0.0	0.0	0.0	0.0	0.0	1.0	0.0	0.0	0.0	0.0	43.0	0.0	2.0	81.0
mcrB_meto_CIT02_09460_m14	0.0	160.0	0.0	0.0	286.0	6.0	0.0	0.0	3.0	0.0	205.0	8.0	0.0	2.0	1.0	6.0	155.0	0.0	20.0	111.0	0.0	0.0	15.0	0.0	0.0	4.0	0.0	0.0	0.0	14.0	9.0	6.0	4.0	0.0	174.0	0.0	0.0	4.0	0.0	0.0	6.0	13.0	0.0	0.0	1.0	0.0	0.0	0.0	0.0	119.0	0.0	0.0	0.0	6.0	4.0	0.0	6.0	2.0	2.0	1.0	109.0	0.0	7.0	93.0
mcrB_1220534.B655_0643_m16	9.0	172.0	1.0	18.0	205.0	1.0	1.0	2.0	13.0	2.0	165.0	3.0	1.0	0.0	4.0	9.0	301.0	16.0	0.0	98.0	0.0	0.0	3.0	2.0	1.0	0.0	0.0	0.0	0.0	3.0	7.0	2.0	0.0	1.0	112.0	0.0	0.0	0.0	1.0	0.0	0.0	12.0	0.0	2.0	1.0	0.0	0.0	0.0	0.0	132.0	1.0	0.0	0.0	0.0	2.0	0.0	0.0	6.0	17.0	4.0	109.0	0.0	6.0	92.0
mcrB_20093334_m13	0.0	0.0	26.0	0.0	0.0	4.0	54.0	1.0	0.0	0.0	0.0	0.0	0.0	1.0	0.0	0.0	1.0	0.0	86.0	0.0	0.0	0.0	0.0	2.0	14.0	5.0	0.0	0.0	0.0	5.0	0.0	3.0	98.0	6.0	0.0	58.0	1.0	34.0	0.0	0.0	124.0	0.0	8.0	0.0	1.0	16.0	0.0	0.0	26.0	0.0	13.0	36.0	0.0	53.0	2.0	0.0	22.0	0.0	26.0	0.0	0.0	0.0	0.0	0.0
mcrB_mbak_MSBR3_2344_m02	0.0	0.0	3.0	0.0	0.0	6.0	5.0	0.0	0.0	0.0	0.0	0.0	0.0	1.0	0.0	0.0	2.0	2.0	82.0	0.0	0.0	1.0	0.0	1.0	4.0	10.0	0.0	0.0	0.0	0.0	0.0	2.0	20.0	17.0	0.0	10.0	0.0	8.0	0.0	0.0	33.0	0.0	3.0	0.0	4.0	3.0	0.0	0.0	4.0	0.0	4.0	16.0	0.0	18.0	5.0	0.0	3.0	0.0	6.0	0.0	0.0	0.0	0.0	0.0
mcrB_msub_BK009_08280_m05	0.0	63.0	0.0	1.0	102.0	3.0	1.0	1.0	4.0	2.0	100.0	0.0	0.0	8.0	2.0	1.0	82.0	0.0	0.0	35.0	1.0	1.0	4.0	0.0	0.0	2.0	0.0	0.0	0.0	2.0	1.0	3.0	0.0	0.0	43.0	0.0	0.0	0.0	0.0	0.0	0.0	3.0	0.0	0.0	2.0	0.0	0.0	0.0	0.0	44.0	0.0	0.0	0.0	0.0	0.0	0.0	1.0	4.0	0.0	0.0	33.0	0.0	1.0	47.0
mcrB_20093334_m14	1.0	0.0	14.0	0.0	0.0	0.0	46.0	6.0	0.0	0.0	0.0	0.0	0.0	5.0	0.0	0.0	1.0	3.0	69.0	0.0	0.0	0.0	0.0	4.0	20.0	5.0	0.0	0.0	0.0	0.0	0.0	8.0	75.0	0.0	0.0	51.0	0.0	38.0	0.0	0.0	132.0	0.0	12.0	0.0	0.0	12.0	0.0	0.0	34.0	0.0	22.0	45.0	0.0	48.0	2.0	0.0	13.0	0.0	17.0	0.0	0.0	0.0	0.0	0.0
mcrB_mett_CIT01_03650_m03	0.0	0.0	0.0	0.0	0.0	19.0	0.0	0.0	0.0	0.0	0.0	37.0	8.0	0.0	0.0	0.0	0.0	0.0	101.0	0.0	0.0	0.0	0.0	0.0	15.0	26.0	18.0	0.0	0.0	69.0	0.0	26.0	25.0	3.0	0.0	2.0	0.0	38.0	0.0	0.0	44.0	0.0	0.0	0.0	0.0	0.0	0.0	9.0	0.0	0.0	0.0	0.0	0.0	36.0	28.0	0.0	31.0	0.0	16.0	0.0	0.0	0.0	0.0	0.0
mcrB_meto_CIT02_09460_m15	0.0	124.0	0.0	0.0	210.0	3.0	0.0	0.0	2.0	0.0	179.0	2.0	2.0	0.0	0.0	8.0	118.0	0.0	7.0	78.0	0.0	0.0	4.0	0.0	0.0	0.0	2.0	1.0	0.0	6.0	8.0	1.0	0.0	2.0	142.0	0.0	0.0	0.0	0.0	0.0	1.0	15.0	0.0	0.0	1.0	0.0	0.0	0.0	0.0	121.0	0.0	0.0	0.0	2.0	1.0	0.0	0.0	2.0	3.0	1.0	68.0	0.0	10.0	89.0
mcrB_msub_BK009_08280_m06	0.0	65.0	0.0	0.0	104.0	4.0	0.0	2.0	0.0	2.0	73.0	0.0	0.0	5.0	4.0	4.0	68.0	1.0	9.0	35.0	0.0	0.0	1.0	0.0	0.0	0.0	0.0	0.0	0.0	2.0	4.0	2.0	0.0	2.0	52.0	0.0	0.0	0.0	0.0	0.0	0.0	6.0	0.0	0.0	0.0	0.0	0.0	0.0	0.0	63.0	0.0	0.0	0.0	0.0	2.0	0.0	4.0	3.0	0.0	0.0	28.0	0.0	5.0	46.0
mcrB_20093334_m15	0.0	0.0	18.0	0.0	0.0	2.0	51.0	3.0	0.0	0.0	0.0	0.0	0.0	1.0	0.0	0.0	0.0	3.0	82.0	0.0	1.0	0.0	0.0	10.0	26.0	1.0	0.0	0.0	0.0	5.0	0.0	4.0	85.0	2.0	0.0	31.0	1.0	48.0	0.0	0.0	101.0	0.0	6.0	0.0	0.0	19.0	0.0	0.0	31.0	0.0	28.0	52.0	2.0	51.0	2.0	0.0	17.0	0.0	34.0	0.0	0.0	1.0	0.0	0.0
mcrB_mett_CIT01_03650_m04	0.0	0.0	0.0	0.0	0.0	23.0	0.0	0.0	1.0	0.0	0.0	21.0	5.0	0.0	0.0	0.0	2.0	0.0	83.0	0.0	0.0	0.0	0.0	0.0	12.0	21.0	16.0	0.0	0.0	36.0	0.0	28.0	26.0	6.0	0.0	0.0	0.0	18.0	0.0	0.0	24.0	0.0	0.0	0.0	0.0	0.0	0.0	8.0	0.0	0.0	0.0	0.0	0.0	24.0	15.0	0.0	25.0	0.0	10.0	0.0	0.0	0.0	0.0	0.0
mcrB_msub_BK009_08280_m08	0.0	34.0	0.0	0.0	95.0	0.0	0.0	0.0	2.0	0.0	67.0	0.0	0.0	0.0	0.0	2.0	49.0	1.0	9.0	30.0	1.0	0.0	2.0	0.0	2.0	0.0	1.0	0.0	0.0	0.0	1.0	1.0	2.0	0.0	38.0	0.0	0.0	4.0	0.0	0.0	2.0	4.0	0.0	0.0	1.0	0.0	0.0	0.0	0.0	42.0	0.0	0.0	0.0	0.0	1.0	0.0	2.0	1.0	6.0	1.0	25.0	0.0	3.0	32.0
