	ZB_1	ZB_2	ZB_3	ZB_4	ZB_5	ZB_6	ZB_7	ZB_8	ZB_9	ZB_10	ZB_11	ZB_12	ZB_13	ZB_14	ZB_15	ZB_16	ZB_17	ZB_18	ZB_19	ZB_20	ZB_21	ZB_22	ZB_23	ZB_24	ZB_25	ZB_26	ZB_27	ZB_28	ZB_29	ZB_30	ZB_31	ZB_32	ZB_33	ZB_34	ZB_35	ZB_36	ZB_37	ZB_38	ZB_39	ZB_40	ZB_41	ZB_42	ZB_43	ZB_44	ZB_45	ZB_46	ZB_47	ZB_48	ZB_49	ZB_50	ZB_51	ZB_52	ZB_53	ZB_54	ZB_55	ZB_56	ZB_57	ZB_58	ZB_59	ZB_60	ZB_61	ZB_62	ZB_63	ZB_64
mtaA_435850955	0.0	0.0	0.0	0.0	0.0	24.0	0.0	0.0	0.0	2.0	0.0	0.0	17.0	0.0	1.0	0.0	1.0	0.0	38.0	0.0	0.0	0.0	0.0	0.0	0.0	17.0	2.0	0.0	0.0	33.0	0.0	1.0	0.0	32.0	0.0	0.0	0.0	5.0	0.0	0.0	0.0	0.0	0.0	1.0	0.0	0.0	0.0	3.0	0.0	0.0	0.0	0.0	1.0	2.0	12.0	0.0	0.0	0.0	4.0	0.0	0.0	0.0	0.0	0.0
mtaA_A0A1V4YJQ0	1.0	0.0	0.0	0.0	0.0	2.0	0.0	0.0	0.0	4.0	0.0	0.0	5.0	2.0	0.0	0.0	0.0	0.0	4.0	0.0	0.0	0.0	0.0	0.0	0.0	1.0	0.0	0.0	0.0	9.0	0.0	0.0	0.0	5.0	0.0	0.0	0.0	0.0	2.0	0.0	12.0	0.0	0.0	1.0	0.0	0.0	0.0	0.0	0.0	0.0	0.0	0.0	1.0	0.0	0.0	1.0	2.0	0.0	1.0	0.0	0.0	1.0	0.0	0.0
mtaA_mbak_MSBR3_1746	0.0	0.0	588.0	36.0	0.0	0.0	1466.0	53.0	0.0	0.0	2.0	0.0	0.0	53.0	6.0	0.0	0.0	34.0	2652.0	0.0	0.0	2.0	0.0	191.0	361.0	0.0	0.0	0.0	8.0	48.0	0.0	176.0	2563.0	0.0	0.0	1417.0	18.0	1257.0	0.0	0.0	4062.0	0.0	309.0	1.0	43.0	503.0	0.0	0.0	638.0	0.0	317.0	1111.0	0.0	1663.0	76.0	0.0	498.0	1.0	747.0	0.0	0.0	11.0	0.0	0.0
mtaA_mbak_MSBR3_2381	0.0	0.0	353.0	5.0	0.0	0.0	639.0	16.0	0.0	0.0	0.0	0.0	4.0	22.0	0.0	0.0	0.0	20.0	1452.0	0.0	0.0	2.0	0.0	115.0	352.0	0.0	0.0	0.0	4.0	39.0	0.0	120.0	2207.0	1.0	0.0	975.0	4.0	956.0	0.0	0.0	3171.0	0.0	189.0	0.0	8.0	284.0	0.0	0.0	503.0	0.0	344.0	702.0	0.0	1390.0	28.0	0.0	372.0	0.0	600.0	0.0	0.0	1.0	0.0	0.0
mtaA_21227172	1.0	1.0	0.0	0.0	0.0	19.0	0.0	0.0	0.0	0.0	0.0	2.0	13.0	0.0	0.0	0.0	0.0	0.0	96.0	0.0	0.0	0.0	0.0	0.0	0.0	8.0	1.0	0.0	0.0	12.0	0.0	0.0	0.0	17.0	0.0	0.0	0.0	0.0	0.0	0.0	0.0	0.0	0.0	0.0	1.0	0.0	0.0	0.0	0.0	0.0	0.0	0.0	0.0	0.0	59.0	0.0	2.0	0.0	2.0	0.0	0.0	0.0	0.0	0.0
mtaA_21226278	0.0	0.0	0.0	0.0	0.0	2.0	0.0	0.0	0.0	0.0	0.0	4.0	10.0	0.0	0.0	0.0	0.0	1.0	96.0	0.0	0.0	0.0	0.0	0.0	0.0	14.0	3.0	0.0	0.0	15.0	0.0	2.0	0.0	19.0	0.0	0.0	0.0	0.0	0.0	0.0	0.0	0.0	0.0	0.0	0.0	0.0	0.0	2.0	0.0	0.0	0.0	0.0	0.0	0.0	45.0	0.0	2.0	0.0	0.0	0.0	0.0	0.0	0.0	0.0
mtaA_mmj_MSMAS_0801	1.0	0.0	20.0	2.0	0.0	3.0	161.0	1.0	0.0	0.0	0.0	1.0	2.0	1.0	0.0	0.0	0.0	4.0	133.0	0.0	0.0	0.0	1.0	3.0	2.0	7.0	2.0	0.0	0.0	19.0	0.0	3.0	25.0	7.0	0.0	23.0	1.0	11.0	0.0	0.0	53.0	0.0	8.0	0.0	1.0	15.0	0.0	0.0	12.0	0.0	12.0	103.0	0.0	27.0	37.0	0.0	11.0	0.0	13.0	0.0	0.0	0.0	0.0	0.0
mtaA_192952.MM_1932	0.0	0.0	0.0	0.0	0.0	7.0	0.0	0.0	0.0	0.0	0.0	1.0	13.0	0.0	0.0	0.0	0.0	0.0	96.0	0.0	0.0	0.0	0.0	0.0	0.0	11.0	7.0	0.0	0.0	17.0	0.0	0.0	0.0	14.0	1.0	0.0	0.0	2.0	0.0	0.0	0.0	0.0	0.0	0.0	0.0	0.0	0.0	5.0	2.0	0.0	0.0	0.0	0.0	4.0	62.0	0.0	0.0	0.0	1.0	0.0	0.0	0.0	0.0	0.0
mtaA_435851432	0.0	0.0	0.0	0.0	0.0	26.0	0.0	0.0	0.0	1.0	0.0	0.0	8.0	0.0	0.0	0.0	0.0	1.0	36.0	0.0	0.0	0.0	0.0	0.0	0.0	22.0	2.0	0.0	0.0	42.0	0.0	2.0	0.0	35.0	0.0	0.0	0.0	3.0	0.0	0.0	0.0	0.0	0.0	0.0	0.0	0.0	0.0	4.0	0.0	0.0	0.0	0.0	0.0	0.0	12.0	0.0	3.0	0.0	1.0	0.0	0.0	0.0	0.0	0.0
mtaA_435850969	0.0	0.0	0.0	0.0	0.0	29.0	0.0	0.0	0.0	0.0	0.0	0.0	4.0	0.0	0.0	0.0	0.0	0.0	40.0	0.0	0.0	0.0	0.0	0.0	0.0	22.0	3.0	0.0	0.0	39.0	0.0	2.0	1.0	35.0	0.0	0.0	0.0	2.0	0.0	0.0	2.0	0.0	0.0	0.0	0.0	0.0	0.0	0.0	0.0	0.0	0.0	0.0	0.0	0.0	12.0	0.0	9.0	0.0	6.0	0.0	0.0	0.0	0.0	0.0
mtaA_mthe_MSTHC_2085	0.0	0.0	2.0	0.0	0.0	0.0	4.0	0.0	0.0	0.0	0.0	0.0	0.0	0.0	0.0	0.0	0.0	0.0	84.0	0.0	0.0	0.0	0.0	1.0	3.0	0.0	0.0	0.0	0.0	5.0	0.0	5.0	12.0	0.0	0.0	4.0	0.0	20.0	0.0	0.0	23.0	0.0	2.0	0.0	0.0	0.0	0.0	0.0	5.0	0.0	5.0	3.0	0.0	9.0	0.0	0.0	5.0	0.0	50.0	0.0	0.0	0.0	0.0	0.0
mtaA_mfz_AOB57_007965	0.0	0.0	210.0	0.0	0.0	0.0	1374.0	0.0	0.0	1.0	0.0	0.0	0.0	0.0	0.0	0.0	0.0	0.0	111.0	0.0	0.0	0.0	1.0	4876.0	0.0	0.0	0.0	0.0	0.0	2694.0	2.0	1688.0	0.0	0.0	0.0	190.0	0.0	1893.0	0.0	0.0	1.0	0.0	10277.0	0.0	0.0	6574.0	0.0	0.0	142.0	0.0	123.0	681.0	0.0	0.0	1.0	0.0	1409.0	0.0	365.0	0.0	0.0	0.0	0.0	1.0
mtaA_mbak_MSBR3_3262	0.0	0.0	111.0	7.0	0.0	3.0	292.0	24.0	0.0	0.0	0.0	0.0	0.0	16.0	1.0	0.0	1.0	21.0	531.0	2.0	0.0	2.0	0.0	32.0	109.0	0.0	0.0	0.0	0.0	15.0	0.0	34.0	565.0	3.0	0.0	281.0	2.0	290.0	0.0	0.0	830.0	0.0	65.0	0.0	6.0	123.0	0.0	0.0	174.0	0.0	110.0	247.0	0.0	336.0	7.0	0.0	83.0	0.0	149.0	0.0	0.0	0.0	0.0	0.0
mtaA_mfz_AOB57_010270	0.0	0.0	177.0	0.0	0.0	0.0	1333.0	0.0	0.0	0.0	0.0	0.0	0.0	0.0	0.0	0.0	0.0	0.0	138.0	0.0	0.0	0.0	0.0	4431.0	3.0	0.0	0.0	0.0	0.0	2299.0	2.0	1557.0	0.0	0.0	0.0	196.0	0.0	1681.0	0.0	0.0	2.0	0.0	9803.0	0.0	0.0	6051.0	0.0	0.0	144.0	0.0	149.0	625.0	0.0	0.0	3.0	0.0	1425.0	0.0	329.0	0.0	0.0	0.0	0.0	0.0
mtaA_269797.Mbar_A1688	0.0	0.0	1.0	4.0	0.0	0.0	0.0	3.0	0.0	0.0	0.0	0.0	0.0	9.0	0.0	0.0	0.0	11.0	13.0	0.0	0.0	0.0	0.0	1.0	0.0	0.0	0.0	0.0	0.0	0.0	0.0	0.0	2.0	0.0	0.0	0.0	4.0	4.0	0.0	0.0	0.0	0.0	0.0	0.0	10.0	0.0	0.0	0.0	0.0	0.0	0.0	0.0	0.0	0.0	0.0	0.0	3.0	0.0	4.0	0.0	0.0	0.0	0.0	0.0
mtaA_mek_MSKOL_1307	0.0	0.0	27.0	11.0	0.0	3.0	34.0	20.0	0.0	0.0	0.0	0.0	0.0	15.0	0.0	0.0	0.0	14.0	441.0	0.0	0.0	2.0	0.0	15.0	23.0	3.0	0.0	0.0	0.0	2.0	0.0	19.0	168.0	1.0	0.0	72.0	4.0	90.0	0.0	0.0	226.0	0.0	20.0	0.0	16.0	45.0	0.0	0.0	45.0	0.0	19.0	37.0	0.0	90.0	17.0	0.0	31.0	0.0	74.0	0.0	0.0	5.0	0.0	0.0
mtaA_mthe_MSTHC_1535	0.0	0.0	12.0	2.0	0.0	0.0	39.0	0.0	0.0	0.0	0.0	0.0	0.0	1.0	0.0	0.0	0.0	1.0	119.0	0.0	0.0	0.0	0.0	9.0	12.0	0.0	0.0	0.0	0.0	7.0	0.0	7.0	52.0	0.0	0.0	30.0	0.0	35.0	0.0	0.0	105.0	0.0	11.0	0.0	2.0	20.0	0.0	0.0	14.0	0.0	9.0	45.0	0.0	44.0	2.0	0.0	20.0	0.0	58.0	0.0	0.0	0.0	0.0	0.0
mtaA_meq_MSWHS_0547	0.0	0.0	388.0	20.0	0.0	1.0	962.0	36.0	0.0	0.0	0.0	0.0	0.0	37.0	1.0	0.0	0.0	37.0	1514.0	0.0	0.0	3.0	0.0	114.0	299.0	0.0	0.0	0.0	6.0	34.0	0.0	95.0	1637.0	0.0	0.0	942.0	12.0	701.0	0.0	0.0	2545.0	0.0	182.0	0.0	27.0	258.0	0.0	0.0	479.0	0.0	313.0	811.0	0.0	1021.0	30.0	0.0	232.0	0.0	492.0	0.0	0.0	0.0	0.0	0.0
mtaA_mfz_AOB57_002025	1.0	0.0	165.0	0.0	0.0	0.0	868.0	0.0	0.0	0.0	0.0	0.0	0.0	2.0	0.0	0.0	0.0	0.0	83.0	0.0	0.0	0.0	0.0	3538.0	2.0	0.0	0.0	0.0	0.0	1886.0	0.0	1263.0	0.0	1.0	0.0	116.0	0.0	1444.0	0.0	0.0	0.0	0.0	7720.0	0.0	0.0	4936.0	0.0	0.0	100.0	0.0	96.0	529.0	0.0	0.0	0.0	0.0	1022.0	0.0	295.0	0.0	0.0	0.0	0.0	0.0
mtaA_mek_MSKOL_0358	0.0	0.0	6.0	0.0	0.0	21.0	25.0	1.0	0.0	0.0	0.0	0.0	0.0	0.0	0.0	0.0	0.0	0.0	27.0	0.0	0.0	0.0	0.0	3.0	3.0	7.0	0.0	0.0	0.0	2.0	0.0	1.0	29.0	16.0	0.0	24.0	1.0	10.0	0.0	0.0	31.0	0.0	1.0	0.0	0.0	9.0	0.0	0.0	5.0	0.0	5.0	10.0	0.0	23.0	0.0	0.0	3.0	0.0	7.0	0.0	0.0	0.0	0.0	0.0
mtaA_mbar_MSBR2_3267	0.0	0.0	0.0	0.0	0.0	19.0	0.0	0.0	0.0	0.0	0.0	0.0	0.0	0.0	0.0	0.0	0.0	0.0	0.0	0.0	0.0	0.0	0.0	0.0	0.0	12.0	0.0	0.0	0.0	2.0	1.0	0.0	2.0	27.0	0.0	0.0	0.0	0.0	0.0	0.0	0.0	0.0	0.0	0.0	0.0	0.0	0.0	0.0	0.0	0.0	0.0	0.0	0.0	0.0	6.0	0.0	0.0	0.0	0.0	0.0	0.0	0.0	0.0	0.0
mtaA_mby_MSBRM_2354	0.0	0.0	9.0	0.0	0.0	9.0	30.0	2.0	0.0	0.0	0.0	0.0	0.0	3.0	0.0	0.0	0.0	0.0	61.0	2.0	0.0	0.0	0.0	6.0	10.0	0.0	0.0	0.0	0.0	3.0	0.0	14.0	108.0	4.0	0.0	44.0	0.0	40.0	0.0	0.0	172.0	0.0	12.0	0.0	1.0	18.0	0.0	0.0	29.0	0.0	16.0	41.0	0.0	72.0	0.0	0.0	19.0	0.0	31.0	0.0	0.0	0.0	0.0	0.0
mtaA_mthe_MSTHC_0648	0.0	0.0	35.0	0.0	0.0	0.0	153.0	0.0	0.0	0.0	0.0	0.0	0.0	0.0	0.0	0.0	1.0	0.0	104.0	0.0	0.0	0.0	0.0	588.0	0.0	0.0	0.0	0.0	0.0	347.0	0.0	214.0	0.0	0.0	0.0	27.0	0.0	287.0	0.0	0.0	1.0	0.0	1630.0	0.0	0.0	940.0	0.0	0.0	25.0	0.0	27.0	84.0	0.0	0.0	0.0	0.0	181.0	0.0	114.0	0.0	0.0	0.0	0.0	0.0
mtaA_mhor_MSHOH_0293	0.0	0.0	1.0	0.0	0.0	4.0	4.0	1.0	0.0	0.0	0.0	0.0	1.0	0.0	0.0	0.0	1.0	0.0	17.0	0.0	0.0	0.0	0.0	0.0	0.0	3.0	0.0	0.0	0.0	6.0	0.0	0.0	6.0	9.0	0.0	3.0	0.0	4.0	0.0	0.0	17.0	0.0	0.0	0.0	0.0	0.0	0.0	0.0	1.0	0.0	5.0	3.0	0.0	5.0	7.0	0.0	4.0	0.0	4.0	0.0	0.0	0.0	0.0	0.0
mtaA_meq_MSWHS_1092	0.0	0.0	20.0	1.0	0.0	0.0	24.0	0.0	0.0	0.0	0.0	0.0	0.0	0.0	0.0	0.0	0.0	0.0	39.0	0.0	0.0	0.0	0.0	0.0	5.0	1.0	0.0	0.0	0.0	2.0	0.0	5.0	52.0	0.0	0.0	34.0	0.0	34.0	0.0	0.0	82.0	0.0	3.0	0.0	0.0	7.0	0.0	0.0	12.0	0.0	12.0	42.0	0.0	37.0	5.0	0.0	5.0	0.0	21.0	0.0	0.0	0.0	0.0	0.0
mtaA_mls_MSLAZ_2322	0.0	0.0	405.0	34.0	2.0	0.0	989.0	53.0	0.0	0.0	0.0	0.0	2.0	44.0	3.0	0.0	0.0	51.0	1958.0	2.0	0.0	2.0	0.0	153.0	336.0	0.0	0.0	0.0	4.0	27.0	0.0	129.0	2021.0	2.0	0.0	1084.0	23.0	911.0	0.0	0.0	3157.0	0.0	222.0	0.0	42.0	386.0	0.0	0.0	527.0	0.0	417.0	946.0	0.0	1352.0	49.0	0.0	382.0	0.0	580.0	0.0	0.0	5.0	0.0	0.0
mtaA_mbar_MSBR2_2952	0.0	0.0	0.0	0.0	0.0	17.0	0.0	0.0	0.0	0.0	0.0	0.0	0.0	0.0	0.0	0.0	0.0	0.0	0.0	0.0	0.0	0.0	0.0	0.0	0.0	4.0	0.0	0.0	0.0	0.0	0.0	0.0	0.0	21.0	0.0	0.0	0.0	0.0	0.0	0.0	0.0	0.0	0.0	0.0	0.0	0.0	0.0	0.0	0.0	0.0	0.0	0.0	0.0	0.0	2.0	0.0	0.0	0.0	2.0	0.0	0.0	0.0	0.0	0.0
mtaA_mby_MSBRM_2354_m01	0.0	0.0	10.0	0.0	0.0	10.0	54.0	4.0	0.0	0.0	0.0	0.0	0.0	6.0	2.0	0.0	1.0	7.0	94.0	0.0	0.0	0.0	0.0	1.0	0.0	4.0	0.0	0.0	0.0	0.0	0.0	2.0	4.0	2.0	0.0	5.0	2.0	0.0	0.0	0.0	3.0	0.0	4.0	0.0	3.0	1.0	0.0	0.0	5.0	0.0	5.0	28.0	0.0	1.0	6.0	0.0	2.0	0.0	5.0	0.0	0.0	2.0	0.0	0.0
mtaA_mby_MSBRM_2354_m02	0.0	0.0	19.0	1.0	0.0	0.0	223.0	4.0	0.0	0.0	0.0	0.0	0.0	2.0	0.0	0.0	0.0	0.0	142.0	0.0	0.0	0.0	0.0	11.0	2.0	0.0	0.0	0.0	0.0	1.0	0.0	2.0	9.0	1.0	0.0	21.0	1.0	3.0	0.0	0.0	21.0	0.0	15.0	0.0	2.0	27.0	0.0	0.0	7.0	0.0	28.0	136.0	0.0	4.0	0.0	0.0	5.0	1.0	4.0	0.0	0.0	0.0	0.0	0.0
mtaA_Q48927_m01	0.0	1.0	110.0	3.0	0.0	0.0	253.0	10.0	0.0	0.0	0.0	0.0	0.0	14.0	0.0	0.0	1.0	14.0	580.0	0.0	0.0	2.0	1.0	52.0	108.0	1.0	0.0	0.0	2.0	4.0	0.0	30.0	445.0	1.0	0.0	201.0	1.0	210.0	0.0	0.0	764.0	0.0	76.0	0.0	8.0	106.0	0.0	0.0	96.0	0.0	56.0	194.0	0.0	333.0	16.0	0.0	101.0	0.0	136.0	0.0	0.0	3.0	0.0	0.0
mtaA_mby_MSBRM_2354_m03	1.0	0.0	43.0	2.0	0.0	1.0	54.0	10.0	0.0	0.0	0.0	0.0	0.0	4.0	0.0	0.0	1.0	4.0	226.0	0.0	0.0	0.0	0.0	31.0	51.0	1.0	0.0	0.0	2.0	3.0	0.0	11.0	249.0	7.0	0.0	155.0	0.0	151.0	0.0	0.0	454.0	0.0	27.0	0.0	2.0	60.0	0.0	0.0	86.0	0.0	41.0	80.0	0.0	180.0	4.0	0.0	54.0	1.0	75.0	0.0	0.0	0.0	0.0	0.0
mtaA_mek_MSKOL_1307_m03	0.0	0.0	61.0	2.0	0.0	0.0	308.0	1.0	0.0	0.0	1.0	0.0	0.0	8.0	1.0	0.0	0.0	4.0	45.0	0.0	0.0	0.0	0.0	20.0	2.0	0.0	0.0	0.0	0.0	0.0	0.0	1.0	4.0	5.0	0.0	24.0	4.0	10.0	0.0	0.0	21.0	0.0	31.0	0.0	4.0	30.0	0.0	0.0	20.0	0.0	30.0	203.0	0.0	2.0	1.0	0.0	2.0	0.0	4.0	0.0	0.0	2.0	0.0	0.0
mtaA_mby_MSBRM_2354_m04	1.0	0.0	9.0	1.0	0.0	0.0	67.0	4.0	0.0	0.0	0.0	0.0	0.0	8.0	0.0	0.0	0.0	10.0	119.0	0.0	0.0	0.0	0.0	2.0	0.0	0.0	0.0	0.0	0.0	0.0	0.0	0.0	1.0	9.0	0.0	7.0	2.0	4.0	0.0	0.0	2.0	0.0	3.0	0.0	6.0	2.0	0.0	0.0	5.0	0.0	8.0	29.0	0.0	0.0	0.0	0.0	1.0	0.0	1.0	0.0	0.0	0.0	0.0	0.0
