	ZB_1	ZB_2	ZB_3	ZB_4	ZB_5	ZB_6	ZB_7	ZB_8	ZB_9	ZB_10	ZB_11	ZB_12	ZB_13	ZB_14	ZB_15	ZB_16	ZB_17	ZB_18	ZB_19	ZB_20	ZB_21	ZB_22	ZB_23	ZB_24	ZB_25	ZB_26	ZB_27	ZB_28	ZB_29	ZB_30	ZB_31	ZB_32	ZB_33	ZB_34	ZB_35	ZB_36	ZB_37	ZB_38	ZB_39	ZB_40	ZB_41	ZB_42	ZB_43	ZB_44	ZB_45	ZB_46	ZB_47	ZB_48	ZB_49	ZB_50	ZB_51	ZB_52	ZB_53	ZB_54	ZB_55	ZB_56	ZB_57	ZB_58	ZB_59	ZB_60	ZB_61	ZB_62	ZB_63	ZB_64
mtaB_A0A1V4YGT6	0.0	0.0	0.0	0.0	0.0	5.0	0.0	1.0	0.0	6.0	0.0	8.0	4.0	0.0	4.0	0.0	1.0	0.0	2.0	0.0	2.0	0.0	0.0	0.0	7.0	5.0	5.0	4.0	1.0	10.0	0.0	2.0	4.0	7.0	0.0	0.0	0.0	0.0	0.0	0.0	15.0	0.0	0.0	4.0	2.0	0.0	2.0	3.0	0.0	0.0	0.0	0.0	4.0	0.0	2.0	7.0	0.0	0.0	0.0	0.0	0.0	0.0	0.0	0.0
mtaB_435850968	0.0	0.0	0.0	0.0	0.0	33.0	0.0	0.0	0.0	0.0	0.0	7.0	17.0	0.0	0.0	0.0	0.0	2.0	64.0	0.0	0.0	0.0	0.0	0.0	6.0	47.0	3.0	2.0	0.0	65.0	0.0	6.0	0.0	38.0	0.0	0.0	0.0	3.0	0.0	0.0	0.0	0.0	0.0	0.0	0.0	0.0	0.0	4.0	0.0	0.0	0.0	0.0	0.0	0.0	29.0	0.0	0.0	0.0	8.0	0.0	0.0	0.0	0.0	0.0
mtaB_mfz_AOB57_002020	0.0	0.0	279.0	0.0	0.0	0.0	1814.0	0.0	0.0	2.0	0.0	0.0	0.0	1.0	0.0	0.0	1.0	1.0	174.0	0.0	0.0	0.0	0.0	6040.0	2.0	0.0	0.0	0.0	0.0	3534.0	0.0	2250.0	8.0	0.0	0.0	247.0	0.0	2415.0	0.0	0.0	2.0	0.0	10499.0	0.0	0.0	8208.0	0.0	0.0	163.0	0.0	189.0	978.0	0.0	1.0	1.0	0.0	1915.0	1.0	453.0	0.0	0.0	0.0	2.0	0.0
mtaB_mfz_AOB57_007940	0.0	0.0	308.0	0.0	0.0	1.0	1628.0	0.0	0.0	2.0	0.0	2.0	0.0	0.0	0.0	0.0	0.0	1.0	143.0	0.0	0.0	0.0	0.0	5866.0	0.0	0.0	0.0	0.0	0.0	3455.0	0.0	2024.0	4.0	0.0	0.0	228.0	0.0	2409.0	0.0	0.0	5.0	0.0	9746.0	0.0	0.0	7918.0	3.0	0.0	179.0	0.0	198.0	857.0	0.0	0.0	0.0	0.0	1992.0	0.0	465.0	0.0	0.0	0.0	0.0	0.0
mtaB_84489012	0.0	42.0	0.0	0.0	54.0	0.0	0.0	0.0	0.0	1.0	31.0	0.0	1.0	0.0	0.0	0.0	27.0	0.0	0.0	17.0	0.0	0.0	0.0	0.0	0.0	0.0	0.0	0.0	0.0	0.0	0.0	0.0	0.0	0.0	12.0	0.0	0.0	0.0	0.0	0.0	0.0	0.0	0.0	0.0	0.0	0.0	0.0	0.0	0.0	5.0	0.0	0.0	0.0	0.0	0.0	0.0	0.0	0.0	0.0	0.0	2.0	0.0	0.0	19.0
mtaB_84489014	0.0	14.0	0.0	0.0	31.0	0.0	0.0	0.0	0.0	0.0	36.0	0.0	0.0	0.0	0.0	0.0	29.0	0.0	0.0	9.0	0.0	0.0	0.0	0.0	0.0	0.0	0.0	0.0	0.0	0.0	0.0	0.0	0.0	0.0	5.0	0.0	0.0	0.0	0.0	0.0	0.0	0.0	0.0	0.0	0.0	0.0	0.0	0.0	0.0	6.0	0.0	0.0	0.0	0.0	0.0	0.0	0.0	0.0	1.0	0.0	2.0	0.0	0.0	10.0
mtaB_A0A1V4Z920	0.0	0.0	0.0	0.0	0.0	31.0	0.0	0.0	0.0	0.0	0.0	36.0	69.0	0.0	0.0	0.0	1.0	0.0	5.0	0.0	0.0	0.0	0.0	0.0	11.0	38.0	52.0	0.0	0.0	29.0	0.0	6.0	4.0	56.0	0.0	0.0	0.0	0.0	0.0	0.0	4.0	0.0	0.0	0.0	0.0	0.0	0.0	50.0	0.0	0.0	0.0	0.0	0.0	24.0	17.0	0.0	0.0	0.0	2.0	0.0	0.0	0.0	0.0	0.0
mtaB_A0A1V4Z2W5	0.0	2.0	0.0	0.0	0.0	36.0	0.0	0.0	0.0	0.0	1.0	48.0	72.0	0.0	0.0	0.0	1.0	1.0	6.0	0.0	0.0	0.0	0.0	0.0	24.0	59.0	45.0	1.0	0.0	34.0	0.0	3.0	2.0	78.0	0.0	0.0	0.0	0.0	0.0	0.0	6.0	0.0	0.0	0.0	0.0	0.0	0.0	29.0	0.0	0.0	0.0	0.0	0.0	48.0	19.0	0.0	0.0	0.0	0.0	0.0	0.0	0.0	0.0	0.0
mtaB_21227176	1.0	0.0	101.0	6.0	0.0	0.0	204.0	3.0	0.0	0.0	1.0	3.0	5.0	9.0	0.0	0.0	0.0	5.0	410.0	2.0	0.0	0.0	0.0	22.0	82.0	5.0	1.0	0.0	2.0	6.0	0.0	12.0	501.0	5.0	0.0	279.0	2.0	138.0	0.0	0.0	798.0	0.0	38.0	0.0	8.0	54.0	0.0	4.0	134.0	0.0	71.0	231.0	0.0	322.0	20.0	0.0	80.0	0.0	105.0	0.0	0.0	0.0	0.0	0.0
mtaB_435851741	0.0	0.0	0.0	0.0	0.0	21.0	0.0	0.0	0.0	0.0	0.0	6.0	12.0	0.0	0.0	0.0	0.0	0.0	69.0	0.0	0.0	0.0	0.0	0.0	1.0	34.0	1.0	0.0	0.0	60.0	0.0	0.0	0.0	62.0	0.0	0.0	0.0	1.0	0.0	0.0	0.0	0.0	0.0	0.0	0.0	0.0	0.0	0.0	0.0	0.0	0.0	0.0	0.0	0.0	28.0	0.0	8.0	0.0	3.0	0.0	0.0	0.0	0.0	0.0
mtaB_21227749	0.0	0.0	0.0	0.0	0.0	8.0	0.0	0.0	1.0	0.0	0.0	2.0	11.0	0.0	0.0	0.0	0.0	0.0	170.0	0.0	0.0	0.0	0.0	0.0	0.0	15.0	2.0	0.0	0.0	26.0	0.0	4.0	0.0	24.0	0.0	0.0	0.0	0.0	0.0	0.0	0.0	0.0	0.0	0.0	0.0	0.0	0.0	1.0	0.0	0.0	0.0	0.0	0.0	2.0	82.0	0.0	2.0	0.0	4.0	0.0	0.0	0.0	0.0	0.0
mtaB_452208796	0.0	0.0	0.0	0.0	0.0	14.0	0.0	0.0	0.0	1.0	0.0	0.0	20.0	0.0	0.0	0.0	0.0	1.0	132.0	0.0	0.0	0.0	0.0	0.0	2.0	9.0	0.0	0.0	0.0	14.0	0.0	2.0	2.0	17.0	0.0	0.0	0.0	2.0	1.0	0.0	0.0	0.0	0.0	0.0	0.0	0.0	0.0	2.0	0.0	0.0	0.0	0.0	0.0	3.0	76.0	0.0	1.0	0.0	5.0	0.0	0.0	0.0	0.0	0.0
mtaB_mthe_MSTHC_0647	0.0	0.0	111.0	4.0	0.0	0.0	215.0	9.0	0.0	1.0	0.0	0.0	0.0	15.0	0.0	0.0	0.0	6.0	417.0	0.0	0.0	0.0	0.0	24.0	83.0	0.0	0.0	0.0	0.0	13.0	0.0	33.0	584.0	0.0	0.0	251.0	6.0	230.0	0.0	0.0	782.0	0.0	50.0	0.0	15.0	88.0	0.0	0.0	137.0	0.0	121.0	218.0	1.0	331.0	7.0	0.0	89.0	0.0	168.0	0.0	0.0	3.0	0.0	0.0
mtaB_mek_MSKOL_1308	0.0	0.0	202.0	16.0	0.0	1.0	367.0	21.0	0.0	0.0	0.0	1.0	0.0	14.0	4.0	0.0	0.0	42.0	918.0	0.0	0.0	0.0	0.0	111.0	219.0	0.0	0.0	0.0	4.0	33.0	0.0	80.0	1418.0	0.0	0.0	559.0	16.0	566.0	0.0	0.0	1926.0	0.0	65.0	0.0	13.0	190.0	0.0	0.0	359.0	0.0	199.0	384.0	0.0	852.0	11.0	0.0	275.0	0.0	366.0	0.0	0.0	4.0	0.0	0.0
mtaB_mbak_MSBR3_2380	0.0	2.0	257.0	16.0	0.0	4.0	581.0	18.0	0.0	0.0	0.0	0.0	0.0	34.0	0.0	0.0	0.0	25.0	1168.0	2.0	0.0	4.0	0.0	92.0	204.0	0.0	0.0	0.0	0.0	18.0	0.0	58.0	1268.0	0.0	0.0	614.0	4.0	505.0	0.0	0.0	1821.0	0.0	81.0	0.0	34.0	232.0	0.0	0.0	294.0	0.0	238.0	567.0	0.0	754.0	22.0	0.0	243.0	0.0	322.0	0.0	0.0	4.0	0.0	0.0
mtaB_mthe_MSTHC_1539	0.0	0.0	0.0	0.0	0.0	8.0	1.0	0.0	0.0	0.0	0.0	0.0	0.0	0.0	0.0	0.0	0.0	0.0	170.0	0.0	0.0	0.0	0.0	0.0	0.0	0.0	0.0	0.0	0.0	2.0	0.0	10.0	0.0	8.0	1.0	0.0	0.0	19.0	0.0	0.0	0.0	0.0	2.0	0.0	0.0	1.0	0.0	0.0	0.0	0.0	0.0	0.0	0.0	0.0	4.0	0.0	8.0	0.0	73.0	0.0	0.0	0.0	0.0	0.0
mtaB_msj_MSSAC_4075	0.0	1.0	48.0	6.0	0.0	0.0	216.0	9.0	2.0	0.0	0.0	0.0	0.0	3.0	1.0	2.0	0.0	9.0	419.0	0.0	0.0	2.0	0.0	16.0	21.0	1.0	0.0	0.0	2.0	7.0	0.0	31.0	88.0	1.0	0.0	50.0	6.0	200.0	0.0	0.0	130.0	0.0	30.0	0.0	1.0	66.0	0.0	0.0	17.0	0.0	14.0	137.0	0.0	46.0	12.0	0.0	77.0	0.0	129.0	0.0	0.0	0.0	0.0	0.0
mtaB_73668597	0.0	0.0	366.0	4.0	0.0	2.0	695.0	5.0	0.0	0.0	0.0	0.0	0.0	8.0	0.0	0.0	0.0	12.0	551.0	0.0	0.0	0.0	0.0	103.0	328.0	0.0	0.0	0.0	0.0	2.0	0.0	47.0	2068.0	0.0	0.0	1141.0	0.0	372.0	0.0	0.0	2944.0	0.0	99.0	1.0	5.0	170.0	0.0	0.0	518.0	0.0	229.0	778.0	0.0	1167.0	13.0	0.0	206.0	2.0	307.0	0.0	0.0	4.0	0.0	0.0
mtaB_mfz_AOB57_005220	0.0	0.0	309.0	0.0	0.0	0.0	1713.0	0.0	0.0	0.0	0.0	0.0	0.0	0.0	0.0	0.0	1.0	0.0	143.0	0.0	0.0	0.0	0.0	6646.0	0.0	0.0	0.0	0.0	1.0	3468.0	2.0	2201.0	2.0	2.0	0.0	233.0	0.0	2278.0	0.0	0.0	2.0	0.0	11332.0	0.0	0.0	8439.0	0.0	1.0	169.0	0.0	214.0	921.0	0.0	2.0	0.0	0.0	1822.0	1.0	479.0	0.0	2.0	0.0	0.0	0.0
mtaB_WP_026068687.1	0.0	0.0	0.0	0.0	0.0	0.0	0.0	0.0	0.0	0.0	0.0	0.0	0.0	0.0	0.0	0.0	1.0	0.0	65.0	0.0	0.0	1.0	0.0	0.0	0.0	0.0	0.0	0.0	0.0	82.0	0.0	199.0	0.0	0.0	0.0	0.0	0.0	116.0	0.0	0.0	1.0	0.0	0.0	0.0	0.0	0.0	0.0	0.0	0.0	0.0	0.0	0.0	0.0	0.0	0.0	0.0	154.0	1.0	115.0	0.0	0.0	0.0	0.0	0.0
mtaB_mthe_MSTHC_1146	0.0	0.0	0.0	0.0	0.0	0.0	1.0	0.0	0.0	0.0	0.0	0.0	1.0	0.0	0.0	0.0	0.0	0.0	133.0	0.0	0.0	0.0	0.0	1.0	0.0	0.0	0.0	1.0	0.0	7.0	0.0	0.0	0.0	2.0	1.0	0.0	0.0	22.0	0.0	0.0	0.0	0.0	1.0	0.0	0.0	0.0	0.0	0.0	0.0	0.0	0.0	0.0	0.0	0.0	4.0	0.0	18.0	0.0	91.0	0.0	0.0	0.0	0.0	0.0
mtaB_mbak_MSBR3_2096	1.0	1.0	0.0	0.0	0.0	25.0	0.0	0.0	0.0	0.0	0.0	0.0	0.0	0.0	0.0	0.0	0.0	0.0	5.0	0.0	0.0	0.0	0.0	0.0	0.0	8.0	0.0	0.0	0.0	0.0	0.0	1.0	0.0	37.0	0.0	0.0	0.0	1.0	0.0	0.0	0.0	0.0	0.0	0.0	0.0	0.0	0.0	0.0	0.0	0.0	0.0	0.0	0.0	0.0	8.0	2.0	0.0	0.0	0.0	0.0	0.0	0.0	0.0	0.0
mtaB_mek_MSKOL_0326	0.0	0.0	0.0	0.0	0.0	18.0	0.0	0.0	0.0	0.0	0.0	0.0	0.0	0.0	0.0	0.0	0.0	0.0	5.0	0.0	0.0	0.0	0.0	0.0	0.0	11.0	0.0	0.0	0.0	11.0	0.0	0.0	0.0	24.0	0.0	0.0	0.0	0.0	0.0	0.0	0.0	0.0	1.0	0.0	0.0	0.0	0.0	0.0	0.0	0.0	0.0	0.0	0.0	0.0	9.0	0.0	0.0	0.0	0.0	0.0	0.0	0.0	0.0	0.0
mtaB_21227176_m01	0.0	0.0	0.0	0.0	0.0	19.0	0.0	0.0	0.0	0.0	0.0	0.0	8.0	0.0	0.0	0.0	0.0	0.0	158.0	0.0	0.0	0.0	0.0	0.0	4.0	23.0	4.0	0.0	0.0	20.0	0.0	2.0	1.0	32.0	0.0	0.0	0.0	0.0	0.0	0.0	1.0	0.0	0.0	0.0	0.0	0.0	0.0	2.0	0.0	0.0	0.0	1.0	0.0	0.0	52.0	0.0	3.0	0.0	0.0	0.0	0.0	0.0	0.0	0.0
mtaB_mvc_MSVAZ_0210_m01	0.0	0.0	45.0	21.0	0.0	11.0	232.0	26.0	0.0	0.0	1.0	2.0	1.0	29.0	4.0	0.0	0.0	44.0	1470.0	0.0	0.0	0.0	0.0	45.0	31.0	4.0	0.0	1.0	6.0	20.0	0.0	75.0	175.0	27.0	0.0	54.0	13.0	427.0	0.0	0.0	262.0	0.0	43.0	0.0	41.0	166.0	0.0	0.0	26.0	0.0	31.0	151.0	0.0	142.0	43.0	0.0	180.0	0.0	262.0	0.0	0.0	6.0	0.0	0.0
mtaB_mbar_MSBR2_2319_m01	0.0	0.0	74.0	0.0	0.0	6.0	135.0	5.0	0.0	0.0	0.0	2.0	0.0	2.0	0.0	0.0	0.0	7.0	323.0	0.0	0.0	0.0	0.0	14.0	76.0	4.0	0.0	0.0	2.0	12.0	0.0	27.0	378.0	5.0	0.0	193.0	1.0	153.0	0.0	0.0	510.0	0.0	27.0	0.0	3.0	53.0	0.0	0.0	90.0	0.0	60.0	128.0	0.0	219.0	5.0	0.0	72.0	0.0	121.0	0.0	0.0	1.0	0.0	0.0
mtaB_mthe_MSTHC_0647_m01	0.0	0.0	42.0	0.0	0.0	0.0	88.0	1.0	0.0	0.0	0.0	0.0	2.0	3.0	0.0	0.0	0.0	2.0	204.0	0.0	0.0	0.0	0.0	10.0	33.0	0.0	0.0	0.0	0.0	8.0	0.0	6.0	146.0	0.0	0.0	82.0	2.0	89.0	0.0	0.0	225.0	0.0	14.0	0.0	3.0	27.0	0.0	0.0	44.0	0.0	17.0	48.0	0.0	81.0	4.0	0.0	32.0	0.0	94.0	0.0	0.0	1.0	0.0	0.0
mtaB_mek_MSKOL_1308_m02	0.0	0.0	0.0	0.0	0.0	8.0	1.0	0.0	0.0	0.0	0.0	0.0	0.0	0.0	0.0	0.0	0.0	0.0	359.0	0.0	0.0	0.0	0.0	0.0	0.0	9.0	0.0	0.0	0.0	2.0	0.0	0.0	0.0	17.0	0.0	1.0	0.0	1.0	0.0	0.0	0.0	0.0	0.0	0.0	0.0	0.0	0.0	0.0	0.0	0.0	0.0	0.0	1.0	2.0	14.0	0.0	0.0	0.0	1.0	0.0	0.0	0.0	0.0	0.0
mtaB_WP_026068687.1_m01	0.0	0.0	0.0	2.0	0.0	0.0	0.0	0.0	0.0	0.0	0.0	0.0	0.0	0.0	0.0	0.0	0.0	0.0	51.0	0.0	0.0	0.0	0.0	0.0	0.0	0.0	0.0	0.0	0.0	88.0	0.0	198.0	2.0	0.0	0.0	0.0	0.0	117.0	0.0	0.0	8.0	0.0	0.0	0.0	0.0	0.0	0.0	0.0	0.0	0.0	0.0	0.0	0.0	0.0	0.0	0.0	110.0	0.0	113.0	0.0	0.0	2.0	0.0	0.0
mtaB_WP_026068687.1_m02	0.0	1.0	0.0	3.0	2.0	0.0	0.0	5.0	1.0	0.0	3.0	0.0	0.0	3.0	9.0	0.0	1.0	8.0	24.0	2.0	0.0	0.0	3.0	0.0	0.0	0.0	0.0	0.0	2.0	43.0	0.0	102.0	0.0	0.0	0.0	1.0	2.0	86.0	0.0	1.0	0.0	0.0	0.0	0.0	13.0	0.0	0.0	0.0	0.0	0.0	0.0	0.0	0.0	0.0	0.0	0.0	82.0	2.0	60.0	0.0	2.0	3.0	2.0	0.0
mtaB_WP_026068687.1_m03	0.0	0.0	0.0	0.0	0.0	0.0	2.0	0.0	0.0	0.0	0.0	0.0	0.0	0.0	0.0	0.0	0.0	0.0	55.0	0.0	0.0	0.0	0.0	0.0	0.0	1.0	0.0	0.0	0.0	79.0	0.0	185.0	0.0	0.0	0.0	1.0	0.0	95.0	1.0	0.0	8.0	0.0	0.0	0.0	1.0	0.0	0.0	0.0	3.0	0.0	0.0	0.0	0.0	1.0	1.0	0.0	135.0	0.0	83.0	0.0	0.0	0.0	0.0	0.0
mtaB_mbar_MSBR2_2319_m02	0.0	0.0	18.0	1.0	0.0	3.0	26.0	1.0	0.0	0.0	0.0	0.0	0.0	2.0	0.0	0.0	0.0	1.0	199.0	0.0	0.0	0.0	0.0	7.0	17.0	6.0	0.0	0.0	0.0	0.0	0.0	10.0	97.0	10.0	0.0	55.0	0.0	76.0	0.0	0.0	160.0	0.0	15.0	0.0	1.0	42.0	0.0	0.0	16.0	0.0	13.0	44.0	0.0	61.0	4.0	0.0	28.0	0.0	29.0	0.0	0.0	0.0	0.0	0.0
mtaB_20093179_m02	0.0	0.0	102.0	0.0	0.0	12.0	128.0	3.0	0.0	0.0	0.0	0.0	0.0	4.0	0.0	0.0	1.0	7.0	276.0	0.0	0.0	0.0	0.0	23.0	74.0	1.0	1.0	0.0	0.0	3.0	0.0	6.0	490.0	10.0	0.0	229.0	1.0	134.0	0.0	0.0	628.0	0.0	22.0	0.0	8.0	46.0	1.0	1.0	107.0	0.0	72.0	126.0	0.0	287.0	8.0	0.0	46.0	0.0	126.0	0.0	0.0	1.0	0.0	0.0
mtaB_mbar_MSBR2_2319_m03	0.0	0.0	23.0	2.0	0.0	2.0	132.0	0.0	0.0	0.0	0.0	0.0	0.0	10.0	0.0	0.0	0.0	2.0	17.0	0.0	0.0	0.0	0.0	11.0	0.0	3.0	0.0	0.0	0.0	1.0	0.0	1.0	19.0	1.0	0.0	18.0	1.0	10.0	0.0	0.0	38.0	0.0	11.0	0.0	1.0	21.0	0.0	0.0	10.0	0.0	22.0	78.0	0.0	15.0	2.0	0.0	3.0	0.0	7.0	0.0	0.0	0.0	0.0	0.0
mtaB_mbar_MSBR2_2319_m04	0.0	0.0	2.0	0.0	0.0	11.0	16.0	1.0	0.0	0.0	1.0	0.0	0.0	3.0	0.0	0.0	0.0	0.0	56.0	0.0	0.0	0.0	0.0	1.0	4.0	1.0	1.0	0.0	0.0	2.0	0.0	0.0	21.0	8.0	0.0	16.0	1.0	10.0	0.0	0.0	57.0	0.0	5.0	0.0	0.0	9.0	0.0	0.0	9.0	0.0	9.0	14.0	0.0	15.0	2.0	0.0	2.0	0.0	9.0	0.0	0.0	0.0	0.0	0.0
mtaB_mbar_MSBR2_2319_m05	0.0	0.0	74.0	0.0	0.0	0.0	407.0	0.0	0.0	0.0	0.0	0.0	0.0	0.0	0.0	0.0	1.0	0.0	44.0	0.0	0.0	0.0	0.0	18.0	2.0	0.0	0.0	0.0	0.0	1.0	0.0	1.0	27.0	1.0	0.0	56.0	0.0	11.0	0.0	0.0	47.0	0.0	33.0	0.0	0.0	24.0	0.0	0.0	23.0	0.0	52.0	313.0	0.0	16.0	0.0	0.0	7.0	0.0	8.0	0.0	0.0	1.0	0.0	0.0
mtaB_WP_026068687.1_m05	0.0	0.0	0.0	0.0	0.0	0.0	1.0	1.0	0.0	1.0	0.0	0.0	0.0	0.0	0.0	0.0	1.0	0.0	14.0	0.0	0.0	1.0	0.0	0.0	0.0	1.0	0.0	0.0	0.0	28.0	0.0	56.0	1.0	0.0	1.0	3.0	1.0	43.0	0.0	0.0	12.0	0.0	3.0	0.0	1.0	0.0	0.0	0.0	2.0	0.0	2.0	0.0	0.0	1.0	0.0	0.0	57.0	2.0	23.0	0.0	2.0	0.0	0.0	0.0
mtaB_20093179_m09	0.0	0.0	79.0	11.0	0.0	2.0	326.0	2.0	0.0	0.0	0.0	0.0	0.0	20.0	0.0	0.0	0.0	13.0	439.0	0.0	0.0	0.0	0.0	27.0	35.0	1.0	0.0	0.0	0.0	10.0	0.0	35.0	297.0	0.0	0.0	175.0	6.0	239.0	0.0	0.0	397.0	0.0	55.0	0.0	9.0	107.0	0.0	0.0	70.0	0.0	57.0	215.0	0.0	190.0	14.0	0.0	107.0	0.0	116.0	0.0	0.0	3.0	0.0	0.0
