	ZB_1	ZB_2	ZB_3	ZB_4	ZB_5	ZB_6	ZB_7	ZB_8	ZB_9	ZB_10	ZB_11	ZB_12	ZB_13	ZB_14	ZB_15	ZB_16	ZB_17	ZB_18	ZB_19	ZB_20	ZB_21	ZB_22	ZB_23	ZB_24	ZB_25	ZB_26	ZB_27	ZB_28	ZB_29	ZB_30	ZB_31	ZB_32	ZB_33	ZB_34	ZB_35	ZB_36	ZB_37	ZB_38	ZB_39	ZB_40	ZB_41	ZB_42	ZB_43	ZB_44	ZB_45	ZB_46	ZB_47	ZB_48	ZB_49	ZB_50	ZB_51	ZB_52	ZB_53	ZB_54	ZB_55	ZB_56	ZB_57	ZB_58	ZB_59	ZB_60	ZB_61	ZB_62	ZB_63	ZB_64
mtbB_435850275	0.0	0.0	0.0	0.0	0.0	62.0	0.0	0.0	0.0	2.0	0.0	2.0	20.0	0.0	0.0	0.0	1.0	0.0	112.0	0.0	2.0	0.0	0.0	0.0	6.0	67.0	0.0	0.0	0.0	97.0	0.0	8.0	4.0	92.0	0.0	0.0	0.0	6.0	0.0	0.0	0.0	0.0	0.0	0.0	0.0	0.0	0.0	5.0	0.0	0.0	0.0	0.0	2.0	1.0	46.0	1.0	16.0	1.0	9.0	0.0	0.0	0.0	0.0	0.0
mtbB_mthr_MSTHT_1361	0.0	1.0	181.0	1.0	0.0	0.0	998.0	0.0	0.0	0.0	2.0	0.0	0.0	0.0	0.0	0.0	0.0	0.0	80.0	0.0	0.0	0.0	0.0	3215.0	0.0	0.0	0.0	0.0	0.0	2114.0	0.0	1206.0	2.0	0.0	0.0	142.0	0.0	1378.0	0.0	0.0	4.0	0.0	5975.0	0.0	0.0	4498.0	0.0	0.0	90.0	0.0	98.0	504.0	0.0	0.0	0.0	0.0	1063.0	0.0	298.0	0.0	0.0	0.0	0.0	0.0
mtbB_mmac_MSMAC_1375	1.0	0.0	0.0	0.0	0.0	18.0	0.0	0.0	0.0	0.0	0.0	6.0	24.0	0.0	0.0	0.0	0.0	0.0	285.0	0.0	0.0	0.0	0.0	0.0	4.0	22.0	8.0	0.0	0.0	35.0	0.0	0.0	2.0	43.0	0.0	0.0	0.0	11.0	0.0	0.0	2.0	0.0	0.0	0.0	0.0	0.0	0.0	2.0	0.0	0.0	0.0	0.0	0.0	4.0	106.0	0.0	5.0	0.0	12.0	0.0	0.0	0.0	0.0	0.0
mtbB_mmac_MSMAC_1786	1.0	0.0	0.0	0.0	0.0	12.0	0.0	0.0	0.0	0.0	0.0	3.0	18.0	0.0	0.0	0.0	0.0	0.0	145.0	0.0	0.0	0.0	2.0	0.0	2.0	19.0	2.0	0.0	0.0	33.0	0.0	2.0	1.0	20.0	0.0	0.0	0.0	10.0	0.0	0.0	0.0	0.0	0.0	0.0	0.0	0.0	0.0	2.0	0.0	0.0	0.0	1.0	0.0	2.0	52.0	0.0	5.0	0.0	0.0	0.0	0.0	0.0	0.0	0.0
mtbB_mek_MSKOL_0466	0.0	0.0	649.0	20.0	0.0	0.0	1165.0	29.0	0.0	0.0	0.0	0.0	0.0	26.0	4.0	0.0	1.0	38.0	2135.0	3.0	0.0	0.0	0.0	192.0	460.0	4.0	0.0	0.0	6.0	22.0	0.0	128.0	3263.0	0.0	0.0	1768.0	7.0	975.0	0.0	0.0	4877.0	0.0	253.0	0.0	33.0	367.0	0.0	0.0	795.0	0.0	607.0	1315.0	0.0	2005.0	34.0	0.0	412.0	0.0	672.0	0.0	0.0	4.0	0.0	0.0
mtbB_mbak_MSBR3_1955	0.0	0.0	183.0	1.0	0.0	0.0	961.0	0.0	0.0	0.0	0.0	0.0	0.0	0.0	0.0	0.0	0.0	0.0	95.0	0.0	0.0	0.0	0.0	3173.0	2.0	0.0	0.0	0.0	0.0	2112.0	0.0	1134.0	1.0	0.0	0.0	170.0	0.0	1410.0	0.0	0.0	1.0	0.0	6105.0	0.0	0.0	4519.0	0.0	0.0	96.0	0.0	122.0	540.0	0.0	2.0	0.0	0.0	1084.0	0.0	275.0	0.0	0.0	0.0	0.0	0.0
mtbB_mhor_MSHOH_2132	0.0	0.0	20.0	8.0	0.0	3.0	55.0	19.0	0.0	0.0	0.0	0.0	0.0	16.0	0.0	0.0	1.0	15.0	1219.0	0.0	0.0	1.0	0.0	30.0	25.0	0.0	1.0	0.0	0.0	12.0	0.0	3.0	110.0	0.0	0.0	57.0	13.0	123.0	0.0	0.0	182.0	0.0	20.0	0.0	11.0	106.0	0.0	0.0	24.0	0.0	19.0	61.0	0.0	77.0	24.0	0.0	62.0	0.0	97.0	0.0	0.0	3.0	0.0	0.0
mtbB_20089811	0.0	0.0	106.0	6.0	0.0	0.0	236.0	30.0	0.0	0.0	0.0	0.0	0.0	16.0	0.0	0.0	0.0	24.0	558.0	0.0	0.0	0.0	0.0	75.0	146.0	0.0	0.0	0.0	0.0	34.0	2.0	94.0	704.0	0.0	0.0	247.0	4.0	624.0	0.0	0.0	1034.0	0.0	63.0	0.0	24.0	166.0	0.0	0.0	113.0	0.0	77.0	260.0	0.0	502.0	4.0	0.0	253.0	0.0	468.0	0.0	0.0	10.0	0.0	0.0
mtbB_mbw_MSBRW_2236	0.0	0.0	151.0	6.0	0.0	8.0	345.0	7.0	0.0	0.0	0.0	0.0	0.0	3.0	0.0	0.0	0.0	1.0	723.0	0.0	0.0	0.0	0.0	47.0	58.0	0.0	0.0	0.0	0.0	28.0	0.0	62.0	546.0	3.0	0.0	346.0	3.0	215.0	0.0	0.0	755.0	0.0	107.0	0.0	6.0	141.0	0.0	0.0	140.0	0.0	116.0	314.0	0.0	331.0	21.0	0.0	92.0	0.0	144.0	0.0	0.0	0.0	0.0	0.0
mtbB_A0A0G3CCG2	0.0	0.0	0.0	2.0	0.0	0.0	1.0	0.0	0.0	0.0	0.0	0.0	0.0	3.0	0.0	0.0	1.0	1.0	150.0	0.0	0.0	0.0	0.0	5.0	0.0	2.0	0.0	0.0	1.0	12.0	0.0	6.0	2.0	7.0	0.0	1.0	1.0	35.0	0.0	0.0	2.0	0.0	2.0	0.0	1.0	7.0	0.0	0.0	1.0	0.0	0.0	1.0	0.0	2.0	4.0	0.0	10.0	0.0	49.0	0.0	0.0	1.0	0.0	0.0
mtbB_mek_MSKOL_1170	0.0	0.0	7.0	0.0	0.0	12.0	44.0	0.0	0.0	0.0	0.0	0.0	0.0	0.0	0.0	0.0	0.0	0.0	2.0	0.0	0.0	0.0	1.0	139.0	0.0	4.0	0.0	0.0	0.0	60.0	0.0	55.0	0.0	23.0	0.0	4.0	0.0	72.0	0.0	0.0	0.0	0.0	292.0	0.0	0.0	188.0	0.0	0.0	6.0	0.0	4.0	18.0	0.0	0.0	3.0	0.0	58.0	0.0	12.0	0.0	0.0	0.0	0.0	0.0
mtbB_mbak_MSBR3_0479	0.0	0.0	23.0	1.0	0.0	0.0	34.0	4.0	0.0	0.0	0.0	0.0	2.0	6.0	0.0	0.0	1.0	8.0	395.0	0.0	0.0	0.0	0.0	68.0	54.0	0.0	0.0	0.0	0.0	62.0	0.0	108.0	207.0	2.0	0.0	27.0	0.0	496.0	0.0	0.0	271.0	0.0	164.0	0.0	3.0	125.0	0.0	0.0	11.0	0.0	6.0	30.0	0.0	159.0	16.0	0.0	207.0	0.0	220.0	0.0	0.0	0.0	0.0	0.0
mtbB_msj_MSSAC_2376	1.0	0.0	86.0	4.0	0.0	0.0	338.0	2.0	1.0	0.0	0.0	0.0	0.0	0.0	0.0	0.0	0.0	1.0	27.0	0.0	0.0	0.0	0.0	34.0	10.0	0.0	0.0	0.0	0.0	16.0	0.0	19.0	54.0	0.0	0.0	77.0	0.0	13.0	0.0	0.0	90.0	0.0	44.0	0.0	0.0	30.0	0.0	0.0	33.0	0.0	41.0	218.0	0.0	45.0	0.0	0.0	10.0	0.0	7.0	0.0	0.0	0.0	0.0	0.0
mtbB_mbw_MSBRW_1129	0.0	0.0	0.0	0.0	0.0	14.0	0.0	0.0	0.0	0.0	0.0	0.0	0.0	0.0	0.0	0.0	0.0	0.0	0.0	0.0	0.0	0.0	0.0	0.0	0.0	3.0	0.0	0.0	0.0	0.0	0.0	0.0	0.0	16.0	0.0	0.0	0.0	4.0	0.0	0.0	0.0	0.0	0.0	0.0	0.0	0.0	0.0	0.0	0.0	0.0	0.0	0.0	0.0	0.0	1.0	0.0	0.0	0.0	0.0	0.0	0.0	0.0	0.0	0.0
mtbB_mek_MSKOL_1883	0.0	0.0	0.0	0.0	0.0	27.0	0.0	0.0	0.0	0.0	0.0	0.0	0.0	0.0	0.0	0.0	0.0	0.0	2.0	0.0	0.0	0.0	0.0	0.0	0.0	5.0	0.0	0.0	0.0	0.0	0.0	0.0	0.0	39.0	0.0	0.0	0.0	0.0	0.0	0.0	2.0	0.0	0.0	0.0	0.0	0.0	0.0	0.0	0.0	0.0	0.0	0.0	0.0	0.0	1.0	0.0	0.0	0.0	0.0	0.0	0.0	0.0	0.0	0.0
mtbB_435850275_m01	4.0	0.0	0.0	0.0	0.0	13.0	0.0	1.0	0.0	7.0	0.0	10.0	32.0	2.0	3.0	0.0	2.0	0.0	20.0	0.0	4.0	1.0	0.0	0.0	1.0	13.0	10.0	5.0	0.0	36.0	0.0	3.0	4.0	7.0	0.0	0.0	2.0	4.0	6.0	0.0	47.0	0.0	0.0	8.0	1.0	0.0	4.0	8.0	0.0	0.0	0.0	0.0	12.0	5.0	6.0	6.0	1.0	0.0	4.0	0.0	0.0	0.0	0.0	0.0
mtbB_mhor_MSHOH_1542_m01	0.0	0.0	1.0	0.0	0.0	0.0	0.0	0.0	0.0	0.0	0.0	0.0	0.0	0.0	0.0	0.0	1.0	0.0	27.0	0.0	0.0	0.0	0.0	0.0	0.0	0.0	0.0	0.0	0.0	30.0	0.0	23.0	0.0	0.0	0.0	0.0	1.0	35.0	0.0	0.0	0.0	0.0	2.0	0.0	0.0	1.0	0.0	0.0	0.0	0.0	0.0	0.0	0.0	0.0	1.0	0.0	30.0	0.0	21.0	0.0	0.0	0.0	0.0	0.0
mtbB_mbak_MSBR3_1955_m01	0.0	0.0	23.0	4.0	0.0	0.0	67.0	8.0	0.0	0.0	0.0	0.0	0.0	12.0	0.0	0.0	0.0	7.0	535.0	0.0	0.0	2.0	0.0	17.0	64.0	0.0	0.0	0.0	0.0	16.0	0.0	29.0	337.0	0.0	0.0	126.0	0.0	153.0	0.0	0.0	452.0	0.0	23.0	0.0	12.0	48.0	0.0	0.0	58.0	0.0	47.0	98.0	0.0	242.0	18.0	0.0	112.0	0.0	134.0	0.0	0.0	0.0	0.0	0.0
mtbB_mbak_MSBR3_0618_m01	0.0	0.0	0.0	0.0	0.0	6.0	0.0	0.0	0.0	0.0	0.0	0.0	0.0	0.0	0.0	0.0	0.0	0.0	263.0	0.0	0.0	0.0	0.0	3.0	0.0	1.0	0.0	0.0	0.0	16.0	0.0	12.0	0.0	0.0	0.0	0.0	0.0	46.0	0.0	0.0	0.0	0.0	1.0	0.0	0.0	0.0	0.0	0.0	0.0	0.0	0.0	0.0	0.0	0.0	3.0	0.0	27.0	0.0	169.0	0.0	0.0	0.0	0.0	0.0
mtbB_mbw_MSBRW_2236_m01	0.0	0.0	197.0	0.0	0.0	0.0	731.0	0.0	0.0	0.0	0.0	0.0	1.0	0.0	0.0	1.0	0.0	0.0	110.0	0.0	0.0	0.0	0.0	1643.0	83.0	0.0	0.0	1.0	0.0	982.0	0.0	613.0	684.0	2.0	0.0	467.0	0.0	849.0	0.0	0.0	1018.0	0.0	2921.0	0.0	0.0	2215.0	0.0	0.0	196.0	0.0	150.0	555.0	0.0	374.0	2.0	0.0	667.0	0.0	268.0	0.0	0.0	0.0	0.0	0.0
mtbB_mek_MSKOL_1170_m01	0.0	0.0	74.0	3.0	0.0	0.0	414.0	0.0	0.0	0.0	0.0	0.0	0.0	2.0	0.0	0.0	0.0	2.0	61.0	0.0	0.0	0.0	0.0	12.0	1.0	2.0	0.0	0.0	0.0	1.0	0.0	2.0	5.0	10.0	0.0	42.0	0.0	9.0	0.0	0.0	20.0	0.0	28.0	0.0	0.0	38.0	0.0	0.0	20.0	0.0	46.0	295.0	0.0	2.0	3.0	0.0	6.0	0.0	31.0	0.0	0.0	2.0	0.0	0.0
mtbB_mhor_MSHOH_3685_m02	0.0	0.0	349.0	0.0	0.0	1.0	590.0	0.0	0.0	0.0	2.0	0.0	0.0	0.0	0.0	0.0	0.0	0.0	219.0	0.0	0.0	0.0	1.0	92.0	203.0	0.0	0.0	0.0	0.0	0.0	0.0	29.0	1648.0	1.0	0.0	834.0	0.0	192.0	5.0	0.0	2412.0	0.0	111.0	0.0	0.0	131.0	0.0	0.0	467.0	0.0	318.0	641.0	0.0	928.0	0.0	0.0	139.0	0.0	182.0	0.0	0.0	0.0	0.0	0.0
mtbB_mek_MSKOL_0466_m03	0.0	0.0	182.0	15.0	0.0	0.0	792.0	29.0	0.0	0.0	0.0	0.0	0.0	23.0	0.0	0.0	0.0	25.0	613.0	0.0	0.0	0.0	0.0	72.0	57.0	0.0	0.0	0.0	1.0	17.0	0.0	58.0	390.0	0.0	0.0	191.0	3.0	317.0	0.0	0.0	530.0	0.0	99.0	0.0	18.0	161.0	0.0	0.0	79.0	0.0	105.0	642.0	0.0	279.0	21.0	0.0	117.0	0.0	194.0	1.0	0.0	3.0	0.0	0.0
mtbB_mhor_MSHOH_1542_m04	1.0	0.0	91.0	0.0	0.0	0.0	555.0	0.0	0.0	0.0	0.0	0.0	0.0	2.0	0.0	0.0	0.0	0.0	50.0	0.0	0.0	0.0	0.0	1873.0	2.0	1.0	0.0	0.0	0.0	1265.0	0.0	767.0	2.0	0.0	0.0	83.0	0.0	817.0	0.0	0.0	1.0	0.0	3902.0	0.0	0.0	2686.0	0.0	0.0	71.0	0.0	83.0	285.0	0.0	0.0	0.0	0.0	675.0	0.0	145.0	0.0	0.0	0.0	0.0	0.0
mtbB_mek_MSKOL_1170_m04	0.0	0.0	0.0	0.0	0.0	10.0	21.0	0.0	0.0	0.0	0.0	0.0	0.0	0.0	0.0	0.0	0.0	0.0	0.0	0.0	0.0	0.0	0.0	71.0	1.0	6.0	0.0	0.0	0.0	54.0	0.0	25.0	1.0	12.0	0.0	3.0	0.0	36.0	0.0	0.0	0.0	0.0	152.0	0.0	0.0	71.0	0.0	0.0	2.0	0.0	1.0	8.0	0.0	0.0	0.0	0.0	24.0	0.0	7.0	0.0	0.0	0.0	0.0	0.0
mtbB_mek_MSKOL_1170_m05	0.0	0.0	13.0	0.0	0.0	3.0	111.0	0.0	0.0	0.0	0.0	0.0	0.0	0.0	0.0	0.0	0.0	0.0	12.0	0.0	0.0	0.0	0.0	424.0	0.0	0.0	0.0	0.0	0.0	227.0	0.0	134.0	0.0	10.0	0.0	8.0	0.0	166.0	0.0	0.0	0.0	0.0	775.0	0.0	0.0	525.0	0.0	0.0	5.0	0.0	13.0	73.0	2.0	0.0	0.0	0.0	105.0	0.0	47.0	0.0	0.0	0.0	0.0	0.0
mtbB_20089811_m01	0.0	0.0	31.0	8.0	0.0	0.0	89.0	6.0	0.0	0.0	0.0	0.0	0.0	16.0	0.0	0.0	1.0	9.0	1518.0	0.0	0.0	0.0	0.0	5.0	1.0	0.0	0.0	0.0	3.0	10.0	0.0	10.0	53.0	0.0	0.0	35.0	1.0	47.0	0.0	0.0	88.0	0.0	14.0	0.0	14.0	32.0	0.0	0.0	12.0	0.0	25.0	72.0	0.0	35.0	29.0	0.0	26.0	0.0	54.0	0.0	0.0	2.0	0.0	0.0
mtbB_msj_MSSAC_0463_m12	0.0	0.0	180.0	14.0	0.0	1.0	267.0	7.0	0.0	0.0	0.0	0.0	0.0	32.0	4.0	0.0	0.0	21.0	655.0	0.0	0.0	2.0	0.0	47.0	138.0	0.0	1.0	0.0	0.0	13.0	0.0	41.0	856.0	0.0	0.0	493.0	4.0	247.0	0.0	0.0	1304.0	0.0	47.0	0.0	28.0	107.0	0.0	0.0	250.0	0.0	171.0	347.0	0.0	517.0	18.0	0.0	115.0	0.0	180.0	0.0	0.0	0.0	0.0	0.0
mtbB_mhor_MSHOH_3685_m11	0.0	0.0	42.0	0.0	0.0	0.0	52.0	0.0	0.0	0.0	0.0	0.0	0.0	3.0	0.0	0.0	1.0	0.0	39.0	0.0	0.0	0.0	0.0	3.0	22.0	1.0	1.0	0.0	0.0	2.0	0.0	7.0	192.0	0.0	0.0	88.0	2.0	63.0	0.0	0.0	268.0	0.0	12.0	0.0	1.0	43.0	0.0	0.0	40.0	0.0	33.0	62.0	0.0	130.0	3.0	0.0	23.0	0.0	50.0	0.0	0.0	0.0	0.0	0.0
mtbB_mhor_MSHOH_3685_m07	0.0	0.0	47.0	0.0	0.0	0.0	35.0	0.0	0.0	0.0	0.0	0.0	0.0	0.0	0.0	0.0	0.0	0.0	44.0	0.0	0.0	0.0	0.0	12.0	38.0	2.0	0.0	0.0	0.0	11.0	0.0	8.0	213.0	2.0	0.0	93.0	0.0	82.0	0.0	0.0	281.0	0.0	17.0	0.0	0.0	35.0	0.0	0.0	50.0	0.0	43.0	56.0	0.0	124.0	5.0	0.0	19.0	0.0	53.0	0.0	1.0	0.0	0.0	0.0
mtbB_msj_MSSAC_0463_m14	0.0	0.0	44.0	27.0	0.0	0.0	119.0	35.0	0.0	0.0	0.0	0.0	0.0	39.0	1.0	0.0	0.0	36.0	238.0	0.0	0.0	7.0	0.0	40.0	37.0	0.0	0.0	0.0	10.0	7.0	0.0	22.0	188.0	0.0	0.0	113.0	18.0	84.0	0.0	0.0	261.0	0.0	42.0	0.0	28.0	105.0	0.0	0.0	66.0	0.0	42.0	96.0	0.0	106.0	4.0	0.0	47.0	0.0	95.0	0.0	0.0	3.0	0.0	0.0
mtbB_msj_MSSAC_0463_m15	0.0	0.0	11.0	4.0	0.0	0.0	12.0	0.0	0.0	0.0	0.0	0.0	0.0	1.0	0.0	0.0	0.0	6.0	233.0	0.0	0.0	0.0	0.0	6.0	3.0	0.0	0.0	0.0	0.0	2.0	0.0	15.0	31.0	0.0	0.0	6.0	0.0	68.0	0.0	0.0	55.0	0.0	6.0	0.0	4.0	11.0	1.0	0.0	7.0	0.0	7.0	17.0	0.0	29.0	2.0	0.0	22.0	0.0	36.0	0.0	0.0	0.0	0.0	0.0
mtbB_msj_MSSAC_0463_m16	0.0	0.0	38.0	1.0	0.0	4.0	91.0	0.0	0.0	0.0	0.0	0.0	0.0	5.0	0.0	0.0	2.0	2.0	184.0	0.0	0.0	0.0	0.0	9.0	22.0	0.0	0.0	0.0	2.0	2.0	0.0	9.0	172.0	1.0	0.0	82.0	0.0	41.0	0.0	0.0	274.0	0.0	16.0	0.0	3.0	33.0	0.0	0.0	29.0	0.0	30.0	81.0	0.0	100.0	3.0	0.0	17.0	0.0	48.0	0.0	0.0	2.0	0.0	0.0
mtbB_msj_MSSAC_0463_m28	0.0	0.0	7.0	0.0	0.0	0.0	4.0	3.0	0.0	0.0	0.0	0.0	0.0	0.0	0.0	0.0	0.0	2.0	115.0	0.0	0.0	0.0	0.0	3.0	9.0	0.0	0.0	0.0	0.0	5.0	0.0	21.0	29.0	0.0	0.0	22.0	2.0	50.0	0.0	0.0	69.0	0.0	2.0	0.0	6.0	20.0	0.0	0.0	6.0	0.0	6.0	11.0	0.0	30.0	5.0	0.0	12.0	0.0	34.0	0.0	0.0	0.0	0.0	0.0
mtbB_msj_MSSAC_0463_m17	0.0	0.0	9.0	4.0	0.0	2.0	17.0	5.0	0.0	0.0	0.0	0.0	0.0	4.0	0.0	0.0	0.0	3.0	163.0	0.0	0.0	1.0	0.0	2.0	13.0	2.0	0.0	0.0	0.0	2.0	0.0	9.0	40.0	3.0	0.0	13.0	2.0	72.0	0.0	0.0	45.0	0.0	8.0	0.0	5.0	11.0	0.0	0.0	12.0	0.0	12.0	13.0	0.0	26.0	1.0	0.0	20.0	0.0	24.0	0.0	0.0	0.0	0.0	0.0
mtbB_msj_MSSAC_0463_m18	0.0	0.0	5.0	1.0	0.0	12.0	4.0	0.0	0.0	0.0	0.0	0.0	4.0	0.0	0.0	0.0	0.0	0.0	24.0	0.0	0.0	0.0	0.0	0.0	4.0	2.0	0.0	0.0	0.0	2.0	0.0	0.0	14.0	10.0	0.0	5.0	0.0	8.0	0.0	0.0	22.0	0.0	4.0	0.0	0.0	2.0	0.0	0.0	2.0	0.0	2.0	3.0	0.0	7.0	2.0	0.0	1.0	0.0	4.0	0.0	0.0	0.0	0.0	0.0
mtbB_msj_MSSAC_0463_m19	0.0	0.0	1.0	0.0	0.0	0.0	12.0	0.0	0.0	0.0	0.0	0.0	0.0	1.0	0.0	0.0	0.0	0.0	67.0	0.0	0.0	1.0	0.0	5.0	1.0	0.0	0.0	0.0	0.0	2.0	0.0	2.0	28.0	2.0	0.0	10.0	0.0	26.0	0.0	0.0	38.0	0.0	3.0	0.0	1.0	2.0	0.0	0.0	7.0	0.0	5.0	11.0	0.0	19.0	2.0	0.0	9.0	0.0	14.0	0.0	0.0	0.0	0.0	0.0
mtbB_msj_MSSAC_0463_m20	0.0	0.0	18.0	0.0	0.0	5.0	62.0	0.0	1.0	0.0	0.0	0.0	0.0	0.0	0.0	0.0	0.0	0.0	91.0	0.0	0.0	0.0	0.0	4.0	2.0	2.0	0.0	0.0	0.0	3.0	0.0	1.0	22.0	9.0	0.0	13.0	0.0	27.0	0.0	0.0	33.0	0.0	4.0	0.0	0.0	16.0	0.0	0.0	7.0	0.0	11.0	58.0	0.0	20.0	6.0	0.0	8.0	0.0	7.0	0.0	0.0	0.0	0.0	0.0
mtbB_mhor_MSHOH_3685_m09	0.0	0.0	178.0	0.0	0.0	2.0	386.0	2.0	0.0	0.0	0.0	0.0	0.0	0.0	0.0	0.0	0.0	2.0	85.0	0.0	0.0	0.0	0.0	16.0	94.0	0.0	0.0	0.0	0.0	0.0	0.0	21.0	637.0	0.0	0.0	399.0	0.0	60.0	0.0	0.0	975.0	0.0	45.0	0.0	1.0	59.0	0.0	0.0	181.0	0.0	114.0	361.0	0.0	427.0	2.0	0.0	38.0	0.0	103.0	0.0	0.0	0.0	0.0	0.0
mtbB_msj_MSSAC_0463_m22	0.0	0.0	5.0	4.0	0.0	8.0	4.0	6.0	0.0	0.0	0.0	0.0	4.0	5.0	2.0	0.0	0.0	7.0	273.0	0.0	0.0	1.0	0.0	14.0	31.0	0.0	0.0	0.0	0.0	12.0	0.0	32.0	121.0	6.0	0.0	17.0	2.0	196.0	0.0	0.0	139.0	0.0	18.0	0.0	8.0	40.0	0.0	0.0	9.0	0.0	6.0	14.0	0.0	75.0	2.0	0.0	92.0	0.0	123.0	0.0	0.0	0.0	0.0	0.0
mtbB_msj_MSSAC_0463_m26	0.0	0.0	10.0	1.0	0.0	1.0	25.0	2.0	0.0	0.0	0.0	0.0	0.0	8.0	0.0	0.0	0.0	4.0	81.0	0.0	0.0	0.0	0.0	8.0	2.0	0.0	0.0	0.0	0.0	3.0	0.0	3.0	67.0	0.0	0.0	32.0	2.0	24.0	0.0	0.0	98.0	0.0	10.0	0.0	5.0	22.0	0.0	0.0	8.0	0.0	8.0	22.0	0.0	41.0	3.0	0.0	9.0	0.0	16.0	0.0	0.0	0.0	0.0	0.0
