	ZB_1	ZB_2	ZB_3	ZB_4	ZB_5	ZB_6	ZB_7	ZB_8	ZB_9	ZB_10	ZB_11	ZB_12	ZB_13	ZB_14	ZB_15	ZB_16	ZB_17	ZB_18	ZB_19	ZB_20	ZB_21	ZB_22	ZB_23	ZB_24	ZB_25	ZB_26	ZB_27	ZB_28	ZB_29	ZB_30	ZB_31	ZB_32	ZB_33	ZB_34	ZB_35	ZB_36	ZB_37	ZB_38	ZB_39	ZB_40	ZB_41	ZB_42	ZB_43	ZB_44	ZB_45	ZB_46	ZB_47	ZB_48	ZB_49	ZB_50	ZB_51	ZB_52	ZB_53	ZB_54	ZB_55	ZB_56	ZB_57	ZB_58	ZB_59	ZB_60	ZB_61	ZB_62	ZB_63	ZB_64
mtd_I7LMX2	6.0	873.0	15.0	6.0	1883.0	0.0	13.0	2.0	22.0	0.0	1370.0	0.0	0.0	4.0	0.0	13.0	1351.0	0.0	2.0	1527.0	0.0	0.0	20.0	3.0	4.0	0.0	0.0	3.0	0.0	3.0	22.0	2.0	3.0	0.0	1215.0	27.0	0.0	0.0	2.0	28.0	4.0	40.0	7.0	2.0	0.0	2.0	3.0	3.0	15.0	720.0	11.0	19.0	4.0	0.0	0.0	2.0	3.0	21.0	0.0	17.0	374.0	0.0	5.0	832.0
mtd_A0A089Z7S3	0.0	0.0	0.0	0.0	0.0	2.0	0.0	0.0	0.0	0.0	0.0	17.0	10.0	0.0	0.0	0.0	0.0	0.0	21.0	0.0	0.0	0.0	0.0	0.0	12.0	12.0	16.0	0.0	0.0	10.0	0.0	7.0	25.0	0.0	0.0	0.0	0.0	2.0	0.0	0.0	25.0	0.0	0.0	0.0	0.0	0.0	0.0	11.0	0.0	0.0	0.0	0.0	0.0	17.0	8.0	0.0	7.0	0.0	0.0	0.0	0.0	0.0	0.0	0.0
mtd_K6U983	0.0	206.0	0.0	2.0	373.0	1.0	1.0	6.0	13.0	0.0	339.0	0.0	0.0	6.0	2.0	8.0	227.0	0.0	0.0	134.0	0.0	0.0	6.0	0.0	0.0	0.0	0.0	0.0	0.0	0.0	18.0	12.0	1.0	0.0	225.0	1.0	0.0	1.0	0.0	4.0	4.0	25.0	0.0	1.0	1.0	0.0	0.0	0.0	0.0	242.0	0.0	0.0	0.0	0.0	1.0	0.0	7.0	10.0	1.0	1.0	159.0	1.0	10.0	210.0
mtd_A0A1V4YEE2	0.0	39.0	17.0	24.0	47.0	6.0	49.0	39.0	230.0	12.0	29.0	2.0	3.0	22.0	3.0	340.0	21.0	23.0	138.0	23.0	7.0	18.0	748.0	6.0	4.0	9.0	2.0	12.0	8.0	94.0	539.0	308.0	28.0	3.0	13.0	55.0	17.0	47.0	2.0	587.0	149.0	567.0	9.0	21.0	37.0	9.0	6.0	2.0	12.0	49.0	6.0	28.0	2.0	9.0	7.0	4.0	233.0	163.0	52.0	297.0	30.0	14.0	402.0	28.0
mtd_A0A2H4VI87	1.0	15.0	0.0	0.0	23.0	8.0	0.0	0.0	0.0	1.0	25.0	5.0	0.0	0.0	0.0	0.0	18.0	0.0	19.0	8.0	0.0	0.0	2.0	0.0	1.0	7.0	1.0	0.0	0.0	7.0	1.0	3.0	3.0	2.0	15.0	0.0	0.0	6.0	0.0	0.0	2.0	0.0	0.0	0.0	0.0	1.0	0.0	0.0	0.0	7.0	0.0	0.0	0.0	4.0	1.0	0.0	10.0	0.0	6.0	0.0	6.0	0.0	1.0	10.0
mtd_R9SJF9	0.0	108.0	0.0	0.0	133.0	0.0	0.0	0.0	0.0	0.0	18.0	0.0	0.0	43.0	39.0	2.0	76.0	2.0	0.0	73.0	0.0	2.0	0.0	1.0	0.0	0.0	0.0	0.0	0.0	0.0	0.0	0.0	0.0	0.0	44.0	0.0	0.0	0.0	0.0	0.0	0.0	0.0	0.0	0.0	276.0	0.0	0.0	0.0	0.0	9.0	0.0	0.0	0.0	0.0	0.0	0.0	0.0	0.0	0.0	0.0	3.0	0.0	0.0	79.0
mtd_A0A063Z759	0.0	2.0	0.0	0.0	4.0	0.0	0.0	0.0	0.0	0.0	45.0	0.0	0.0	0.0	0.0	0.0	4.0	0.0	1.0	5.0	0.0	0.0	1.0	0.0	0.0	0.0	2.0	0.0	0.0	0.0	1.0	0.0	0.0	0.0	4.0	0.0	0.0	0.0	0.0	0.0	1.0	5.0	0.0	0.0	0.0	3.0	0.0	0.0	0.0	21.0	0.0	2.0	0.0	0.0	0.0	0.0	0.0	2.0	0.0	0.0	26.0	0.0	1.0	0.0
mtd_A0A1V4TGY8	0.0	197.0	0.0	3.0	361.0	0.0	3.0	7.0	6.0	3.0	300.0	0.0	2.0	3.0	3.0	5.0	217.0	0.0	5.0	149.0	1.0	0.0	4.0	0.0	1.0	0.0	0.0	0.0	0.0	4.0	9.0	3.0	0.0	0.0	192.0	0.0	1.0	1.0	0.0	1.0	4.0	19.0	1.0	4.0	5.0	0.0	0.0	0.0	0.0	182.0	0.0	0.0	0.0	0.0	4.0	1.0	2.0	2.0	1.0	3.0	128.0	0.0	16.0	125.0
mtd_U6EAV6	0.0	494.0	0.0	0.0	816.0	10.0	0.0	6.0	25.0	2.0	609.0	9.0	5.0	14.0	1.0	28.0	528.0	0.0	39.0	326.0	6.0	0.0	7.0	0.0	3.0	6.0	7.0	2.0	0.0	23.0	42.0	16.0	16.0	1.0	487.0	0.0	3.0	10.0	2.0	8.0	22.0	30.0	0.0	3.0	9.0	0.0	0.0	4.0	0.0	439.0	0.0	0.0	0.0	10.0	6.0	0.0	13.0	10.0	7.0	3.0	344.0	0.0	39.0	418.0
mtd_WP_074370676.1	0.0	37.0	0.0	0.0	39.0	0.0	0.0	0.0	0.0	0.0	537.0	0.0	0.0	0.0	0.0	0.0	38.0	0.0	0.0	36.0	0.0	0.0	0.0	0.0	0.0	0.0	0.0	0.0	0.0	0.0	1.0	0.0	0.0	0.0	115.0	2.0	0.0	0.0	0.0	0.0	0.0	0.0	0.0	0.0	0.0	0.0	0.0	0.0	0.0	393.0	0.0	0.0	0.0	0.0	0.0	0.0	0.0	0.0	0.0	0.0	409.0	0.0	0.0	11.0
mtd_A0A328RUL0	0.0	12.0	0.0	0.0	12.0	0.0	0.0	0.0	0.0	0.0	5.0	0.0	0.0	0.0	0.0	0.0	10.0	0.0	0.0	11.0	0.0	0.0	0.0	0.0	0.0	0.0	0.0	0.0	0.0	0.0	0.0	0.0	0.0	0.0	4.0	0.0	0.0	0.0	0.0	0.0	1.0	0.0	0.0	0.0	0.0	0.0	0.0	0.0	0.0	2.0	0.0	0.0	0.0	0.0	0.0	0.0	0.0	0.0	0.0	0.0	2.0	0.0	0.0	3.0
mtd_A0A1D3KYY6	0.0	0.0	0.0	0.0	0.0	26.0	0.0	0.0	2.0	0.0	0.0	47.0	9.0	0.0	0.0	0.0	0.0	0.0	116.0	0.0	0.0	0.0	0.0	0.0	12.0	33.0	34.0	0.0	1.0	68.0	0.0	34.0	47.0	6.0	0.0	0.0	0.0	44.0	0.0	0.0	55.0	0.0	0.0	0.0	0.0	0.0	0.0	15.0	0.0	0.0	0.0	2.0	0.0	34.0	31.0	0.0	27.0	0.0	19.0	0.0	0.0	0.0	0.0	0.0
mtd_A0A483CQ80	0.0	0.0	0.0	0.0	0.0	433.0	0.0	0.0	0.0	0.0	0.0	5.0	65.0	0.0	0.0	0.0	0.0	0.0	123.0	0.0	0.0	0.0	0.0	0.0	2.0	840.0	7.0	0.0	0.0	60.0	0.0	22.0	1.0	495.0	0.0	0.0	0.0	15.0	0.0	0.0	0.0	0.0	0.0	0.0	0.0	0.0	0.0	34.0	0.0	0.0	0.0	0.0	0.0	0.0	133.0	0.0	5.0	0.0	19.0	0.0	0.0	0.0	0.0	0.0
mtd_A0A347AMA3	1.0	0.0	0.0	0.0	0.0	17.0	0.0	2.0	0.0	0.0	0.0	42.0	18.0	0.0	0.0	0.0	0.0	0.0	135.0	0.0	0.0	0.0	0.0	0.0	25.0	20.0	29.0	0.0	0.0	48.0	0.0	22.0	30.0	6.0	0.0	0.0	0.0	23.0	0.0	0.0	44.0	0.0	0.0	0.0	0.0	0.0	0.0	10.0	0.0	0.0	0.0	0.0	0.0	24.0	27.0	0.0	29.0	0.0	29.0	0.0	0.0	0.0	0.0	0.0
mtd_A0A0E3RKA4	0.0	0.0	0.0	0.0	0.0	9.0	0.0	0.0	0.0	0.0	0.0	6.0	7.0	0.0	0.0	0.0	0.0	0.0	114.0	0.0	0.0	0.0	0.0	0.0	3.0	10.0	2.0	0.0	0.0	13.0	0.0	2.0	0.0	12.0	0.0	0.0	0.0	1.0	0.0	0.0	0.0	0.0	0.0	0.0	0.0	0.0	0.0	0.0	0.0	0.0	0.0	0.0	0.0	2.0	48.0	0.0	2.0	0.0	0.0	0.0	0.0	0.0	0.0	0.0
mtd_A0A090I8V8	0.0	0.0	0.0	0.0	0.0	69.0	0.0	0.0	0.0	0.0	0.0	160.0	46.0	0.0	0.0	0.0	2.0	0.0	542.0	0.0	0.0	0.0	0.0	0.0	69.0	82.0	88.0	0.0	0.0	209.0	0.0	114.0	133.0	20.0	0.0	0.0	0.0	158.0	0.0	0.0	188.0	0.0	0.0	0.0	0.0	0.0	0.0	48.0	0.0	0.0	0.0	0.0	0.0	140.0	116.0	0.0	113.0	0.0	61.0	0.0	0.0	0.0	0.0	0.0
mtd_A0A1V5ZC55	0.0	0.0	0.0	0.0	0.0	2.0	0.0	0.0	0.0	0.0	0.0	7.0	0.0	0.0	0.0	0.0	0.0	1.0	0.0	0.0	0.0	3.0	0.0	0.0	4.0	2.0	2.0	2.0	5.0	5.0	1.0	0.0	0.0	0.0	0.0	2.0	4.0	0.0	0.0	0.0	1.0	0.0	0.0	1.0	0.0	2.0	0.0	1.0	0.0	0.0	0.0	0.0	2.0	0.0	3.0	0.0	0.0	0.0	1.0	0.0	0.0	0.0	0.0	0.0
mtd_J0RY20	0.0	0.0	0.0	0.0	0.0	165.0	0.0	0.0	0.0	0.0	0.0	7.0	20.0	0.0	0.0	0.0	0.0	0.0	62.0	0.0	0.0	0.0	0.0	0.0	8.0	429.0	8.0	0.0	0.0	94.0	0.0	6.0	2.0	208.0	0.0	0.0	0.0	5.0	0.0	0.0	0.0	1.0	0.0	0.0	0.0	0.0	0.0	5.0	0.0	0.0	0.0	0.0	0.0	3.0	87.0	0.0	5.0	0.0	5.0	0.0	0.0	0.0	0.0	0.0
mtd_WP_007314409.1	0.0	0.0	0.0	0.0	0.0	14.0	0.0	0.0	0.0	1.0	1.0	1.0	3.0	0.0	0.0	0.0	0.0	0.0	3.0	0.0	0.0	0.0	0.0	0.0	0.0	31.0	0.0	0.0	0.0	4.0	0.0	1.0	0.0	17.0	0.0	0.0	0.0	0.0	0.0	0.0	0.0	0.0	0.0	0.0	0.0	0.0	0.0	2.0	0.0	0.0	0.0	0.0	0.0	0.0	4.0	0.0	0.0	0.0	0.0	0.0	0.0	0.0	0.0	0.0
mtd_mfz_AOB57_007795	0.0	0.0	132.0	0.0	0.0	0.0	1000.0	0.0	0.0	0.0	0.0	0.0	0.0	0.0	0.0	0.0	1.0	0.0	75.0	0.0	0.0	0.0	0.0	3479.0	0.0	0.0	0.0	0.0	0.0	1888.0	0.0	1314.0	3.0	0.0	2.0	108.0	2.0	1474.0	0.0	0.0	4.0	0.0	8066.0	0.0	0.0	4950.0	0.0	0.0	76.0	0.0	109.0	537.0	0.0	1.0	0.0	0.0	1085.0	0.0	261.0	0.0	0.0	0.0	0.0	0.0
mtd_A0A0E3QZF1	0.0	0.0	356.0	26.0	0.0	0.0	820.0	38.0	0.0	0.0	0.0	0.0	0.0	25.0	2.0	2.0	0.0	29.0	1579.0	2.0	0.0	0.0	0.0	97.0	262.0	0.0	0.0	0.0	4.0	29.0	0.0	88.0	1606.0	0.0	0.0	893.0	21.0	833.0	0.0	0.0	2392.0	0.0	204.0	0.0	43.0	304.0	0.0	0.0	389.0	0.0	315.0	778.0	0.0	1026.0	41.0	0.0	308.0	2.0	441.0	0.0	0.0	7.0	0.0	0.0
mtd_Q8THT2	0.0	0.0	91.0	3.0	0.0	0.0	233.0	9.0	0.0	0.0	0.0	0.0	0.0	3.0	0.0	0.0	0.0	6.0	372.0	0.0	0.0	2.0	0.0	31.0	63.0	0.0	0.0	0.0	0.0	6.0	0.0	20.0	357.0	0.0	0.0	241.0	8.0	203.0	0.0	0.0	635.0	0.0	40.0	0.0	11.0	64.0	0.0	0.0	102.0	0.0	95.0	209.0	0.0	233.0	13.0	0.0	66.0	0.0	113.0	0.0	0.0	2.0	0.0	0.0
mtd_A0A0E3NUC0	0.0	0.0	9.0	1.0	0.0	0.0	24.0	0.0	0.0	0.0	0.0	0.0	0.0	2.0	0.0	0.0	0.0	0.0	57.0	0.0	0.0	0.0	0.0	2.0	14.0	0.0	0.0	0.0	0.0	1.0	0.0	1.0	50.0	0.0	0.0	33.0	0.0	16.0	0.0	0.0	82.0	0.0	5.0	0.0	1.0	4.0	0.0	0.0	15.0	0.0	9.0	25.0	0.0	44.0	2.0	0.0	9.0	0.0	9.0	0.0	0.0	0.0	0.0	0.0
mtd_A0A101J2P9	0.0	0.0	4.0	0.0	0.0	2.0	5.0	0.0	3.0	0.0	0.0	9.0	0.0	0.0	0.0	3.0	0.0	0.0	4.0	0.0	0.0	1.0	2.0	0.0	15.0	1.0	3.0	0.0	0.0	2.0	1.0	0.0	17.0	2.0	0.0	7.0	0.0	0.0	0.0	0.0	10.0	2.0	2.0	0.0	0.0	2.0	2.0	0.0	5.0	0.0	0.0	7.0	0.0	4.0	5.0	0.0	2.0	0.0	1.0	0.0	0.0	0.0	2.0	0.0
mtd_A0A1V4ZRF7	0.0	0.0	0.0	0.0	0.0	14.0	0.0	0.0	0.0	0.0	0.0	0.0	0.0	0.0	0.0	0.0	1.0	0.0	4.0	0.0	0.0	0.0	0.0	0.0	0.0	3.0	1.0	1.0	0.0	14.0	0.0	0.0	0.0	7.0	0.0	0.0	0.0	0.0	0.0	0.0	0.0	0.0	0.0	0.0	0.0	0.0	0.0	0.0	0.0	0.0	0.0	0.0	0.0	0.0	9.0	0.0	0.0	0.0	0.0	0.0	0.0	0.0	0.0	0.0
mtd_A0A524LY61	0.0	1.0	0.0	2.0	0.0	18.0	0.0	0.0	0.0	0.0	0.0	0.0	0.0	4.0	0.0	0.0	0.0	1.0	11.0	2.0	0.0	0.0	0.0	0.0	0.0	18.0	0.0	0.0	0.0	3.0	0.0	0.0	0.0	21.0	0.0	0.0	0.0	4.0	0.0	0.0	0.0	0.0	0.0	0.0	4.0	0.0	0.0	0.0	0.0	0.0	0.0	0.0	0.0	1.0	1.0	0.0	1.0	0.0	19.0	0.0	0.0	0.0	0.0	0.0
mtd_I7LMX2_m01	0.0	2.0	53.0	283.0	2.0	0.0	65.0	328.0	11.0	2.0	4.0	2.0	0.0	415.0	89.0	11.0	0.0	239.0	0.0	0.0	0.0	47.0	6.0	55.0	3.0	0.0	0.0	4.0	72.0	0.0	9.0	0.0	9.0	0.0	2.0	26.0	115.0	0.0	4.0	13.0	26.0	44.0	78.0	1.0	288.0	111.0	4.0	0.0	17.0	4.0	26.0	115.0	4.0	3.0	0.0	4.0	0.0	8.0	0.0	6.0	6.0	41.0	6.0	0.0
mtd_K6U983_m01	0.0	0.0	0.0	0.0	0.0	25.0	0.0	0.0	0.0	0.0	0.0	10.0	8.0	0.0	0.0	0.0	0.0	0.0	86.0	0.0	0.0	0.0	0.0	0.0	2.0	21.0	2.0	0.0	0.0	72.0	0.0	19.0	9.0	10.0	0.0	0.0	0.0	13.0	0.0	0.0	4.0	0.0	0.0	0.0	0.0	0.0	0.0	2.0	0.0	0.0	0.0	0.0	0.0	11.0	19.0	0.0	22.0	0.0	7.0	0.0	0.0	0.0	0.0	0.0
mtd_A0A2H4VI87_m01	0.0	0.0	0.0	3.0	0.0	10.0	0.0	0.0	0.0	0.0	0.0	9.0	0.0	0.0	0.0	0.0	0.0	0.0	34.0	0.0	0.0	0.0	0.0	0.0	0.0	2.0	3.0	0.0	0.0	12.0	0.0	10.0	3.0	0.0	0.0	0.0	0.0	10.0	0.0	0.0	15.0	0.0	0.0	0.0	0.0	0.0	0.0	0.0	0.0	0.0	0.0	0.0	0.0	2.0	22.0	0.0	2.0	0.0	10.0	0.0	0.0	0.0	0.0	0.0
mtd_R9SJF9_m01	0.0	1.0	0.0	0.0	1.0	0.0	0.0	0.0	0.0	0.0	110.0	0.0	0.0	0.0	0.0	0.0	0.0	0.0	0.0	2.0	0.0	0.0	0.0	0.0	0.0	0.0	0.0	0.0	0.0	0.0	0.0	0.0	0.0	0.0	32.0	0.0	1.0	0.0	0.0	0.0	0.0	0.0	0.0	0.0	0.0	0.0	0.0	0.0	0.0	27.0	0.0	0.0	0.0	0.0	0.0	0.0	0.0	0.0	0.0	0.0	20.0	0.0	0.0	1.0
mtd_WP_074370676.1_m01	1.0	0.0	2.0	3.0	0.0	0.0	1.0	21.0	0.0	0.0	2.0	0.0	0.0	66.0	16.0	0.0	1.0	16.0	0.0	0.0	0.0	2.0	0.0	0.0	0.0	0.0	0.0	0.0	9.0	0.0	0.0	0.0	0.0	0.0	2.0	0.0	6.0	0.0	0.0	0.0	1.0	0.0	0.0	0.0	63.0	0.0	0.0	0.0	0.0	0.0	0.0	0.0	0.0	0.0	0.0	0.0	0.0	0.0	0.0	0.0	0.0	2.0	0.0	0.0
mtd_A0A483CQ80_m01	0.0	0.0	0.0	0.0	0.0	148.0	0.0	0.0	0.0	0.0	0.0	7.0	27.0	0.0	0.0	0.0	0.0	0.0	92.0	0.0	0.0	0.0	0.0	0.0	8.0	379.0	4.0	0.0	0.0	84.0	0.0	5.0	4.0	149.0	0.0	0.0	0.0	7.0	0.0	0.0	0.0	0.0	0.0	0.0	0.0	0.0	0.0	5.0	0.0	0.0	0.0	0.0	0.0	0.0	105.0	0.0	9.0	0.0	10.0	0.0	0.0	0.0	0.0	0.0
mtd_J0RY20_m01	0.0	0.0	0.0	0.0	0.0	78.0	0.0	0.0	0.0	0.0	0.0	0.0	0.0	0.0	0.0	0.0	1.0	0.0	34.0	0.0	0.0	0.0	0.0	0.0	0.0	125.0	0.0	0.0	0.0	31.0	0.0	9.0	0.0	148.0	0.0	0.0	0.0	5.0	0.0	0.0	0.0	0.0	0.0	0.0	0.0	0.0	0.0	1.0	0.0	0.0	0.0	0.0	0.0	0.0	21.0	0.0	6.0	0.0	6.0	0.0	0.0	0.0	0.0	0.0
mtd_A0A0E3KPX1_m01	0.0	0.0	0.0	0.0	0.0	0.0	1.0	0.0	0.0	0.0	0.0	0.0	0.0	0.0	0.0	0.0	0.0	0.0	86.0	1.0	0.0	0.0	0.0	1.0	0.0	0.0	0.0	0.0	0.0	7.0	0.0	0.0	0.0	0.0	0.0	0.0	0.0	21.0	0.0	0.0	0.0	0.0	0.0	0.0	0.0	0.0	0.0	0.0	0.0	0.0	0.0	0.0	0.0	0.0	0.0	0.0	2.0	0.0	66.0	0.0	0.0	0.0	0.0	0.0
mtd_K6U983_m02	0.0	150.0	0.0	4.0	272.0	0.0	0.0	0.0	8.0	6.0	186.0	0.0	0.0	1.0	5.0	13.0	167.0	4.0	2.0	109.0	0.0	0.0	2.0	0.0	0.0	0.0	0.0	0.0	0.0	0.0	11.0	2.0	0.0	0.0	126.0	0.0	0.0	0.0	0.0	2.0	0.0	18.0	0.0	0.0	2.0	0.0	0.0	0.0	0.0	169.0	0.0	0.0	0.0	0.0	0.0	0.0	2.0	7.0	0.0	0.0	118.0	0.0	10.0	153.0
mtd_A0A2H4VI87_m02	0.0	33.0	0.0	1.0	60.0	4.0	1.0	1.0	2.0	0.0	38.0	0.0	0.0	3.0	3.0	1.0	43.0	0.0	5.0	25.0	0.0	0.0	0.0	0.0	0.0	2.0	0.0	0.0	0.0	2.0	3.0	0.0	3.0	0.0	29.0	0.0	0.0	2.0	0.0	1.0	2.0	3.0	0.0	0.0	3.0	0.0	0.0	0.0	0.0	47.0	0.0	0.0	0.0	0.0	0.0	0.0	0.0	0.0	0.0	0.0	14.0	0.0	1.0	28.0
mtd_A0A1V4TGY8_m01	0.0	16.0	0.0	0.0	39.0	2.0	0.0	0.0	1.0	0.0	19.0	0.0	0.0	1.0	0.0	0.0	18.0	0.0	0.0	12.0	1.0	0.0	0.0	0.0	0.0	0.0	0.0	1.0	0.0	4.0	3.0	0.0	0.0	0.0	20.0	0.0	0.0	2.0	0.0	0.0	0.0	3.0	0.0	1.0	1.0	0.0	2.0	0.0	0.0	17.0	0.0	1.0	0.0	0.0	0.0	0.0	4.0	1.0	0.0	1.0	13.0	0.0	0.0	14.0
mtd_U6EAV6_m01	0.0	69.0	0.0	0.0	114.0	0.0	0.0	0.0	2.0	0.0	77.0	7.0	1.0	0.0	0.0	1.0	73.0	0.0	22.0	22.0	0.0	1.0	2.0	0.0	3.0	3.0	7.0	0.0	0.0	16.0	7.0	13.0	6.0	0.0	62.0	0.0	0.0	7.0	0.0	1.0	10.0	5.0	0.0	0.0	3.0	0.0	0.0	1.0	0.0	71.0	0.0	0.0	0.0	3.0	5.0	0.0	9.0	2.0	2.0	2.0	34.0	0.0	0.0	30.0
mtd_WP_074370676.1_m02	0.0	5.0	0.0	0.0	4.0	0.0	2.0	0.0	0.0	0.0	48.0	0.0	0.0	0.0	0.0	0.0	4.0	0.0	0.0	2.0	0.0	0.0	1.0	0.0	0.0	0.0	0.0	0.0	2.0	0.0	0.0	0.0	2.0	0.0	10.0	5.0	0.0	0.0	0.0	0.0	4.0	2.0	0.0	0.0	0.0	1.0	0.0	0.0	1.0	44.0	0.0	2.0	0.0	0.0	0.0	0.0	0.0	0.0	0.0	2.0	26.0	0.0	0.0	1.0
mtd_A0A347AMA3_m01	0.0	0.0	0.0	0.0	0.0	37.0	0.0	0.0	0.0	0.0	0.0	49.0	85.0	0.0	0.0	1.0	0.0	0.0	133.0	0.0	0.0	0.0	0.0	0.0	21.0	37.0	14.0	0.0	0.0	82.0	0.0	20.0	22.0	18.0	0.0	0.0	0.0	38.0	0.0	0.0	59.0	0.0	0.0	0.0	0.0	0.0	0.0	17.0	0.0	0.0	0.0	0.0	0.0	61.0	31.0	0.0	36.0	0.0	14.0	0.0	0.0	0.0	0.0	0.0
mtd_J0RY20_m03	0.0	0.0	0.0	0.0	0.0	25.0	0.0	0.0	0.0	0.0	0.0	0.0	0.0	0.0	0.0	0.0	0.0	0.0	14.0	0.0	0.0	0.0	0.0	0.0	0.0	56.0	0.0	0.0	0.0	21.0	0.0	15.0	0.0	36.0	0.0	0.0	0.0	5.0	0.0	0.0	0.0	0.0	0.0	0.0	0.0	0.0	0.0	1.0	0.0	0.0	0.0	0.0	0.0	0.0	14.0	0.0	9.0	0.0	4.0	0.0	0.0	0.0	0.0	0.0
mtd_J0RY20_m04	0.0	0.0	0.0	0.0	0.0	31.0	0.0	0.0	0.0	0.0	0.0	0.0	2.0	0.0	1.0	0.0	2.0	0.0	25.0	0.0	0.0	0.0	0.0	0.0	0.0	44.0	0.0	0.0	0.0	13.0	0.0	3.0	0.0	49.0	0.0	0.0	0.0	7.0	0.0	0.0	0.0	0.0	0.0	0.0	0.0	0.0	0.0	0.0	0.0	0.0	0.0	0.0	0.0	0.0	13.0	0.0	3.0	0.0	1.0	0.0	0.0	0.0	0.0	0.0
mtd_A0A1V4TGY8_m02	1.0	722.0	1.0	11.0	1255.0	0.0	6.0	27.0	31.0	8.0	937.0	5.0	0.0	27.0	7.0	29.0	768.0	2.0	7.0	520.0	2.0	0.0	26.0	2.0	0.0	0.0	0.0	0.0	2.0	3.0	63.0	31.0	3.0	0.0	761.0	2.0	0.0	0.0	0.0	23.0	3.0	83.0	1.0	9.0	17.0	2.0	0.0	0.0	0.0	663.0	0.0	0.0	0.0	0.0	1.0	0.0	6.0	6.0	1.0	13.0	443.0	0.0	73.0	601.0
mtd_J0RY20_m06	0.0	0.0	0.0	0.0	0.0	26.0	0.0	0.0	0.0	0.0	0.0	0.0	0.0	0.0	0.0	0.0	0.0	0.0	24.0	0.0	0.0	0.0	0.0	0.0	0.0	62.0	0.0	0.0	0.0	13.0	0.0	3.0	0.0	29.0	0.0	0.0	0.0	5.0	0.0	0.0	0.0	0.0	0.0	0.0	0.0	0.0	0.0	0.0	0.0	0.0	0.0	0.0	0.0	0.0	18.0	0.0	10.0	0.0	6.0	0.0	0.0	0.0	0.0	0.0
mtd_U6EAV6_m02	0.0	0.0	0.0	0.0	0.0	244.0	0.0	0.0	0.0	0.0	0.0	429.0	139.0	0.0	0.0	0.0	0.0	3.0	1348.0	0.0	0.0	0.0	0.0	0.0	179.0	228.0	256.0	0.0	0.0	613.0	0.0	331.0	381.0	41.0	0.0	1.0	0.0	408.0	0.0	0.0	426.0	0.0	0.0	0.0	0.0	0.0	0.0	165.0	0.0	0.0	0.0	0.0	0.0	342.0	322.0	0.0	349.0	1.0	215.0	0.0	0.0	0.0	0.0	0.0
mtd_A0A1V4TGY8_m03	0.0	109.0	0.0	0.0	221.0	5.0	0.0	3.0	3.0	5.0	167.0	0.0	0.0	1.0	3.0	2.0	106.0	0.0	5.0	69.0	0.0	0.0	6.0	0.0	0.0	2.0	0.0	0.0	1.0	11.0	10.0	7.0	1.0	1.0	124.0	0.0	0.0	2.0	0.0	0.0	0.0	6.0	2.0	1.0	5.0	0.0	0.0	0.0	0.0	92.0	0.0	2.0	0.0	0.0	2.0	0.0	0.0	4.0	2.0	0.0	59.0	0.0	6.0	72.0
mtd_J0RY20_m07	0.0	0.0	0.0	0.0	0.0	28.0	1.0	0.0	0.0	0.0	0.0	0.0	1.0	0.0	0.0	0.0	1.0	0.0	17.0	0.0	0.0	0.0	0.0	0.0	1.0	58.0	0.0	0.0	0.0	5.0	0.0	8.0	2.0	21.0	0.0	0.0	0.0	1.0	0.0	0.0	0.0	0.0	0.0	0.0	0.0	0.0	0.0	0.0	0.0	0.0	0.0	0.0	0.0	0.0	14.0	0.0	8.0	0.0	9.0	0.0	0.0	0.0	0.0	0.0
mtd_U6EAV6_m03	0.0	0.0	0.0	0.0	0.0	20.0	0.0	2.0	0.0	0.0	0.0	36.0	10.0	0.0	0.0	0.0	0.0	0.0	144.0	0.0	0.0	0.0	2.0	0.0	10.0	17.0	18.0	0.0	0.0	70.0	4.0	74.0	26.0	5.0	0.0	0.0	1.0	49.0	0.0	0.0	45.0	4.0	0.0	0.0	1.0	0.0	0.0	15.0	0.0	0.0	0.0	0.0	0.0	43.0	34.0	0.0	53.0	0.0	26.0	2.0	0.0	0.0	2.0	0.0
mtd_A0A2H4VI87_m04	0.0	4.0	0.0	0.0	16.0	2.0	0.0	0.0	1.0	0.0	8.0	0.0	2.0	2.0	1.0	2.0	4.0	0.0	5.0	7.0	1.0	0.0	0.0	0.0	0.0	0.0	1.0	0.0	0.0	4.0	1.0	0.0	0.0	1.0	8.0	0.0	0.0	0.0	0.0	0.0	1.0	3.0	0.0	0.0	2.0	0.0	0.0	0.0	0.0	7.0	0.0	0.0	0.0	0.0	2.0	0.0	0.0	0.0	0.0	0.0	6.0	0.0	1.0	7.0
mtd_A0A347AMA3_m04	0.0	0.0	0.0	2.0	0.0	2.0	0.0	2.0	0.0	0.0	1.0	0.0	1.0	0.0	0.0	0.0	1.0	0.0	13.0	1.0	0.0	0.0	0.0	0.0	0.0	4.0	2.0	0.0	2.0	39.0	0.0	75.0	0.0	1.0	1.0	0.0	0.0	18.0	0.0	6.0	3.0	0.0	0.0	2.0	0.0	0.0	0.0	0.0	0.0	0.0	0.0	0.0	0.0	1.0	2.0	0.0	32.0	2.0	18.0	0.0	0.0	0.0	0.0	0.0
mtd_A0A2H4VI87_m05	0.0	19.0	0.0	0.0	42.0	4.0	0.0	0.0	1.0	0.0	32.0	2.0	1.0	0.0	0.0	0.0	20.0	0.0	3.0	17.0	0.0	0.0	0.0	0.0	2.0	3.0	0.0	0.0	0.0	2.0	1.0	3.0	0.0	0.0	20.0	0.0	0.0	0.0	0.0	0.0	1.0	2.0	0.0	0.0	0.0	0.0	0.0	0.0	0.0	23.0	0.0	0.0	0.0	2.0	4.0	0.0	4.0	0.0	0.0	0.0	19.0	0.0	0.0	21.0
mtd_A0A1V4TGY8_m06	0.0	1.0	0.0	0.0	3.0	5.0	0.0	0.0	0.0	0.0	0.0	7.0	0.0	0.0	0.0	0.0	0.0	0.0	25.0	2.0	0.0	0.0	0.0	0.0	3.0	4.0	6.0	0.0	0.0	22.0	0.0	10.0	6.0	0.0	0.0	0.0	0.0	0.0	0.0	0.0	9.0	0.0	0.0	0.0	0.0	0.0	0.0	2.0	0.0	1.0	0.0	0.0	0.0	2.0	2.0	0.0	0.0	0.0	10.0	0.0	1.0	0.0	0.0	0.0
mtd_A0A1V4TGY8_m07	0.0	2.0	0.0	0.0	8.0	13.0	0.0	0.0	0.0	0.0	10.0	0.0	0.0	0.0	0.0	0.0	9.0	0.0	15.0	3.0	0.0	0.0	0.0	0.0	0.0	3.0	0.0	0.0	0.0	11.0	0.0	4.0	0.0	2.0	4.0	0.0	0.0	3.0	0.0	0.0	1.0	2.0	0.0	0.0	0.0	0.0	0.0	0.0	0.0	5.0	0.0	0.0	0.0	0.0	11.0	0.0	0.0	0.0	1.0	0.0	3.0	0.0	1.0	12.0
mtd_A0A1V4TGY8_m08	0.0	142.0	0.0	0.0	288.0	0.0	2.0	3.0	6.0	2.0	202.0	1.0	0.0	5.0	3.0	5.0	147.0	3.0	1.0	118.0	0.0	0.0	1.0	0.0	0.0	0.0	1.0	0.0	0.0	1.0	4.0	0.0	0.0	0.0	179.0	0.0	0.0	1.0	0.0	0.0	0.0	19.0	0.0	5.0	1.0	0.0	0.0	0.0	0.0	165.0	0.0	0.0	0.0	0.0	0.0	0.0	0.0	4.0	0.0	0.0	101.0	1.0	9.0	132.0
mtd_A0A1V4TGY8_m12	0.0	37.0	0.0	0.0	62.0	0.0	1.0	5.0	3.0	0.0	78.0	0.0	0.0	1.0	1.0	2.0	46.0	0.0	5.0	38.0	0.0	0.0	0.0	0.0	0.0	0.0	0.0	0.0	0.0	0.0	4.0	3.0	0.0	0.0	52.0	0.0	2.0	0.0	0.0	3.0	0.0	5.0	0.0	4.0	1.0	2.0	0.0	0.0	0.0	52.0	0.0	0.0	0.0	0.0	1.0	0.0	0.0	0.0	0.0	1.0	34.0	0.0	1.0	27.0
mtd_A0A1V4TGY8_m09	0.0	40.0	0.0	0.0	92.0	2.0	0.0	0.0	1.0	1.0	64.0	2.0	0.0	1.0	0.0	2.0	51.0	0.0	5.0	36.0	0.0	0.0	0.0	0.0	0.0	2.0	0.0	0.0	0.0	9.0	10.0	7.0	0.0	0.0	36.0	0.0	1.0	2.0	0.0	1.0	0.0	8.0	1.0	0.0	0.0	0.0	0.0	1.0	1.0	45.0	0.0	0.0	0.0	0.0	3.0	0.0	6.0	2.0	3.0	1.0	32.0	1.0	1.0	25.0
mtd_A0A1V4TGY8_m10	0.0	72.0	0.0	0.0	128.0	2.0	2.0	1.0	5.0	0.0	69.0	4.0	2.0	1.0	0.0	10.0	64.0	0.0	0.0	39.0	0.0	0.0	3.0	0.0	0.0	2.0	2.0	0.0	0.0	0.0	9.0	5.0	0.0	0.0	73.0	0.0	1.0	0.0	0.0	2.0	2.0	11.0	0.0	0.0	4.0	0.0	0.0	0.0	0.0	55.0	0.0	0.0	0.0	0.0	2.0	0.0	0.0	5.0	1.0	1.0	51.0	0.0	8.0	64.0
mtd_A0A2H4VI87_m06	0.0	76.0	0.0	0.0	143.0	0.0	0.0	5.0	0.0	0.0	90.0	0.0	0.0	5.0	0.0	3.0	91.0	0.0	0.0	53.0	0.0	0.0	2.0	0.0	0.0	0.0	0.0	0.0	1.0	2.0	2.0	0.0	0.0	0.0	70.0	0.0	1.0	0.0	0.0	0.0	0.0	7.0	0.0	0.0	3.0	1.0	0.0	0.0	0.0	102.0	0.0	0.0	0.0	0.0	0.0	0.0	0.0	1.0	2.0	2.0	63.0	0.0	2.0	70.0
