	ZB_1	ZB_2	ZB_3	ZB_4	ZB_5	ZB_6	ZB_7	ZB_8	ZB_9	ZB_10	ZB_11	ZB_12	ZB_13	ZB_14	ZB_15	ZB_16	ZB_17	ZB_18	ZB_19	ZB_20	ZB_21	ZB_22	ZB_23	ZB_24	ZB_25	ZB_26	ZB_27	ZB_28	ZB_29	ZB_30	ZB_31	ZB_32	ZB_33	ZB_34	ZB_35	ZB_36	ZB_37	ZB_38	ZB_39	ZB_40	ZB_41	ZB_42	ZB_43	ZB_44	ZB_45	ZB_46	ZB_47	ZB_48	ZB_49	ZB_50	ZB_51	ZB_52	ZB_53	ZB_54	ZB_55	ZB_56	ZB_57	ZB_58	ZB_59	ZB_60	ZB_61	ZB_62	ZB_63	ZB_64
mtrC_330507204	366.0	0.0	0.0	0.0	0.0	118.0	0.0	0.0	0.0	742.0	6.0	218.0	116.0	0.0	0.0	0.0	4.0	0.0	84.0	0.0	421.0	0.0	0.0	0.0	105.0	132.0	118.0	587.0	0.0	132.0	0.0	21.0	22.0	185.0	1.0	0.0	0.0	4.0	405.0	0.0	34.0	3.0	0.0	964.0	0.0	0.0	1456.0	483.0	1.0	0.0	0.0	0.0	711.0	37.0	163.0	629.0	21.0	0.0	35.0	0.0	0.0	1.0	0.0	0.0
mtrC_A0A101FVK7	281.0	1.0	2759.0	0.0	0.0	0.0	2438.0	0.0	7.0	209.0	3.0	26.0	0.0	0.0	0.0	163.0	1.0	0.0	0.0	0.0	65.0	0.0	7.0	416.0	63.0	0.0	5.0	335.0	0.0	0.0	12.0	0.0	36.0	0.0	2.0	2377.0	0.0	0.0	103.0	15.0	57.0	141.0	278.0	105.0	0.0	547.0	72.0	26.0	1170.0	0.0	1382.0	2592.0	193.0	21.0	0.0	188.0	0.0	29.0	0.0	3.0	0.0	0.0	26.0	0.0
mtrC_A0A1V4VCC7	73.0	0.0	15.0	0.0	0.0	0.0	10.0	0.0	0.0	47.0	0.0	0.0	0.0	0.0	0.0	0.0	1.0	0.0	0.0	0.0	45.0	0.0	0.0	0.0	0.0	0.0	1.0	70.0	0.0	0.0	0.0	0.0	0.0	0.0	0.0	29.0	0.0	0.0	53.0	0.0	0.0	0.0	0.0	49.0	0.0	0.0	34.0	11.0	8.0	0.0	6.0	7.0	29.0	0.0	0.0	39.0	0.0	1.0	0.0	0.0	0.0	0.0	0.0	0.0
mtrC_397780907	0.0	921.0	14.0	6.0	1870.0	0.0	15.0	0.0	8.0	2.0	1354.0	0.0	0.0	28.0	6.0	12.0	1321.0	2.0	2.0	1799.0	0.0	0.0	19.0	3.0	2.0	1.0	1.0	5.0	1.0	1.0	22.0	2.0	7.0	0.0	1305.0	34.0	6.0	2.0	2.0	25.0	2.0	29.0	2.0	2.0	15.0	3.0	2.0	0.0	25.0	765.0	5.0	20.0	6.0	4.0	0.0	1.0	2.0	10.0	0.0	8.0	337.0	0.0	21.0	871.0
mtrC_A0A1V4YH65	0.0	0.0	0.0	0.0	0.0	0.0	1.0	0.0	0.0	2.0	0.0	0.0	1.0	0.0	0.0	0.0	0.0	2.0	2.0	0.0	5.0	0.0	0.0	0.0	2.0	0.0	0.0	3.0	0.0	1.0	0.0	0.0	7.0	0.0	0.0	0.0	0.0	0.0	0.0	0.0	7.0	0.0	0.0	2.0	0.0	0.0	0.0	0.0	0.0	0.0	0.0	0.0	5.0	0.0	0.0	4.0	0.0	0.0	0.0	0.0	0.0	1.0	0.0	0.0
mtrC_meto_CIT02_09495	0.0	0.0	0.0	0.0	0.0	47.0	0.0	0.0	0.0	0.0	0.0	12.0	4.0	0.0	0.0	0.0	0.0	0.0	342.0	0.0	0.0	0.0	0.0	0.0	14.0	49.0	19.0	0.0	1.0	151.0	0.0	95.0	35.0	5.0	0.0	0.0	0.0	105.0	0.0	0.0	32.0	0.0	0.0	0.0	0.0	0.0	0.0	8.0	0.0	0.0	0.0	0.0	0.0	21.0	79.0	0.0	77.0	0.0	48.0	0.0	0.0	1.0	0.0	0.0
mtrC_A0A1V4TLL9	0.0	1617.0	1.0	6.0	2994.0	0.0	2.0	20.0	54.0	13.0	2250.0	5.0	1.0	28.0	17.0	88.0	1809.0	9.0	13.0	977.0	3.0	1.0	38.0	1.0	1.0	0.0	1.0	0.0	0.0	20.0	119.0	14.0	2.0	0.0	1731.0	0.0	13.0	2.0	1.0	25.0	15.0	198.0	2.0	17.0	46.0	0.0	1.0	0.0	1.0	1464.0	0.0	0.0	0.0	3.0	0.0	3.0	17.0	34.0	1.0	14.0	1196.0	0.0	97.0	1410.0
mtrC_A0A2I0PZS9	0.0	0.0	0.0	0.0	0.0	12.0	0.0	0.0	0.0	0.0	0.0	3.0	2.0	0.0	0.0	0.0	0.0	0.0	51.0	0.0	0.0	0.0	0.0	0.0	4.0	5.0	3.0	0.0	0.0	15.0	0.0	9.0	4.0	3.0	0.0	0.0	0.0	10.0	0.0	0.0	15.0	0.0	0.0	0.0	0.0	0.0	0.0	5.0	0.0	0.0	0.0	0.0	0.0	0.0	12.0	0.0	12.0	0.0	2.0	0.0	0.0	0.0	0.0	0.0
mtrC_mfc_BRM9_0932	0.0	0.0	0.0	0.0	0.0	3.0	0.0	0.0	0.0	0.0	0.0	7.0	4.0	0.0	0.0	0.0	0.0	0.0	8.0	0.0	0.0	0.0	0.0	0.0	3.0	5.0	12.0	0.0	0.0	10.0	0.0	4.0	12.0	0.0	0.0	0.0	0.0	5.0	0.0	0.0	18.0	0.0	0.0	0.0	0.0	0.0	0.0	8.0	0.0	0.0	0.0	2.0	0.0	6.0	1.0	0.0	6.0	0.0	5.0	0.0	0.0	0.0	0.0	0.0
mtrC_A0A101GM33	0.0	0.0	3.0	0.0	0.0	0.0	0.0	0.0	0.0	0.0	0.0	8.0	4.0	0.0	0.0	0.0	2.0	0.0	4.0	0.0	0.0	1.0	2.0	0.0	7.0	0.0	6.0	0.0	0.0	1.0	2.0	0.0	12.0	0.0	0.0	1.0	0.0	0.0	0.0	0.0	6.0	0.0	0.0	0.0	0.0	0.0	0.0	0.0	1.0	0.0	0.0	2.0	0.0	8.0	5.0	0.0	0.0	0.0	4.0	0.0	0.0	0.0	0.0	0.0
mtrC_A0A1V4YRC9	0.0	0.0	0.0	0.0	0.0	1.0	0.0	0.0	0.0	0.0	0.0	3.0	3.0	0.0	0.0	0.0	0.0	0.0	11.0	0.0	0.0	0.0	0.0	0.0	0.0	2.0	1.0	0.0	0.0	2.0	0.0	7.0	0.0	0.0	1.0	0.0	0.0	2.0	0.0	0.0	0.0	0.0	0.0	0.0	0.0	0.0	0.0	0.0	0.0	0.0	0.0	0.0	0.0	2.0	6.0	0.0	2.0	0.0	0.0	0.0	0.0	0.0	0.0	0.0
mtrC_126178560	0.0	0.0	0.0	0.0	0.0	1.0	3.0	0.0	5.0	0.0	0.0	3.0	1.0	0.0	0.0	3.0	2.0	1.0	0.0	0.0	0.0	0.0	2.0	0.0	2.0	0.0	0.0	0.0	0.0	2.0	3.0	0.0	3.0	4.0	0.0	0.0	0.0	0.0	0.0	1.0	3.0	5.0	0.0	0.0	0.0	1.0	0.0	0.0	0.0	0.0	0.0	3.0	0.0	1.0	0.0	0.0	0.0	7.0	0.0	0.0	0.0	0.0	4.0	0.0
mtrC_21227647	0.0	0.0	0.0	0.0	0.0	3.0	0.0	0.0	0.0	0.0	0.0	1.0	4.0	0.0	0.0	0.0	0.0	1.0	90.0	0.0	0.0	0.0	0.0	0.0	0.0	2.0	2.0	0.0	0.0	14.0	0.0	0.0	0.0	12.0	0.0	0.0	0.0	7.0	0.0	0.0	0.0	0.0	0.0	0.0	0.0	0.0	0.0	0.0	0.0	0.0	0.0	0.0	0.0	4.0	45.0	0.0	4.0	0.0	2.0	0.0	0.0	0.0	0.0	0.0
mtrC_A0A1V4YFE3	1.0	0.0	0.0	1.0	0.0	9.0	0.0	0.0	0.0	0.0	0.0	8.0	8.0	0.0	0.0	1.0	0.0	0.0	46.0	0.0	0.0	0.0	0.0	0.0	3.0	3.0	5.0	0.0	0.0	22.0	0.0	12.0	9.0	4.0	0.0	0.0	0.0	4.0	2.0	1.0	15.0	3.0	0.0	0.0	0.0	0.0	0.0	0.0	0.0	0.0	0.0	0.0	0.0	5.0	7.0	0.0	4.0	0.0	9.0	1.0	0.0	0.0	1.0	0.0
mtrC_435852204	0.0	0.0	0.0	0.0	0.0	13.0	0.0	0.0	0.0	0.0	0.0	0.0	5.0	0.0	0.0	0.0	0.0	0.0	40.0	0.0	0.0	0.0	0.0	0.0	0.0	29.0	0.0	0.0	0.0	20.0	0.0	5.0	0.0	20.0	0.0	0.0	0.0	0.0	0.0	0.0	0.0	0.0	0.0	0.0	0.0	0.0	0.0	0.0	0.0	0.0	0.0	0.0	2.0	1.0	15.0	0.0	2.0	0.0	1.0	0.0	0.0	0.0	0.0	0.0
mtrC_1220534.B655_1097	0.0	0.0	0.0	0.0	0.0	3.0	0.0	0.0	0.0	0.0	0.0	1.0	3.0	0.0	0.0	0.0	0.0	0.0	17.0	0.0	0.0	0.0	0.0	0.0	4.0	6.0	0.0	0.0	0.0	10.0	0.0	3.0	3.0	0.0	0.0	2.0	0.0	4.0	0.0	0.0	2.0	0.0	0.0	0.0	0.0	0.0	0.0	1.0	0.0	0.0	0.0	0.0	0.0	4.0	0.0	0.0	3.0	0.0	5.0	0.0	0.0	0.0	0.0	0.0
mtrC_A0A3G9CRP8	0.0	0.0	59.0	1.0	0.0	0.0	118.0	5.0	0.0	0.0	0.0	0.0	0.0	13.0	0.0	0.0	0.0	2.0	220.0	0.0	0.0	0.0	0.0	8.0	31.0	0.0	0.0	0.0	0.0	5.0	0.0	25.0	218.0	0.0	0.0	121.0	4.0	106.0	0.0	0.0	326.0	0.0	11.0	0.0	4.0	53.0	0.0	0.0	38.0	0.0	49.0	126.0	0.0	113.0	11.0	1.0	38.0	0.0	71.0	0.0	0.0	1.0	0.0	0.0
mtrC_mfz_AOB57_009405	0.0	0.0	135.0	0.0	0.0	0.0	886.0	0.0	0.0	0.0	0.0	0.0	0.0	1.0	0.0	0.0	0.0	0.0	83.0	0.0	0.0	0.0	0.0	2908.0	2.0	0.0	0.0	0.0	0.0	1867.0	0.0	1161.0	1.0	0.0	0.0	148.0	0.0	1309.0	0.0	0.0	1.0	0.0	4948.0	0.0	0.0	4307.0	0.0	0.0	88.0	0.0	75.0	503.0	0.0	2.0	0.0	0.0	1043.0	0.0	308.0	0.0	0.0	0.0	0.0	0.0
mtrC_WP_095645712.1	0.0	0.0	318.0	28.0	0.0	0.0	708.0	32.0	0.0	0.0	1.0	0.0	0.0	33.0	1.0	0.0	1.0	29.0	1414.0	0.0	0.0	5.0	0.0	76.0	201.0	0.0	0.0	0.0	3.0	21.0	0.0	93.0	1364.0	0.0	0.0	802.0	8.0	565.0	0.0	1.0	1982.0	0.0	131.0	0.0	28.0	242.0	0.0	0.0	318.0	0.0	244.0	694.0	0.0	786.0	30.0	0.0	280.0	0.0	359.0	0.0	0.0	2.0	0.0	0.0
mtrC_mvc_MSVAZ_0287	0.0	0.0	0.0	0.0	0.0	10.0	0.0	0.0	0.0	0.0	0.0	0.0	0.0	0.0	0.0	0.0	0.0	0.0	0.0	0.0	0.0	0.0	0.0	0.0	0.0	4.0	0.0	0.0	0.0	5.0	0.0	0.0	0.0	27.0	0.0	0.0	0.0	0.0	0.0	0.0	0.0	0.0	0.0	0.0	0.0	0.0	0.0	0.0	0.0	0.0	0.0	0.0	0.0	0.0	2.0	0.0	0.0	0.0	1.0	0.0	0.0	0.0	0.0	0.0
mtrC_330507204_m01	0.0	8.0	0.0	11.0	5.0	0.0	0.0	8.0	579.0	0.0	14.0	0.0	0.0	19.0	111.0	2314.0	5.0	33.0	0.0	0.0	0.0	23.0	1114.0	0.0	0.0	0.0	0.0	10.0	38.0	2.0	1135.0	0.0	2.0	0.0	0.0	0.0	55.0	0.0	0.0	977.0	70.0	1989.0	0.0	0.0	39.0	0.0	0.0	0.0	0.0	21.0	2.0	0.0	0.0	0.0	1.0	0.0	0.0	963.0	0.0	399.0	3.0	11.0	1627.0	3.0
mtrC_397780907_m01	0.0	36.0	2.0	2.0	46.0	0.0	0.0	0.0	0.0	0.0	710.0	0.0	0.0	0.0	0.0	0.0	41.0	0.0	0.0	39.0	0.0	0.0	2.0	0.0	0.0	0.0	0.0	0.0	1.0	0.0	1.0	0.0	0.0	0.0	146.0	2.0	0.0	0.0	0.0	0.0	0.0	0.0	0.0	0.0	2.0	0.0	0.0	0.0	2.0	502.0	0.0	0.0	0.0	0.0	0.0	0.0	0.0	1.0	0.0	0.0	510.0	0.0	0.0	22.0
mtrC_330507204_m02	27.0	0.0	0.0	0.0	0.0	157.0	0.0	0.0	0.0	97.0	0.0	184.0	78.0	0.0	1.0	0.0	1.0	0.0	107.0	0.0	31.0	0.0	0.0	0.0	100.0	163.0	103.0	56.0	0.0	139.0	0.0	21.0	27.0	221.0	2.0	0.0	1.0	23.0	52.0	0.0	27.0	0.0	0.0	144.0	0.0	0.0	121.0	105.0	0.0	0.0	0.0	0.0	65.0	37.0	163.0	62.0	4.0	0.0	46.0	0.0	0.0	1.0	0.0	0.0
mtrC_A0A1V4TLL9_m01	0.0	527.0	0.0	4.0	1037.0	4.0	1.0	8.0	15.0	7.0	773.0	0.0	0.0	10.0	3.0	26.0	632.0	0.0	10.0	362.0	2.0	0.0	12.0	0.0	0.0	0.0	0.0	0.0	0.0	10.0	35.0	7.0	1.0	1.0	493.0	0.0	2.0	0.0	0.0	4.0	5.0	70.0	2.0	5.0	14.0	2.0	0.0	0.0	0.0	416.0	0.0	0.0	1.0	0.0	0.0	4.0	5.0	8.0	4.0	2.0	347.0	0.0	40.0	386.0
mtrC_397780907_m02	0.0	2.0	17.0	152.0	0.0	0.0	42.0	174.0	4.0	2.0	31.0	0.0	0.0	200.0	57.0	2.0	2.0	151.0	0.0	1.0	0.0	22.0	4.0	47.0	1.0	0.0	0.0	1.0	50.0	0.0	8.0	0.0	0.0	0.0	9.0	6.0	38.0	0.0	8.0	14.0	7.0	23.0	42.0	2.0	205.0	66.0	1.0	0.0	0.0	38.0	14.0	43.0	0.0	0.0	0.0	0.0	0.0	2.0	0.0	2.0	19.0	18.0	3.0	3.0
mtrC_330507204_m03	0.0	0.0	0.0	0.0	0.0	20.0	0.0	0.0	0.0	0.0	0.0	80.0	46.0	0.0	0.0	0.0	0.0	0.0	8.0	0.0	0.0	0.0	0.0	0.0	56.0	14.0	40.0	0.0	0.0	10.0	0.0	0.0	21.0	35.0	0.0	0.0	0.0	5.0	2.0	0.0	17.0	0.0	0.0	0.0	0.0	0.0	0.0	47.0	0.0	0.0	0.0	0.0	0.0	16.0	15.0	1.0	0.0	0.0	4.0	0.0	0.0	0.0	0.0	0.0
mtrC_WP_004031284.1_m01	0.0	0.0	0.0	0.0	0.0	234.0	0.0	0.0	0.0	0.0	0.0	564.0	147.0	0.0	0.0	0.0	0.0	0.0	1687.0	0.0	0.0	4.0	2.0	0.0	305.0	323.0	350.0	0.0	0.0	745.0	0.0	450.0	558.0	59.0	0.0	6.0	0.0	434.0	1.0	0.0	706.0	0.0	0.0	0.0	0.0	0.0	0.0	199.0	1.0	0.0	0.0	0.0	0.0	566.0	326.0	0.0	417.0	0.0	286.0	0.0	0.0	0.0	0.0	2.0
mtrC_397780907_m03	0.0	0.0	18.0	121.0	0.0	0.0	26.0	105.0	5.0	2.0	3.0	0.0	0.0	147.0	27.0	0.0	0.0	105.0	0.0	1.0	0.0	20.0	1.0	37.0	0.0	0.0	0.0	0.0	25.0	2.0	4.0	0.0	3.0	0.0	0.0	7.0	30.0	0.0	2.0	0.0	4.0	22.0	20.0	1.0	134.0	41.0	0.0	0.0	1.0	2.0	14.0	42.0	0.0	0.0	0.0	0.0	0.0	4.0	1.0	1.0	2.0	12.0	2.0	0.0
mtrC_330507204_m04	0.0	0.0	0.0	0.0	0.0	147.0	0.0	0.0	0.0	0.0	0.0	3.0	7.0	0.0	0.0	0.0	0.0	0.0	25.0	0.0	0.0	0.0	0.0	0.0	2.0	57.0	1.0	0.0	0.0	123.0	1.0	4.0	0.0	167.0	0.0	0.0	0.0	2.0	0.0	0.0	0.0	0.0	0.0	0.0	0.0	0.0	0.0	3.0	0.0	0.0	2.0	0.0	0.0	0.0	37.0	0.0	0.0	0.0	9.0	0.0	0.0	0.0	0.0	0.0
mtrC_WP_004031284.1_m03	0.0	0.0	0.0	0.0	0.0	9.0	0.0	0.0	0.0	0.0	0.0	2.0	2.0	0.0	0.0	0.0	1.0	0.0	42.0	0.0	0.0	0.0	0.0	0.0	6.0	8.0	3.0	0.0	0.0	21.0	0.0	13.0	2.0	1.0	0.0	0.0	0.0	16.0	0.0	0.0	8.0	0.0	0.0	0.0	0.0	0.0	0.0	0.0	0.0	0.0	0.0	0.0	0.0	6.0	7.0	0.0	8.0	0.0	1.0	0.0	0.0	0.0	0.0	0.0
mtrC_WP_004031284.1_m02	0.0	0.0	0.0	0.0	0.0	25.0	0.0	0.0	0.0	0.0	0.0	8.0	6.0	0.0	0.0	0.0	1.0	0.0	149.0	0.0	0.0	0.0	0.0	0.0	1.0	24.0	6.0	0.0	0.0	67.0	0.0	39.0	23.0	5.0	0.0	0.0	0.0	45.0	0.0	0.0	15.0	0.0	0.0	0.0	0.0	0.0	0.0	0.0	0.0	0.0	0.0	0.0	0.0	7.0	36.0	0.0	36.0	0.0	19.0	0.0	0.0	0.0	0.0	0.0
mtrC_330507204_m05	1.0	1.0	0.0	0.0	0.0	83.0	0.0	0.0	0.0	0.0	0.0	2.0	4.0	0.0	0.0	0.0	0.0	0.0	9.0	0.0	0.0	0.0	0.0	0.0	1.0	57.0	0.0	0.0	0.0	54.0	0.0	0.0	3.0	125.0	0.0	0.0	0.0	0.0	2.0	0.0	0.0	0.0	0.0	1.0	0.0	0.0	1.0	5.0	0.0	0.0	0.0	0.0	0.0	0.0	5.0	1.0	0.0	0.0	1.0	0.0	0.0	0.0	0.0	0.0
mtrC_330507204_m06	0.0	1.0	0.0	0.0	0.0	33.0	0.0	0.0	0.0	0.0	0.0	13.0	6.0	0.0	0.0	0.0	0.0	0.0	7.0	0.0	0.0	0.0	0.0	0.0	0.0	22.0	2.0	0.0	0.0	24.0	0.0	0.0	0.0	52.0	0.0	0.0	0.0	0.0	0.0	0.0	0.0	0.0	0.0	0.0	0.0	0.0	0.0	2.0	0.0	0.0	0.0	0.0	0.0	0.0	2.0	0.0	0.0	0.0	0.0	0.0	0.0	0.0	0.0	0.0
mtrC_397780907_m04	0.0	0.0	2.0	24.0	0.0	0.0	5.0	36.0	0.0	0.0	1.0	0.0	0.0	70.0	19.0	0.0	0.0	26.0	0.0	0.0	0.0	5.0	0.0	4.0	0.0	0.0	0.0	2.0	12.0	0.0	1.0	0.0	0.0	0.0	0.0	2.0	11.0	0.0	0.0	0.0	1.0	5.0	6.0	0.0	55.0	4.0	1.0	1.0	1.0	0.0	0.0	13.0	0.0	0.0	0.0	0.0	0.0	0.0	0.0	1.0	0.0	3.0	1.0	0.0
mtrC_330507204_m07	0.0	0.0	0.0	0.0	0.0	22.0	0.0	0.0	0.0	0.0	0.0	78.0	47.0	0.0	0.0	0.0	0.0	0.0	19.0	0.0	0.0	0.0	0.0	0.0	33.0	14.0	31.0	0.0	0.0	25.0	0.0	1.0	13.0	30.0	0.0	0.0	0.0	1.0	0.0	0.0	7.0	0.0	0.0	0.0	0.0	0.0	0.0	33.0	0.0	0.0	0.0	0.0	0.0	11.0	26.0	0.0	0.0	0.0	1.0	0.0	0.0	0.0	0.0	0.0
mtrC_A0A1V4TLL9_m02	0.0	62.0	0.0	0.0	110.0	2.0	0.0	3.0	1.0	2.0	93.0	0.0	1.0	1.0	1.0	2.0	57.0	0.0	2.0	34.0	2.0	0.0	2.0	0.0	1.0	1.0	1.0	0.0	1.0	2.0	4.0	2.0	2.0	0.0	86.0	0.0	0.0	4.0	0.0	0.0	3.0	12.0	1.0	0.0	3.0	0.0	0.0	0.0	0.0	59.0	0.0	0.0	0.0	1.0	0.0	1.0	4.0	1.0	0.0	0.0	49.0	0.0	6.0	64.0
mtrC_330507204_m08	0.0	0.0	0.0	0.0	0.0	23.0	0.0	0.0	0.0	0.0	0.0	0.0	4.0	0.0	0.0	0.0	0.0	0.0	4.0	0.0	0.0	0.0	0.0	0.0	2.0	10.0	1.0	0.0	0.0	21.0	0.0	1.0	0.0	33.0	0.0	0.0	0.0	0.0	0.0	0.0	0.0	0.0	0.0	0.0	0.0	0.0	0.0	0.0	0.0	0.0	0.0	0.0	0.0	0.0	3.0	0.0	0.0	0.0	3.0	0.0	0.0	0.0	0.0	0.0
mtrC_330507204_m09	0.0	0.0	0.0	1.0	0.0	19.0	0.0	0.0	0.0	0.0	0.0	6.0	7.0	0.0	0.0	0.0	0.0	0.0	4.0	0.0	0.0	0.0	0.0	0.0	2.0	3.0	0.0	0.0	0.0	19.0	0.0	0.0	0.0	14.0	0.0	0.0	0.0	0.0	0.0	0.0	0.0	0.0	0.0	0.0	0.0	0.0	0.0	0.0	0.0	0.0	0.0	2.0	0.0	1.0	7.0	0.0	0.0	0.0	2.0	0.0	0.0	0.0	0.0	0.0
mtrC_meto_CIT02_09495_m04	0.0	0.0	0.0	0.0	1.0	37.0	0.0	0.0	0.0	0.0	0.0	40.0	58.0	1.0	0.0	0.0	0.0	0.0	127.0	0.0	0.0	0.0	0.0	0.0	25.0	35.0	31.0	0.0	0.0	81.0	0.0	34.0	32.0	14.0	0.0	0.0	0.0	24.0	0.0	0.0	25.0	0.0	0.0	0.0	0.0	0.0	0.0	20.0	0.0	0.0	0.0	0.0	0.0	47.0	27.0	0.0	25.0	0.0	12.0	0.0	0.0	0.0	0.0	0.0
mtrC_WP_128503443.1_m04	0.0	0.0	28.0	4.0	0.0	1.0	43.0	1.0	0.0	0.0	0.0	0.0	0.0	4.0	0.0	0.0	0.0	2.0	100.0	0.0	0.0	0.0	0.0	3.0	20.0	2.0	0.0	0.0	0.0	1.0	0.0	3.0	110.0	1.0	0.0	50.0	0.0	23.0	0.0	0.0	144.0	0.0	9.0	0.0	3.0	17.0	0.0	0.0	22.0	0.0	12.0	39.0	0.0	50.0	3.0	0.0	19.0	0.0	32.0	0.0	0.0	0.0	0.0	0.0
mtrC_meto_CIT02_09495_m05	0.0	0.0	0.0	0.0	0.0	0.0	0.0	0.0	1.0	0.0	0.0	0.0	1.0	0.0	0.0	0.0	0.0	0.0	14.0	0.0	0.0	0.0	2.0	0.0	0.0	0.0	0.0	0.0	1.0	38.0	0.0	47.0	1.0	0.0	0.0	0.0	0.0	25.0	0.0	0.0	2.0	1.0	0.0	0.0	0.0	0.0	0.0	0.0	0.0	0.0	0.0	0.0	0.0	1.0	2.0	0.0	21.0	0.0	4.0	0.0	0.0	0.0	0.0	0.0
mtrC_meto_CIT02_09495_m06	0.0	0.0	0.0	1.0	0.0	3.0	0.0	0.0	0.0	0.0	0.0	3.0	7.0	0.0	0.0	0.0	0.0	1.0	25.0	0.0	0.0	0.0	0.0	0.0	3.0	6.0	1.0	1.0	0.0	32.0	0.0	38.0	3.0	3.0	0.0	0.0	0.0	13.0	0.0	1.0	1.0	2.0	0.0	0.0	2.0	0.0	0.0	2.0	0.0	0.0	0.0	0.0	0.0	2.0	6.0	0.0	19.0	0.0	12.0	0.0	0.0	0.0	1.0	0.0
mtrC_WP_128503443.1_m07	0.0	0.0	19.0	1.0	0.0	0.0	31.0	3.0	0.0	0.0	0.0	0.0	0.0	0.0	0.0	0.0	0.0	0.0	113.0	0.0	0.0	0.0	0.0	7.0	5.0	0.0	0.0	0.0	0.0	6.0	0.0	4.0	71.0	0.0	0.0	43.0	2.0	31.0	0.0	0.0	101.0	0.0	4.0	0.0	1.0	11.0	0.0	0.0	22.0	0.0	18.0	38.0	0.0	34.0	2.0	0.0	15.0	0.0	33.0	0.0	0.0	0.0	0.0	0.0
mtrC_WP_128503443.1_m10	0.0	0.0	11.0	0.0	0.0	0.0	35.0	2.0	0.0	0.0	0.0	0.0	0.0	1.0	0.0	0.0	0.0	3.0	68.0	0.0	0.0	0.0	0.0	4.0	14.0	0.0	0.0	0.0	1.0	3.0	0.0	2.0	63.0	0.0	0.0	47.0	0.0	40.0	0.0	0.0	114.0	0.0	13.0	0.0	2.0	24.0	0.0	0.0	10.0	0.0	12.0	20.0	0.0	43.0	1.0	0.0	7.0	0.0	23.0	0.0	0.0	0.0	0.0	0.0
mtrC_WP_128503443.1_m12	0.0	0.0	20.0	4.0	0.0	0.0	34.0	2.0	0.0	0.0	0.0	0.0	0.0	0.0	0.0	0.0	0.0	3.0	56.0	0.0	0.0	0.0	0.0	10.0	10.0	3.0	0.0	0.0	1.0	2.0	0.0	5.0	74.0	1.0	0.0	37.0	1.0	30.0	0.0	0.0	85.0	0.0	7.0	0.0	3.0	16.0	0.0	0.0	16.0	0.0	9.0	34.0	0.0	45.0	1.0	0.0	17.0	0.0	31.0	0.0	0.0	0.0	0.0	0.0
mtrC_WP_128503443.1_m13	0.0	0.0	4.0	0.0	0.0	6.0	16.0	0.0	1.0	0.0	0.0	0.0	0.0	1.0	0.0	0.0	0.0	1.0	37.0	0.0	0.0	0.0	0.0	2.0	4.0	5.0	0.0	0.0	0.0	2.0	0.0	2.0	27.0	5.0	0.0	15.0	0.0	11.0	0.0	0.0	43.0	0.0	3.0	0.0	1.0	2.0	0.0	0.0	5.0	0.0	3.0	23.0	0.0	14.0	1.0	0.0	4.0	0.0	10.0	0.0	0.0	0.0	0.0	0.0
mtrC_meto_CIT02_09495_m07	0.0	0.0	0.0	0.0	0.0	7.0	0.0	1.0	0.0	0.0	0.0	22.0	9.0	0.0	0.0	0.0	0.0	0.0	51.0	0.0	0.0	0.0	0.0	0.0	13.0	7.0	8.0	0.0	0.0	19.0	0.0	6.0	20.0	4.0	0.0	0.0	0.0	19.0	0.0	0.0	27.0	0.0	0.0	0.0	0.0	0.0	0.0	3.0	0.0	0.0	0.0	0.0	0.0	17.0	9.0	0.0	7.0	0.0	5.0	0.0	0.0	0.0	0.0	0.0
