	ZB_1	ZB_2	ZB_3	ZB_4	ZB_5	ZB_6	ZB_7	ZB_8	ZB_9	ZB_10	ZB_11	ZB_12	ZB_13	ZB_14	ZB_15	ZB_16	ZB_17	ZB_18	ZB_19	ZB_20	ZB_21	ZB_22	ZB_23	ZB_24	ZB_25	ZB_26	ZB_27	ZB_28	ZB_29	ZB_30	ZB_31	ZB_32	ZB_33	ZB_34	ZB_35	ZB_36	ZB_37	ZB_38	ZB_39	ZB_40	ZB_41	ZB_42	ZB_43	ZB_44	ZB_45	ZB_46	ZB_47	ZB_48	ZB_49	ZB_50	ZB_51	ZB_52	ZB_53	ZB_54	ZB_55	ZB_56	ZB_57	ZB_58	ZB_59	ZB_60	ZB_61	ZB_62	ZB_63	ZB_64
mtrD_566003677	1.0	1677.0	2.0	7.0	3264.0	2.0	5.0	32.0	60.0	29.0	2368.0	11.0	2.0	39.0	15.0	92.0	1833.0	11.0	15.0	1036.0	4.0	2.0	25.0	0.0	2.0	1.0	0.0	2.0	2.0	19.0	126.0	34.0	5.0	0.0	1805.0	0.0	5.0	4.0	0.0	16.0	15.0	183.0	4.0	20.0	41.0	1.0	1.0	1.0	0.0	1452.0	0.0	0.0	2.0	4.0	6.0	4.0	11.0	31.0	7.0	9.0	1149.0	0.0	128.0	1324.0
mtrD_A0A101HES3	0.0	385.0	0.0	4.0	624.0	0.0	2.0	7.0	20.0	1.0	533.0	8.0	2.0	1.0	2.0	15.0	346.0	0.0	5.0	201.0	0.0	0.0	5.0	0.0	2.0	0.0	6.0	0.0	0.0	5.0	29.0	12.0	6.0	0.0	379.0	0.0	1.0	5.0	0.0	4.0	12.0	35.0	0.0	0.0	11.0	0.0	0.0	8.0	0.0	296.0	0.0	0.0	0.0	5.0	0.0	0.0	8.0	13.0	2.0	2.0	213.0	0.0	26.0	203.0
mtrD_A0A1V4YF73	0.0	30.0	14.0	22.0	35.0	5.0	33.0	37.0	201.0	21.0	33.0	4.0	2.0	21.0	0.0	247.0	30.0	18.0	113.0	13.0	0.0	20.0	646.0	8.0	2.0	5.0	6.0	2.0	6.0	64.0	420.0	305.0	21.0	0.0	12.0	41.0	11.0	21.0	0.0	475.0	131.0	510.0	12.0	8.0	56.0	0.0	0.0	0.0	5.0	29.0	8.0	26.0	0.0	8.0	9.0	1.0	254.0	124.0	57.0	238.0	22.0	12.0	306.0	28.0
mtrD_397780906	0.0	365.0	10.0	0.0	881.0	0.0	12.0	1.0	11.0	2.0	590.0	2.0	0.0	0.0	0.0	15.0	652.0	0.0	0.0	834.0	2.0	0.0	3.0	1.0	3.0	0.0	2.0	2.0	2.0	2.0	11.0	4.0	4.0	0.0	642.0	8.0	0.0	2.0	2.0	8.0	2.0	14.0	3.0	0.0	0.0	2.0	2.0	2.0	11.0	294.0	5.0	17.0	2.0	2.0	0.0	0.0	2.0	1.0	0.0	3.0	188.0	0.0	11.0	441.0
mtrD_mema_MMAB1_2237	3.0	472.0	11.0	4.0	982.0	0.0	15.0	0.0	7.0	1.0	814.0	0.0	0.0	3.0	2.0	11.0	717.0	2.0	0.0	980.0	0.0	0.0	8.0	1.0	7.0	0.0	2.0	4.0	0.0	3.0	15.0	1.0	7.0	0.0	717.0	21.0	0.0	0.0	2.0	11.0	8.0	9.0	1.0	0.0	4.0	2.0	0.0	1.0	8.0	450.0	7.0	11.0	1.0	2.0	0.0	0.0	0.0	2.0	0.0	9.0	266.0	0.0	6.0	441.0
mtrD_WP_004031280.1	0.0	0.0	0.0	0.0	0.0	1.0	0.0	0.0	0.0	0.0	0.0	9.0	2.0	0.0	0.0	0.0	0.0	0.0	7.0	0.0	0.0	1.0	0.0	0.0	5.0	0.0	5.0	0.0	0.0	1.0	0.0	2.0	6.0	0.0	0.0	0.0	0.0	1.0	0.0	0.0	8.0	0.0	0.0	0.0	0.0	0.0	0.0	1.0	0.0	0.0	0.0	0.0	0.0	7.0	0.0	0.0	2.0	0.0	1.0	1.0	0.0	0.0	0.0	0.0
mtrD_A0A1V6K8T6	1.0	1.0	5.0	39.0	0.0	0.0	12.0	51.0	4.0	0.0	1.0	0.0	0.0	86.0	6.0	1.0	1.0	59.0	0.0	1.0	0.0	12.0	1.0	10.0	1.0	0.0	0.0	0.0	7.0	0.0	2.0	0.0	3.0	0.0	0.0	1.0	29.0	0.0	4.0	0.0	6.0	7.0	13.0	0.0	36.0	19.0	0.0	0.0	0.0	2.0	10.0	5.0	0.0	0.0	0.0	0.0	0.0	2.0	0.0	0.0	0.0	0.0	4.0	0.0
mtrD_A0A1V4YI37	0.0	0.0	0.0	1.0	0.0	5.0	0.0	0.0	0.0	2.0	0.0	0.0	6.0	0.0	3.0	0.0	0.0	0.0	5.0	0.0	2.0	0.0	0.0	0.0	1.0	0.0	1.0	1.0	0.0	12.0	0.0	2.0	3.0	3.0	0.0	0.0	0.0	0.0	0.0	0.0	10.0	0.0	0.0	0.0	0.0	0.0	0.0	0.0	0.0	0.0	0.0	0.0	0.0	0.0	1.0	1.0	0.0	0.0	0.0	0.0	0.0	0.0	0.0	0.0
mtrD_1220534.B655_1096	0.0	0.0	0.0	1.0	0.0	28.0	0.0	0.0	0.0	0.0	0.0	1.0	1.0	0.0	0.0	0.0	0.0	0.0	32.0	0.0	0.0	0.0	0.0	0.0	0.0	1.0	0.0	0.0	0.0	20.0	0.0	6.0	0.0	1.0	0.0	0.0	0.0	5.0	0.0	0.0	0.0	0.0	0.0	0.0	0.0	0.0	0.0	0.0	0.0	0.0	0.0	0.0	0.0	0.0	6.0	0.0	7.0	0.0	5.0	0.0	0.0	0.0	0.0	0.0
mtrD_WP_048114229.1	0.0	46.0	1.0	2.0	44.0	0.0	0.0	0.0	0.0	1.0	646.0	0.0	0.0	0.0	0.0	2.0	27.0	0.0	0.0	45.0	0.0	0.0	2.0	0.0	0.0	0.0	0.0	0.0	0.0	0.0	0.0	0.0	0.0	0.0	140.0	4.0	0.0	0.0	0.0	0.0	0.0	0.0	0.0	0.0	0.0	1.0	0.0	0.0	3.0	508.0	0.0	0.0	0.0	0.0	0.0	0.0	0.0	0.0	0.0	0.0	481.0	0.0	0.0	7.0
mtrD_A0A2I0NLM0	0.0	0.0	0.0	0.0	0.0	106.0	0.0	0.0	0.0	0.0	0.0	1.0	20.0	0.0	0.0	0.0	0.0	0.0	33.0	0.0	0.0	0.0	0.0	1.0	0.0	131.0	0.0	0.0	0.0	14.0	1.0	2.0	0.0	99.0	0.0	1.0	0.0	2.0	0.0	1.0	0.0	4.0	2.0	0.0	0.0	0.0	0.0	6.0	0.0	0.0	2.0	0.0	0.0	0.0	22.0	0.0	0.0	0.0	5.0	0.0	0.0	0.0	0.0	0.0
mtrD_A0A124G4P3	3.0	0.0	20.0	82.0	0.0	0.0	23.0	83.0	0.0	2.0	0.0	0.0	0.0	101.0	17.0	3.0	2.0	59.0	0.0	0.0	2.0	3.0	2.0	27.0	0.0	0.0	0.0	2.0	12.0	0.0	0.0	0.0	2.0	0.0	0.0	1.0	34.0	0.0	2.0	4.0	0.0	15.0	18.0	0.0	79.0	14.0	0.0	0.0	1.0	0.0	8.0	23.0	0.0	0.0	0.0	0.0	0.0	2.0	0.0	3.0	3.0	6.0	4.0	0.0
mtrD_A0A1V6K8Q0	0.0	0.0	0.0	0.0	0.0	80.0	0.0	0.0	0.0	0.0	0.0	0.0	4.0	0.0	0.0	0.0	0.0	0.0	62.0	0.0	0.0	0.0	0.0	0.0	2.0	259.0	0.0	0.0	0.0	66.0	0.0	3.0	2.0	119.0	0.0	0.0	0.0	6.0	0.0	0.0	0.0	0.0	0.0	0.0	0.0	0.0	0.0	2.0	0.0	0.0	0.0	0.0	0.0	0.0	46.0	0.0	2.0	0.0	5.0	0.0	0.0	0.0	0.0	0.0
mtrD_A0A2I0PZT0	0.0	0.0	0.0	0.0	0.0	7.0	0.0	1.0	0.0	0.0	0.0	12.0	4.0	0.0	0.0	0.0	1.0	0.0	42.0	0.0	0.0	2.0	0.0	0.0	1.0	8.0	4.0	0.0	0.0	14.0	0.0	15.0	7.0	0.0	0.0	0.0	1.0	7.0	0.0	0.0	8.0	0.0	0.0	0.0	1.0	0.0	0.0	0.0	0.0	0.0	0.0	0.0	0.0	7.0	13.0	0.0	5.0	0.0	8.0	0.0	0.0	0.0	0.0	0.0
mtrD_A0A1V5ZB80	0.0	0.0	0.0	0.0	0.0	0.0	0.0	0.0	0.0	0.0	0.0	10.0	0.0	0.0	0.0	2.0	1.0	1.0	0.0	0.0	0.0	0.0	0.0	2.0	2.0	0.0	0.0	0.0	4.0	0.0	0.0	0.0	0.0	0.0	0.0	0.0	4.0	0.0	0.0	0.0	1.0	0.0	0.0	1.0	0.0	0.0	0.0	2.0	0.0	0.0	0.0	0.0	1.0	0.0	5.0	0.0	0.0	0.0	0.0	0.0	0.0	1.0	0.0	0.0
mtrD_21227648	0.0	0.0	295.0	17.0	0.0	0.0	517.0	11.0	0.0	0.0	0.0	0.0	0.0	18.0	0.0	0.0	0.0	27.0	742.0	1.0	0.0	2.0	0.0	84.0	218.0	0.0	0.0	0.0	1.0	18.0	0.0	74.0	1385.0	0.0	0.0	720.0	1.0	515.0	0.0	0.0	2071.0	0.0	93.0	0.0	17.0	156.0	2.0	0.0	286.0	1.0	231.0	586.0	0.0	802.0	23.0	0.0	236.0	0.0	373.0	0.0	0.0	3.0	0.0	0.0
mtrD_435852205	0.0	0.0	0.0	0.0	0.0	11.0	0.0	0.0	0.0	0.0	1.0	0.0	7.0	0.0	0.0	0.0	0.0	0.0	14.0	0.0	0.0	0.0	0.0	0.0	0.0	9.0	0.0	0.0	0.0	33.0	0.0	0.0	0.0	19.0	0.0	0.0	0.0	2.0	0.0	0.0	0.0	0.0	0.0	0.0	0.0	0.0	0.0	1.0	0.0	0.0	0.0	0.0	0.0	0.0	19.0	0.0	1.0	0.0	5.0	0.0	0.0	0.0	0.0	0.0
mtrD_WP_074370631.1	0.0	0.0	0.0	11.0	2.0	0.0	1.0	16.0	0.0	0.0	4.0	0.0	0.0	26.0	12.0	0.0	5.0	10.0	0.0	0.0	0.0	1.0	1.0	0.0	0.0	0.0	0.0	0.0	0.0	0.0	0.0	0.0	2.0	0.0	0.0	0.0	4.0	0.0	0.0	0.0	0.0	0.0	0.0	0.0	30.0	0.0	0.0	0.0	0.0	2.0	0.0	0.0	0.0	1.0	0.0	0.0	0.0	1.0	2.0	0.0	0.0	0.0	0.0	2.0
mtrD_A0A3G9CVL2	0.0	0.0	25.0	1.0	0.0	0.0	55.0	2.0	0.0	0.0	0.0	0.0	0.0	1.0	0.0	0.0	0.0	6.0	162.0	0.0	0.0	0.0	0.0	9.0	15.0	0.0	0.0	0.0	0.0	19.0	0.0	9.0	91.0	0.0	0.0	42.0	1.0	52.0	0.0	0.0	132.0	0.0	11.0	0.0	2.0	10.0	0.0	0.0	24.0	0.0	12.0	51.0	0.0	62.0	5.0	0.0	28.0	0.0	59.0	0.0	0.0	0.0	0.0	0.0
mtrD_mfz_AOB57_009400	0.0	0.0	149.0	0.0	0.0	0.0	868.0	0.0	0.0	0.0	0.0	0.0	0.0	0.0	0.0	0.0	0.0	0.0	89.0	0.0	0.0	0.0	0.0	2980.0	2.0	0.0	0.0	0.0	0.0	1900.0	0.0	1168.0	1.0	0.0	0.0	130.0	0.0	1241.0	0.0	0.0	8.0	0.0	4688.0	0.0	0.0	4059.0	0.0	0.0	89.0	0.0	115.0	467.0	0.0	1.0	0.0	0.0	999.0	0.0	265.0	0.0	0.0	2.0	0.0	0.0
mtrD_WP_067048367.1	0.0	0.0	0.0	0.0	0.0	17.0	0.0	0.0	0.0	0.0	0.0	0.0	2.0	0.0	0.0	0.0	0.0	0.0	44.0	0.0	0.0	0.0	0.0	0.0	0.0	81.0	1.0	0.0	0.0	9.0	0.0	5.0	2.0	31.0	0.0	0.0	0.0	9.0	0.0	0.0	0.0	0.0	0.0	0.0	0.0	0.0	0.0	0.0	0.0	0.0	0.0	0.0	0.0	0.0	31.0	0.0	7.0	1.0	10.0	0.0	0.0	0.0	0.0	0.0
mtrD_mhor_MSHOH_3852	0.0	0.0	16.0	0.0	0.0	0.0	20.0	0.0	0.0	0.0	0.0	0.0	0.0	1.0	0.0	0.0	0.0	0.0	12.0	0.0	0.0	0.0	0.0	2.0	24.0	0.0	0.0	0.0	0.0	1.0	0.0	3.0	91.0	0.0	0.0	50.0	0.0	25.0	0.0	0.0	156.0	0.0	11.0	0.0	2.0	6.0	0.0	0.0	20.0	0.0	18.0	42.0	0.0	75.0	1.0	0.0	19.0	0.0	18.0	0.0	0.0	0.0	0.0	0.0
mtrD_A0A0Q1AHQ9	0.0	0.0	0.0	0.0	0.0	152.0	0.0	0.0	0.0	0.0	0.0	1.0	16.0	0.0	2.0	0.0	0.0	0.0	57.0	0.0	0.0	0.0	0.0	0.0	1.0	245.0	6.0	0.0	0.0	16.0	0.0	5.0	0.0	137.0	0.0	0.0	0.0	2.0	0.0	0.0	0.0	0.0	0.0	0.0	0.0	0.0	0.0	6.0	0.0	0.0	0.0	0.0	0.0	0.0	49.0	0.0	5.0	0.0	4.0	0.0	0.0	0.0	0.0	0.0
mtrD_mbak_MSBR3_2149	0.0	0.0	1.0	0.0	0.0	17.0	0.0	0.0	0.0	0.0	0.0	0.0	0.0	0.0	0.0	0.0	1.0	0.0	3.0	0.0	0.0	0.0	0.0	0.0	0.0	1.0	0.0	0.0	0.0	5.0	0.0	0.0	0.0	21.0	0.0	0.0	0.0	1.0	0.0	0.0	0.0	0.0	0.0	0.0	0.0	0.0	0.0	0.0	0.0	0.0	0.0	0.0	0.0	0.0	1.0	0.0	0.0	0.0	0.0	0.0	0.0	0.0	0.0	0.0
mtrD_A0A3N5MSP3	0.0	0.0	0.0	0.0	0.0	3.0	0.0	0.0	0.0	0.0	0.0	0.0	0.0	0.0	0.0	0.0	2.0	0.0	2.0	0.0	0.0	0.0	0.0	0.0	0.0	1.0	0.0	0.0	0.0	12.0	0.0	0.0	0.0	0.0	0.0	0.0	0.0	0.0	0.0	0.0	0.0	0.0	0.0	0.0	0.0	0.0	0.0	0.0	0.0	0.0	0.0	0.0	0.0	0.0	6.0	0.0	0.0	0.0	0.0	0.0	0.0	0.0	0.0	0.0
mtrD_mek_MSKOL_0269	0.0	0.0	0.0	0.0	0.0	9.0	0.0	0.0	0.0	0.0	0.0	0.0	0.0	0.0	0.0	0.0	0.0	0.0	0.0	0.0	0.0	0.0	0.0	0.0	0.0	1.0	0.0	0.0	0.0	1.0	0.0	0.0	0.0	16.0	0.0	0.0	0.0	0.0	0.0	0.0	2.0	0.0	0.0	0.0	0.0	0.0	0.0	0.0	0.0	0.0	0.0	0.0	0.0	0.0	3.0	0.0	0.0	0.0	0.0	0.0	0.0	0.0	0.0	0.0
mtrD_A0A1V4YF73_m01	0.0	0.0	0.0	0.0	2.0	4.0	4.0	1.0	16.0	1.0	0.0	5.0	1.0	2.0	0.0	14.0	4.0	1.0	29.0	0.0	0.0	0.0	47.0	0.0	0.0	2.0	2.0	0.0	0.0	14.0	21.0	19.0	8.0	1.0	0.0	4.0	1.0	6.0	0.0	26.0	12.0	20.0	0.0	2.0	0.0	0.0	0.0	0.0	0.0	0.0	1.0	6.0	0.0	4.0	4.0	0.0	13.0	11.0	4.0	16.0	2.0	0.0	16.0	0.0
mtrD_397780906_m01	1.0	0.0	10.0	77.0	1.0	0.0	25.0	83.0	3.0	2.0	2.0	0.0	0.0	108.0	13.0	2.0	1.0	104.0	0.0	0.0	0.0	18.0	3.0	23.0	0.0	0.0	0.0	0.0	20.0	0.0	1.0	0.0	0.0	0.0	3.0	3.0	37.0	0.0	3.0	7.0	1.0	11.0	46.0	0.0	109.0	20.0	0.0	0.0	2.0	0.0	8.0	40.0	0.0	2.0	0.0	0.0	0.0	2.0	0.0	0.0	3.0	16.0	8.0	0.0
mtrD_1220534.B655_1096_m01	0.0	0.0	0.0	0.0	0.0	168.0	0.0	0.0	0.0	0.0	0.0	512.0	174.0	0.0	0.0	0.0	0.0	0.0	1111.0	0.0	0.0	0.0	0.0	0.0	288.0	208.0	353.0	0.0	2.0	474.0	0.0	251.0	547.0	48.0	0.0	1.0	0.0	275.0	0.0	0.0	735.0	0.0	0.0	0.0	0.0	0.0	0.0	133.0	2.0	0.0	0.0	0.0	0.0	481.0	219.0	0.0	212.0	0.0	196.0	0.0	0.0	0.0	0.0	0.0
mtrD_21227648_m01	0.0	0.0	0.0	0.0	0.0	0.0	0.0	0.0	0.0	0.0	0.0	0.0	7.0	0.0	0.0	0.0	2.0	0.0	76.0	0.0	0.0	0.0	0.0	0.0	5.0	7.0	0.0	0.0	0.0	21.0	0.0	3.0	0.0	9.0	0.0	0.0	0.0	1.0	0.0	0.0	0.0	0.0	0.0	0.0	0.0	1.0	0.0	0.0	0.0	0.0	0.0	0.0	0.0	0.0	31.0	0.0	2.0	0.0	2.0	0.0	0.0	0.0	0.0	0.0
mtrD_1220534.B655_1096_m02	0.0	0.0	0.0	0.0	0.0	7.0	0.0	0.0	0.0	0.0	0.0	0.0	6.0	0.0	0.0	0.0	0.0	0.0	4.0	0.0	0.0	0.0	0.0	0.0	0.0	4.0	0.0	1.0	0.0	18.0	0.0	2.0	2.0	2.0	0.0	0.0	0.0	4.0	0.0	0.0	0.0	0.0	0.0	0.0	0.0	0.0	0.0	2.0	0.0	0.0	0.0	0.0	0.0	0.0	1.0	0.0	5.0	0.0	0.0	0.0	0.0	0.0	0.0	0.0
mtrD_WP_067048367.1_m01	0.0	0.0	0.0	0.0	0.0	181.0	0.0	0.0	0.0	0.0	0.0	6.0	33.0	0.0	0.0	0.0	2.0	0.0	34.0	0.0	0.0	0.0	1.0	0.0	2.0	322.0	1.0	0.0	0.0	19.0	0.0	6.0	2.0	192.0	0.0	0.0	0.0	6.0	0.0	0.0	0.0	0.0	0.0	0.0	0.0	0.0	0.0	5.0	0.0	0.0	0.0	0.0	0.0	0.0	47.0	0.0	0.0	0.0	10.0	0.0	0.0	0.0	2.0	0.0
mtrD_A0A1V4YF73_m02	0.0	0.0	0.0	0.0	0.0	27.0	0.0	0.0	0.0	0.0	0.0	0.0	1.0	0.0	0.0	0.0	0.0	0.0	32.0	0.0	0.0	0.0	0.0	0.0	1.0	5.0	1.0	0.0	0.0	49.0	0.0	16.0	0.0	15.0	0.0	0.0	0.0	14.0	0.0	0.0	0.0	0.0	0.0	0.0	0.0	0.0	0.0	0.0	0.0	0.0	0.0	0.0	0.0	0.0	25.0	0.0	8.0	0.0	6.0	0.0	0.0	1.0	0.0	0.0
mtrD_A0A1V6K8T6_m01	0.0	0.0	2.0	9.0	0.0	0.0	4.0	9.0	0.0	0.0	0.0	2.0	0.0	15.0	3.0	0.0	1.0	9.0	0.0	0.0	0.0	4.0	0.0	0.0	1.0	0.0	0.0	0.0	2.0	0.0	0.0	0.0	4.0	0.0	1.0	4.0	5.0	1.0	1.0	0.0	4.0	0.0	3.0	1.0	23.0	2.0	0.0	1.0	4.0	0.0	0.0	6.0	0.0	0.0	0.0	0.0	0.0	0.0	0.0	0.0	0.0	2.0	0.0	0.0
mtrD_WP_067048367.1_m02	0.0	0.0	0.0	0.0	0.0	44.0	0.0	0.0	0.0	0.0	0.0	0.0	1.0	0.0	0.0	0.0	1.0	0.0	21.0	1.0	0.0	0.0	0.0	0.0	2.0	123.0	1.0	0.0	0.0	42.0	0.0	2.0	1.0	59.0	0.0	0.0	0.0	6.0	0.0	0.0	0.0	0.0	0.0	0.0	0.0	0.0	0.0	1.0	0.0	0.0	0.0	0.0	0.0	0.0	36.0	0.0	4.0	0.0	6.0	0.0	0.0	0.0	0.0	0.0
mtrD_WP_004031280.1_m02	0.0	4.0	0.0	0.0	5.0	1.0	0.0	0.0	0.0	0.0	8.0	0.0	0.0	0.0	0.0	1.0	7.0	0.0	2.0	2.0	0.0	0.0	0.0	0.0	0.0	0.0	0.0	0.0	0.0	1.0	0.0	0.0	1.0	1.0	9.0	0.0	0.0	1.0	0.0	0.0	0.0	2.0	0.0	0.0	0.0	0.0	0.0	0.0	0.0	2.0	0.0	0.0	0.0	4.0	4.0	0.0	0.0	0.0	0.0	0.0	2.0	0.0	0.0	12.0
mtrD_WP_067048367.1_m03	0.0	0.0	0.0	0.0	0.0	49.0	0.0	0.0	0.0	0.0	0.0	8.0	5.0	0.0	0.0	0.0	0.0	0.0	44.0	0.0	0.0	0.0	0.0	0.0	6.0	231.0	9.0	0.0	0.0	49.0	0.0	5.0	2.0	96.0	0.0	0.0	0.0	4.0	0.0	0.0	0.0	0.0	0.0	0.0	0.0	0.0	0.0	8.0	0.0	0.0	0.0	0.0	0.0	3.0	47.0	0.0	4.0	0.0	0.0	0.0	0.0	0.0	0.0	0.0
mtrD_WP_067048367.1_m05	0.0	0.0	0.0	0.0	0.0	46.0	0.0	0.0	0.0	0.0	0.0	0.0	0.0	0.0	0.0	0.0	0.0	0.0	24.0	0.0	0.0	0.0	0.0	0.0	0.0	68.0	1.0	0.0	0.0	12.0	0.0	2.0	1.0	39.0	0.0	0.0	0.0	0.0	0.0	0.0	0.0	0.0	0.0	0.0	0.0	0.0	0.0	0.0	0.0	0.0	0.0	0.0	0.0	0.0	18.0	0.0	3.0	0.0	5.0	0.0	0.0	0.0	0.0	0.0
mtrD_A0A1V4YF73_m03	0.0	0.0	0.0	0.0	0.0	7.0	0.0	0.0	1.0	0.0	0.0	2.0	7.0	0.0	0.0	0.0	0.0	0.0	34.0	0.0	0.0	0.0	0.0	0.0	2.0	8.0	5.0	1.0	0.0	26.0	0.0	14.0	5.0	4.0	0.0	0.0	0.0	11.0	0.0	0.0	4.0	0.0	0.0	0.0	0.0	0.0	0.0	4.0	1.0	0.0	0.0	0.0	0.0	4.0	13.0	0.0	7.0	0.0	4.0	0.0	0.0	0.0	0.0	0.0
mtrD_397780906_m02	0.0	0.0	0.0	30.0	0.0	0.0	6.0	34.0	0.0	0.0	0.0	0.0	0.0	43.0	16.0	4.0	0.0	27.0	0.0	0.0	0.0	4.0	0.0	12.0	0.0	0.0	0.0	0.0	8.0	0.0	2.0	0.0	3.0	0.0	0.0	0.0	11.0	0.0	1.0	2.0	4.0	1.0	1.0	0.0	38.0	3.0	0.0	0.0	1.0	0.0	0.0	9.0	0.0	2.0	0.0	0.0	0.0	0.0	0.0	0.0	1.0	9.0	0.0	0.0
mtrD_A0A1V6K8Q0_m01	0.0	0.0	0.0	0.0	0.0	57.0	0.0	0.0	0.0	0.0	0.0	0.0	8.0	0.0	0.0	0.0	0.0	0.0	38.0	0.0	0.0	0.0	0.0	0.0	0.0	124.0	2.0	0.0	0.0	28.0	0.0	5.0	0.0	103.0	0.0	0.0	0.0	10.0	0.0	0.0	0.0	0.0	0.0	0.0	0.0	0.0	0.0	0.0	0.0	0.0	0.0	0.0	0.0	0.0	22.0	0.0	11.0	0.0	9.0	0.0	0.0	0.0	0.0	0.0
mtrD_WP_067048367.1_m06	0.0	0.0	0.0	0.0	0.0	4.0	0.0	0.0	0.0	0.0	0.0	0.0	0.0	0.0	0.0	0.0	0.0	0.0	0.0	0.0	0.0	0.0	0.0	0.0	0.0	9.0	0.0	0.0	0.0	1.0	0.0	1.0	0.0	7.0	0.0	0.0	0.0	0.0	0.0	0.0	0.0	0.0	0.0	0.0	0.0	0.0	0.0	0.0	0.0	0.0	0.0	0.0	0.0	0.0	3.0	0.0	0.0	0.0	2.0	0.0	0.0	0.0	0.0	0.0
mtrD_WP_067048367.1_m07	0.0	1.0	0.0	0.0	0.0	9.0	0.0	0.0	0.0	0.0	0.0	0.0	0.0	0.0	0.0	0.0	1.0	0.0	25.0	0.0	0.0	0.0	0.0	0.0	1.0	62.0	0.0	0.0	0.0	9.0	0.0	5.0	1.0	44.0	0.0	0.0	0.0	0.0	0.0	0.0	0.0	0.0	0.0	0.0	0.0	0.0	0.0	0.0	0.0	0.0	0.0	0.0	0.0	0.0	17.0	0.0	2.0	0.0	5.0	0.0	0.0	0.0	0.0	0.0
mtrD_A0A1V6K8T6_m03	0.0	0.0	9.0	34.0	0.0	0.0	6.0	35.0	2.0	0.0	0.0	0.0	0.0	30.0	5.0	0.0	0.0	15.0	0.0	0.0	0.0	0.0	2.0	9.0	0.0	0.0	0.0	0.0	10.0	0.0	2.0	0.0	0.0	0.0	2.0	1.0	10.0	0.0	0.0	0.0	1.0	4.0	9.0	0.0	18.0	8.0	0.0	0.0	2.0	2.0	7.0	7.0	0.0	0.0	0.0	0.0	0.0	1.0	0.0	0.0	1.0	4.0	4.0	0.0
mtrD_WP_067048367.1_m08	0.0	0.0	0.0	0.0	0.0	23.0	0.0	0.0	0.0	0.0	0.0	0.0	0.0	0.0	0.0	0.0	0.0	1.0	16.0	0.0	0.0	0.0	0.0	0.0	0.0	19.0	0.0	0.0	0.0	12.0	0.0	1.0	0.0	25.0	0.0	0.0	0.0	2.0	0.0	0.0	0.0	0.0	0.0	0.0	0.0	0.0	0.0	0.0	0.0	0.0	0.0	0.0	0.0	0.0	6.0	0.0	0.0	0.0	1.0	0.0	0.0	0.0	0.0	0.0
mtrD_WP_004031280.1_m05	2.0	0.0	0.0	2.0	0.0	0.0	0.0	0.0	0.0	0.0	0.0	0.0	0.0	0.0	0.0	6.0	1.0	0.0	23.0	0.0	0.0	0.0	0.0	0.0	0.0	0.0	0.0	0.0	0.0	48.0	0.0	66.0	2.0	0.0	0.0	0.0	0.0	34.0	0.0	2.0	6.0	9.0	0.0	0.0	0.0	0.0	0.0	0.0	0.0	0.0	0.0	0.0	0.0	2.0	4.0	0.0	49.0	7.0	21.0	0.0	0.0	0.0	0.0	0.0
mtrD_A0A1V6K8Q0_m02	0.0	0.0	0.0	0.0	0.0	49.0	0.0	0.0	0.0	0.0	0.0	3.0	12.0	0.0	0.0	0.0	0.0	0.0	22.0	0.0	0.0	0.0	0.0	0.0	2.0	111.0	5.0	0.0	0.0	27.0	0.0	0.0	2.0	46.0	0.0	0.0	0.0	0.0	0.0	0.0	1.0	0.0	0.0	0.0	0.0	0.0	0.0	2.0	0.0	0.0	0.0	0.0	0.0	1.0	24.0	0.0	0.0	0.0	4.0	0.0	0.0	0.0	0.0	0.0
mtrD_A0A0Q1AHQ9_m01	0.0	0.0	0.0	0.0	0.0	62.0	0.0	0.0	0.0	0.0	0.0	0.0	2.0	0.0	0.0	0.0	2.0	0.0	0.0	0.0	0.0	0.0	0.0	0.0	0.0	46.0	0.0	0.0	0.0	9.0	0.0	0.0	0.0	86.0	0.0	0.0	0.0	2.0	0.0	0.0	0.0	0.0	0.0	0.0	0.0	0.0	0.0	0.0	0.0	0.0	0.0	0.0	0.0	0.0	2.0	0.0	2.0	0.0	2.0	0.0	0.0	0.0	0.0	0.0
mtrD_WP_004031280.1_m06	0.0	0.0	0.0	0.0	0.0	0.0	0.0	0.0	0.0	0.0	0.0	2.0	12.0	0.0	0.0	1.0	0.0	1.0	15.0	0.0	0.0	0.0	2.0	0.0	11.0	1.0	8.0	0.0	0.0	15.0	0.0	11.0	7.0	1.0	0.0	0.0	0.0	2.0	0.0	0.0	4.0	0.0	0.0	0.0	0.0	0.0	0.0	2.0	0.0	0.0	0.0	0.0	0.0	12.0	2.0	0.0	9.0	2.0	12.0	0.0	0.0	0.0	0.0	0.0
mtrD_WP_004031280.1_m07	0.0	0.0	0.0	0.0	0.0	155.0	0.0	0.0	0.0	0.0	0.0	54.0	15.0	0.0	0.0	0.0	0.0	0.0	1138.0	0.0	0.0	0.0	0.0	0.0	38.0	216.0	49.0	0.0	0.0	560.0	0.0	300.0	73.0	55.0	0.0	0.0	0.0	209.0	0.0	0.0	83.0	0.0	0.0	0.0	0.0	0.0	0.0	26.0	0.0	0.0	0.0	0.0	0.0	48.0	190.0	0.0	242.0	0.0	142.0	0.0	0.0	1.0	0.0	0.0
mtrD_WP_004031280.1_m08	0.0	0.0	0.0	0.0	0.0	2.0	0.0	0.0	0.0	0.0	0.0	1.0	0.0	0.0	0.0	0.0	0.0	0.0	8.0	0.0	0.0	0.0	0.0	0.0	2.0	1.0	0.0	0.0	0.0	6.0	0.0	0.0	0.0	1.0	0.0	0.0	0.0	4.0	0.0	0.0	0.0	0.0	0.0	0.0	0.0	0.0	0.0	4.0	0.0	0.0	0.0	0.0	0.0	0.0	1.0	0.0	4.0	0.0	2.0	0.0	0.0	0.0	0.0	0.0
mtrD_A0A2I0NLM0_m01	0.0	0.0	0.0	0.0	0.0	22.0	0.0	0.0	0.0	2.0	1.0	6.0	4.0	0.0	0.0	0.0	1.0	0.0	6.0	0.0	0.0	0.0	0.0	0.0	0.0	26.0	3.0	0.0	0.0	2.0	0.0	0.0	4.0	18.0	0.0	0.0	0.0	1.0	0.0	0.0	1.0	2.0	0.0	0.0	0.0	0.0	0.0	2.0	4.0	0.0	0.0	0.0	0.0	3.0	2.0	1.0	0.0	0.0	0.0	0.0	0.0	0.0	0.0	0.0
mtrD_WP_004031280.1_m10	0.0	0.0	0.0	0.0	0.0	25.0	0.0	0.0	0.0	0.0	0.0	38.0	69.0	0.0	0.0	0.0	0.0	0.0	114.0	0.0	0.0	0.0	0.0	0.0	20.0	14.0	27.0	0.0	0.0	84.0	0.0	16.0	27.0	7.0	0.0	0.0	0.0	40.0	0.0	0.0	31.0	0.0	0.0	0.0	0.0	0.0	0.0	13.0	0.0	0.0	0.0	0.0	0.0	40.0	21.0	0.0	19.0	0.0	15.0	0.0	0.0	0.0	0.0	0.0
mtrD_A0A2I0NLM0_m02	0.0	0.0	3.0	0.0	0.0	68.0	0.0	0.0	0.0	0.0	0.0	2.0	4.0	0.0	0.0	0.0	1.0	0.0	22.0	0.0	0.0	0.0	0.0	0.0	3.0	116.0	0.0	0.0	0.0	7.0	0.0	0.0	0.0	80.0	0.0	0.0	0.0	7.0	0.0	0.0	0.0	0.0	0.0	0.0	0.0	0.0	0.0	4.0	0.0	0.0	1.0	0.0	0.0	0.0	21.0	0.0	3.0	0.0	0.0	0.0	0.0	0.0	0.0	0.0
mtrD_A0A1V6K8Q0_m03	0.0	0.0	1.0	0.0	0.0	12.0	1.0	0.0	0.0	0.0	0.0	0.0	0.0	0.0	0.0	0.0	2.0	0.0	58.0	0.0	0.0	0.0	0.0	0.0	2.0	66.0	0.0	0.0	0.0	17.0	0.0	10.0	1.0	47.0	0.0	2.0	0.0	9.0	0.0	0.0	1.0	0.0	3.0	0.0	1.0	0.0	0.0	0.0	1.0	0.0	0.0	2.0	0.0	0.0	29.0	0.0	2.0	0.0	10.0	0.0	0.0	0.0	0.0	0.0
mtrD_WP_004031280.1_m12	0.0	0.0	0.0	0.0	0.0	19.0	0.0	0.0	0.0	0.0	0.0	0.0	1.0	0.0	0.0	0.0	0.0	0.0	42.0	0.0	0.0	0.0	0.0	0.0	0.0	4.0	0.0	0.0	0.0	20.0	0.0	7.0	0.0	2.0	0.0	0.0	0.0	11.0	0.0	0.0	0.0	0.0	0.0	0.0	0.0	0.0	0.0	0.0	0.0	0.0	0.0	0.0	0.0	0.0	13.0	0.0	9.0	0.0	9.0	0.0	0.0	0.0	0.0	0.0
mtrD_A0A1V6K8T6_m05	1.0	0.0	3.0	19.0	0.0	0.0	2.0	21.0	1.0	0.0	0.0	0.0	0.0	13.0	1.0	0.0	0.0	12.0	0.0	0.0	0.0	2.0	0.0	1.0	0.0	0.0	0.0	0.0	0.0	0.0	0.0	0.0	0.0	0.0	1.0	0.0	1.0	0.0	0.0	1.0	0.0	1.0	2.0	0.0	23.0	8.0	0.0	1.0	0.0	1.0	4.0	5.0	0.0	2.0	0.0	0.0	0.0	0.0	0.0	0.0	0.0	2.0	0.0	0.0
mtrD_A0A2I0NLM0_m03	0.0	0.0	0.0	0.0	0.0	26.0	0.0	0.0	0.0	0.0	0.0	0.0	0.0	0.0	0.0	0.0	1.0	0.0	5.0	0.0	0.0	0.0	0.0	0.0	2.0	24.0	0.0	0.0	0.0	1.0	0.0	0.0	0.0	49.0	0.0	0.0	0.0	0.0	0.0	0.0	0.0	0.0	0.0	0.0	0.0	0.0	0.0	0.0	0.0	0.0	0.0	0.0	0.0	0.0	1.0	0.0	0.0	0.0	0.0	0.0	0.0	0.0	0.0	0.0
mtrD_WP_048176828.1_m01	0.0	0.0	36.0	10.0	0.0	0.0	197.0	17.0	0.0	0.0	0.0	0.0	0.0	11.0	1.0	0.0	1.0	11.0	723.0	0.0	0.0	5.0	0.0	33.0	0.0	1.0	0.0	0.0	0.0	6.0	0.0	9.0	0.0	1.0	0.0	35.0	6.0	61.0	0.0	0.0	12.0	0.0	29.0	0.0	18.0	97.0	0.0	0.0	5.0	0.0	16.0	123.0	0.0	2.0	15.0	0.0	27.0	0.0	48.0	0.0	0.0	0.0	0.0	0.0
