	ZB_1	ZB_2	ZB_3	ZB_4	ZB_5	ZB_6	ZB_7	ZB_8	ZB_9	ZB_10	ZB_11	ZB_12	ZB_13	ZB_14	ZB_15	ZB_16	ZB_17	ZB_18	ZB_19	ZB_20	ZB_21	ZB_22	ZB_23	ZB_24	ZB_25	ZB_26	ZB_27	ZB_28	ZB_29	ZB_30	ZB_31	ZB_32	ZB_33	ZB_34	ZB_35	ZB_36	ZB_37	ZB_38	ZB_39	ZB_40	ZB_41	ZB_42	ZB_43	ZB_44	ZB_45	ZB_46	ZB_47	ZB_48	ZB_49	ZB_50	ZB_51	ZB_52	ZB_53	ZB_54	ZB_55	ZB_56	ZB_57	ZB_58	ZB_59	ZB_60	ZB_61	ZB_62	ZB_63	ZB_64
mtrE_330507206	30.0	0.0	0.0	4.0	3.0	37.0	0.0	3.0	166.0	105.0	2.0	29.0	22.0	6.0	24.0	697.0	1.0	3.0	25.0	0.0	70.0	6.0	343.0	0.0	24.0	50.0	25.0	59.0	2.0	23.0	334.0	3.0	4.0	56.0	0.0	0.0	8.0	4.0	67.0	300.0	29.0	578.0	0.0	121.0	10.0	0.0	198.0	56.0	0.0	3.0	0.0	0.0	102.0	10.0	51.0	79.0	2.0	250.0	10.0	109.0	0.0	2.0	503.0	0.0
mtrE_msub_BK009_07400	1.0	1538.0	0.0	6.0	2653.0	0.0	6.0	36.0	38.0	23.0	1872.0	5.0	0.0	33.0	7.0	80.0	1630.0	8.0	16.0	875.0	5.0	0.0	17.0	0.0	0.0	0.0	2.0	0.0	0.0	20.0	118.0	34.0	7.0	0.0	1536.0	0.0	2.0	6.0	2.0	16.0	16.0	156.0	2.0	22.0	35.0	6.0	0.0	2.0	0.0	1247.0	0.0	0.0	1.0	3.0	2.0	2.0	9.0	38.0	4.0	14.0	1054.0	0.0	101.0	1215.0
mtrE_A0A101ILP1	264.0	0.0	3025.0	0.0	2.0	0.0	2718.0	0.0	8.0	270.0	0.0	21.0	0.0	0.0	0.0	178.0	0.0	0.0	0.0	0.0	96.0	0.0	11.0	457.0	96.0	0.0	9.0	390.0	0.0	0.0	21.0	0.0	25.0	0.0	0.0	2687.0	0.0	0.0	128.0	17.0	59.0	157.0	333.0	115.0	0.0	539.0	76.0	24.0	1374.0	0.0	1449.0	2950.0	252.0	33.0	0.0	249.0	0.0	62.0	0.0	2.0	0.0	0.0	15.0	0.0
mtrE_A0A1V4VDK5	73.0	0.0	21.0	0.0	0.0	0.0	15.0	0.0	0.0	52.0	0.0	1.0	0.0	0.0	0.0	0.0	0.0	0.0	0.0	0.0	33.0	0.0	0.0	0.0	0.0	0.0	0.0	80.0	0.0	0.0	0.0	0.0	0.0	0.0	0.0	40.0	0.0	0.0	73.0	0.0	0.0	0.0	0.0	62.0	0.0	1.0	28.0	6.0	6.0	0.0	10.0	18.0	43.0	1.0	0.0	63.0	0.0	0.0	0.0	0.0	0.0	0.0	0.0	0.0
mtrE_A0A1V4YG16	2.0	42.0	19.0	36.0	33.0	10.0	61.0	58.0	302.0	20.0	71.0	8.0	7.0	45.0	5.0	396.0	50.0	30.0	192.0	22.0	6.0	30.0	951.0	11.0	8.0	9.0	1.0	21.0	6.0	134.0	609.0	424.0	54.0	5.0	31.0	61.0	27.0	49.0	1.0	790.0	168.0	788.0	18.0	31.0	45.0	18.0	1.0	3.0	14.0	38.0	11.0	77.0	7.0	22.0	25.0	4.0	378.0	227.0	81.0	370.0	35.0	32.0	507.0	43.0
mtrE_397780905	4.0	975.0	20.0	6.0	2176.0	0.0	17.0	2.0	28.0	4.0	1496.0	7.0	0.0	2.0	2.0	27.0	1538.0	0.0	0.0	1844.0	0.0	2.0	19.0	7.0	17.0	0.0	2.0	2.0	8.0	0.0	13.0	0.0	17.0	0.0	1525.0	34.0	3.0	2.0	1.0	19.0	13.0	22.0	1.0	4.0	2.0	2.0	2.0	2.0	17.0	862.0	16.0	24.0	4.0	11.0	4.0	2.0	1.0	14.0	0.0	13.0	437.0	1.0	16.0	979.0
mtrE_A0A1V4YHB0	2.0	0.0	0.0	0.0	0.0	8.0	0.0	0.0	0.0	2.0	1.0	2.0	11.0	0.0	0.0	0.0	1.0	0.0	14.0	0.0	0.0	0.0	0.0	0.0	0.0	5.0	2.0	2.0	0.0	30.0	0.0	4.0	3.0	9.0	0.0	0.0	0.0	2.0	0.0	0.0	3.0	2.0	0.0	1.0	1.0	0.0	0.0	1.0	0.0	0.0	0.0	0.0	1.0	2.0	4.0	0.0	1.0	0.0	0.0	0.0	0.0	1.0	0.0	0.0
mtrE_G9BY99	0.0	0.0	46.0	373.0	4.0	0.0	92.0	487.0	16.0	7.0	8.0	0.0	0.0	549.0	74.0	19.0	1.0	300.0	0.0	8.0	0.0	68.0	0.0	96.0	2.0	0.0	0.0	6.0	89.0	0.0	8.0	0.0	7.0	0.0	12.0	19.0	101.0	0.0	14.0	10.0	15.0	42.0	98.0	3.0	442.0	128.0	1.0	0.0	13.0	8.0	33.0	136.0	0.0	1.0	0.0	2.0	0.0	5.0	0.0	12.0	8.0	21.0	5.0	2.0
mtrE_WP_004031278.1	0.0	218.0	0.0	0.0	432.0	4.0	0.0	3.0	5.0	2.0	242.0	5.0	8.0	5.0	3.0	14.0	276.0	0.0	27.0	99.0	1.0	0.0	12.0	1.0	3.0	2.0	5.0	0.0	1.0	24.0	22.0	11.0	6.0	1.0	224.0	0.0	2.0	5.0	0.0	1.0	6.0	24.0	0.0	5.0	2.0	0.0	0.0	3.0	0.0	174.0	0.0	0.0	0.0	7.0	3.0	0.0	9.0	8.0	2.0	0.0	175.0	0.0	14.0	132.0
mtrE_meto_CIT02_09485	0.0	10.0	0.0	0.0	21.0	78.0	0.0	0.0	1.0	0.0	20.0	178.0	47.0	0.0	0.0	1.0	11.0	0.0	624.0	5.0	0.0	0.0	0.0	0.0	92.0	104.0	134.0	0.0	0.0	289.0	2.0	169.0	167.0	23.0	11.0	0.0	0.0	183.0	0.0	0.0	239.0	1.0	0.0	0.0	1.0	0.0	0.0	62.0	0.0	13.0	0.0	0.0	0.0	189.0	121.0	0.0	142.0	0.0	94.0	0.0	6.0	0.0	0.0	8.0
mtrE_126178562	0.0	0.0	0.0	0.0	1.0	0.0	5.0	0.0	0.0	0.0	3.0	2.0	1.0	0.0	0.0	2.0	0.0	0.0	0.0	0.0	0.0	0.0	2.0	1.0	8.0	2.0	2.0	0.0	0.0	0.0	5.0	0.0	11.0	0.0	0.0	2.0	0.0	0.0	0.0	1.0	8.0	1.0	1.0	0.0	0.0	3.0	0.0	0.0	4.0	0.0	0.0	5.0	0.0	1.0	0.0	0.0	0.0	4.0	1.0	0.0	0.0	0.0	8.0	0.0
mtrE_WP_074370630.1	0.0	0.0	1.0	0.0	0.0	16.0	0.0	0.0	0.0	0.0	0.0	2.0	0.0	0.0	0.0	0.0	0.0	0.0	5.0	0.0	0.0	0.0	0.0	0.0	1.0	35.0	1.0	0.0	0.0	5.0	0.0	0.0	5.0	26.0	0.0	1.0	0.0	0.0	1.0	0.0	2.0	0.0	1.0	0.0	0.0	0.0	2.0	3.0	0.0	0.0	0.0	1.0	0.0	5.0	7.0	0.0	1.0	0.0	0.0	0.0	0.0	0.0	0.0	0.0
mtrE_A0A1V4US63	0.0	0.0	0.0	0.0	1.0	106.0	0.0	0.0	10.0	0.0	1.0	6.0	2.0	0.0	3.0	24.0	0.0	1.0	8.0	0.0	0.0	0.0	8.0	0.0	2.0	26.0	1.0	0.0	1.0	80.0	10.0	0.0	1.0	108.0	0.0	0.0	0.0	0.0	0.0	14.0	0.0	24.0	0.0	0.0	1.0	0.0	0.0	4.0	0.0	0.0	0.0	0.0	0.0	0.0	33.0	0.0	0.0	12.0	7.0	8.0	0.0	0.0	21.0	0.0
mtrE_435852206	0.0	1.0	0.0	0.0	0.0	4.0	0.0	0.0	0.0	2.0	1.0	2.0	1.0	0.0	0.0	0.0	2.0	0.0	32.0	0.0	0.0	0.0	0.0	0.0	0.0	26.0	0.0	0.0	0.0	31.0	0.0	6.0	0.0	23.0	0.0	0.0	0.0	2.0	1.0	0.0	1.0	0.0	0.0	2.0	0.0	0.0	0.0	1.0	0.0	0.0	0.0	0.0	0.0	1.0	25.0	2.0	2.0	0.0	4.0	0.0	0.0	2.0	0.0	0.0
mtrE_A0A1V5IET7	0.0	0.0	0.0	0.0	0.0	0.0	0.0	0.0	0.0	0.0	0.0	6.0	0.0	0.0	0.0	0.0	0.0	0.0	0.0	0.0	0.0	0.0	0.0	0.0	0.0	0.0	0.0	2.0	1.0	3.0	0.0	0.0	0.0	0.0	0.0	0.0	0.0	0.0	0.0	0.0	1.0	0.0	0.0	0.0	0.0	0.0	0.0	7.0	0.0	0.0	0.0	0.0	0.0	0.0	0.0	0.0	0.0	0.0	0.0	0.0	0.0	0.0	0.0	0.0
mtrE_A0A1V5ZBQ5	0.0	0.0	0.0	0.0	0.0	3.0	0.0	0.0	1.0	0.0	0.0	2.0	0.0	0.0	2.0	0.0	0.0	2.0	1.0	0.0	0.0	0.0	2.0	1.0	0.0	0.0	0.0	1.0	2.0	1.0	2.0	0.0	1.0	0.0	0.0	0.0	2.0	0.0	0.0	0.0	3.0	0.0	0.0	0.0	2.0	0.0	2.0	4.0	0.0	0.0	0.0	0.0	3.0	0.0	1.0	2.0	0.0	0.0	3.0	0.0	0.0	1.0	0.0	0.0
mtrE_A0A524QMM4	0.0	0.0	0.0	0.0	0.0	51.0	0.0	0.0	0.0	0.0	0.0	11.0	18.0	0.0	0.0	0.0	1.0	0.0	9.0	0.0	0.0	0.0	0.0	0.0	7.0	39.0	9.0	0.0	0.0	52.0	0.0	0.0	8.0	54.0	0.0	0.0	0.0	2.0	0.0	0.0	0.0	0.0	0.0	0.0	0.0	0.0	0.0	4.0	0.0	0.0	0.0	0.0	0.0	6.0	19.0	0.0	2.0	0.0	2.0	0.0	0.0	0.0	0.0	0.0
mtrE_mfz_AOB57_009395	0.0	0.0	125.0	0.0	0.0	1.0	1062.0	0.0	0.0	0.0	0.0	0.0	0.0	0.0	0.0	0.0	0.0	0.0	96.0	0.0	2.0	0.0	0.0	3173.0	2.0	0.0	0.0	0.0	2.0	2191.0	0.0	1307.0	0.0	0.0	0.0	126.0	0.0	1420.0	0.0	0.0	2.0	0.0	6219.0	0.0	0.0	4867.0	0.0	0.0	109.0	0.0	150.0	497.0	0.0	4.0	0.0	0.0	1210.0	0.0	258.0	2.0	0.0	0.0	0.0	0.0
mtrE_mbak_MSBR3_2150	0.0	0.0	460.0	19.0	0.0	0.0	1063.0	39.0	0.0	0.0	0.0	0.0	0.0	54.0	7.0	0.0	0.0	49.0	1961.0	4.0	0.0	4.0	0.0	160.0	321.0	0.0	0.0	0.0	1.0	34.0	0.0	111.0	1829.0	0.0	0.0	1187.0	18.0	822.0	0.0	0.0	2999.0	0.0	198.0	0.0	21.0	425.0	0.0	0.0	461.0	0.0	379.0	1016.0	0.0	1289.0	57.0	0.0	389.0	0.0	652.0	0.0	0.0	8.0	0.0	0.0
mtrE_A0A3G9CUD0	0.0	0.0	0.0	1.0	0.0	0.0	0.0	0.0	0.0	0.0	0.0	0.0	0.0	0.0	0.0	0.0	0.0	1.0	81.0	0.0	0.0	0.0	0.0	0.0	0.0	0.0	0.0	0.0	0.0	14.0	0.0	5.0	0.0	0.0	0.0	0.0	0.0	13.0	0.0	0.0	0.0	0.0	1.0	0.0	0.0	0.0	0.0	0.0	0.0	0.0	0.0	0.0	0.0	0.0	0.0	0.0	14.0	0.0	34.0	0.0	0.0	0.0	0.0	0.0
mtrE_A0A1V6K8V7	0.0	2.0	0.0	3.0	0.0	0.0	1.0	21.0	0.0	0.0	0.0	0.0	0.0	69.0	14.0	0.0	1.0	26.0	0.0	0.0	0.0	4.0	0.0	0.0	0.0	0.0	0.0	0.0	15.0	0.0	0.0	0.0	0.0	0.0	0.0	1.0	5.0	0.0	0.0	1.0	1.0	2.0	0.0	0.0	75.0	0.0	0.0	0.0	0.0	0.0	0.0	2.0	0.0	0.0	1.0	0.0	0.0	0.0	1.0	0.0	0.0	2.0	0.0	0.0
mtrE_WP_095645713.1	0.0	0.0	12.0	0.0	0.0	18.0	21.0	0.0	0.0	0.0	0.0	0.0	0.0	3.0	0.0	0.0	1.0	0.0	43.0	0.0	0.0	0.0	1.0	7.0	8.0	1.0	0.0	0.0	0.0	3.0	0.0	3.0	49.0	26.0	0.0	38.0	0.0	29.0	0.0	0.0	75.0	0.0	6.0	0.0	1.0	7.0	0.0	0.0	12.0	0.0	10.0	25.0	0.0	29.0	1.0	0.0	8.0	0.0	9.0	0.0	0.0	0.0	0.0	0.0
mtrE_WP_004037740.1	0.0	0.0	0.0	0.0	0.0	188.0	0.0	0.0	0.0	0.0	0.0	1.0	7.0	0.0	0.0	0.0	0.0	0.0	81.0	0.0	0.0	0.0	0.0	0.0	1.0	252.0	0.0	0.0	0.0	75.0	0.0	7.0	0.0	226.0	0.0	0.0	0.0	11.0	0.0	0.0	0.0	0.0	0.0	0.0	0.0	0.0	0.0	1.0	0.0	0.0	0.0	0.0	0.0	0.0	47.0	0.0	15.0	0.0	6.0	0.0	0.0	0.0	0.0	0.0
mtrE_A0A3N5MSL5	0.0	0.0	0.0	0.0	0.0	19.0	0.0	0.0	0.0	0.0	0.0	0.0	0.0	0.0	0.0	0.0	0.0	0.0	4.0	0.0	0.0	0.0	0.0	0.0	0.0	3.0	0.0	0.0	0.0	19.0	0.0	0.0	0.0	0.0	0.0	0.0	0.0	0.0	0.0	0.0	0.0	0.0	0.0	0.0	0.0	0.0	0.0	0.0	0.0	0.0	0.0	1.0	0.0	0.0	6.0	1.0	3.0	0.0	0.0	0.0	0.0	0.0	0.0	0.0
mtrE_A0A1V5B8C8	0.0	0.0	0.0	0.0	0.0	13.0	0.0	0.0	0.0	0.0	0.0	0.0	0.0	0.0	0.0	0.0	0.0	0.0	1.0	0.0	0.0	0.0	0.0	0.0	0.0	7.0	1.0	0.0	0.0	11.0	0.0	0.0	0.0	18.0	0.0	0.0	0.0	0.0	0.0	0.0	0.0	0.0	0.0	0.0	0.0	0.0	0.0	0.0	0.0	0.0	0.0	0.0	0.0	0.0	5.0	0.0	0.0	0.0	0.0	0.0	0.0	0.0	0.0	0.0
mtrE_330507206_m01	144.0	0.0	0.0	4.0	0.0	34.0	0.0	3.0	94.0	269.0	4.0	47.0	24.0	2.0	29.0	286.0	1.0	4.0	48.0	0.0	213.0	2.0	142.0	0.0	25.0	66.0	24.0	249.0	4.0	65.0	152.0	16.0	4.0	74.0	0.0	0.0	5.0	2.0	197.0	138.0	11.0	243.0	0.0	372.0	5.0	0.0	536.0	154.0	0.0	1.0	0.0	0.0	324.0	14.0	43.0	298.0	7.0	133.0	16.0	46.0	1.0	4.0	200.0	0.0
mtrE_msub_BK009_07400_m01	0.0	0.0	0.0	0.0	0.0	52.0	0.0	0.0	0.0	0.0	0.0	120.0	28.0	0.0	0.0	0.0	0.0	0.0	431.0	0.0	0.0	0.0	0.0	0.0	59.0	72.0	75.0	0.0	0.0	207.0	0.0	94.0	101.0	21.0	0.0	0.0	0.0	99.0	0.0	1.0	150.0	0.0	0.0	0.0	0.0	0.0	1.0	29.0	0.0	0.0	0.0	0.0	0.0	97.0	79.0	0.0	105.0	0.0	42.0	0.0	0.0	0.0	0.0	0.0
mtrE_A0A1V4YG16_m01	0.0	0.0	0.0	0.0	0.0	7.0	0.0	0.0	0.0	0.0	0.0	3.0	10.0	0.0	0.0	0.0	0.0	0.0	61.0	0.0	0.0	0.0	0.0	0.0	1.0	10.0	7.0	0.0	0.0	35.0	0.0	17.0	11.0	1.0	0.0	0.0	0.0	9.0	0.0	0.0	11.0	0.0	0.0	0.0	0.0	0.0	0.0	0.0	0.0	0.0	0.0	0.0	0.0	7.0	7.0	0.0	6.0	0.0	8.0	0.0	0.0	0.0	0.0	0.0
mtrE_397780905_m01	0.0	26.0	2.0	0.0	44.0	0.0	0.0	0.0	0.0	0.0	697.0	1.0	0.0	0.0	0.0	0.0	37.0	0.0	0.0	63.0	0.0	0.0	2.0	0.0	0.0	0.0	0.0	0.0	0.0	0.0	0.0	0.0	0.0	0.0	134.0	3.0	0.0	0.0	0.0	0.0	0.0	1.0	0.0	0.0	0.0	0.0	0.0	0.0	0.0	549.0	2.0	5.0	0.0	0.0	0.0	0.0	0.0	0.0	0.0	0.0	540.0	0.0	0.0	26.0
mtrE_WP_004031278.1_m01	0.0	0.0	0.0	0.0	0.0	9.0	0.0	0.0	0.0	0.0	0.0	19.0	3.0	0.0	0.0	0.0	0.0	0.0	50.0	0.0	0.0	0.0	0.0	0.0	0.0	5.0	7.0	1.0	0.0	26.0	0.0	9.0	3.0	7.0	0.0	0.0	0.0	7.0	0.0	0.0	6.0	0.0	0.0	0.0	0.0	0.0	0.0	3.0	0.0	0.0	0.0	0.0	0.0	2.0	10.0	0.0	5.0	0.0	1.0	0.0	0.0	0.0	0.0	0.0
mtrE_meto_CIT02_09485_m01	0.0	1.0	0.0	0.0	1.0	6.0	0.0	0.0	0.0	0.0	0.0	14.0	7.0	0.0	0.0	0.0	0.0	0.0	19.0	0.0	0.0	0.0	0.0	0.0	6.0	7.0	3.0	0.0	0.0	9.0	0.0	2.0	8.0	2.0	0.0	0.0	0.0	4.0	0.0	0.0	14.0	0.0	0.0	0.0	0.0	0.0	0.0	3.0	0.0	0.0	0.0	0.0	0.0	11.0	0.0	0.0	4.0	0.0	6.0	0.0	0.0	0.0	0.0	0.0
mtrE_330507206_m02	205.0	0.0	0.0	0.0	0.0	179.0	2.0	0.0	0.0	408.0	0.0	308.0	173.0	0.0	0.0	0.0	3.0	0.0	173.0	0.0	298.0	0.0	0.0	0.0	179.0	244.0	200.0	322.0	0.0	212.0	0.0	20.0	33.0	292.0	0.0	0.0	0.0	12.0	286.0	0.0	35.0	0.0	0.0	473.0	0.0	0.0	890.0	400.0	0.0	0.0	0.0	0.0	414.0	42.0	239.0	345.0	16.0	2.0	56.0	0.0	0.0	0.0	0.0	0.0
mtrE_WP_004031278.1_m02	0.0	13.0	0.0	0.0	32.0	2.0	0.0	0.0	0.0	0.0	20.0	3.0	1.0	0.0	0.0	0.0	25.0	2.0	16.0	9.0	0.0	0.0	2.0	0.0	4.0	2.0	1.0	0.0	0.0	8.0	2.0	1.0	4.0	0.0	20.0	0.0	0.0	4.0	0.0	0.0	2.0	3.0	0.0	0.0	0.0	0.0	0.0	0.0	0.0	22.0	0.0	0.0	0.0	4.0	0.0	0.0	4.0	0.0	0.0	0.0	16.0	0.0	0.0	18.0
mtrE_330507206_m03	0.0	6.0	0.0	14.0	6.0	0.0	0.0	16.0	423.0	0.0	9.0	0.0	0.0	11.0	110.0	1619.0	5.0	17.0	1.0	0.0	0.0	19.0	690.0	0.0	0.0	0.0	0.0	9.0	30.0	0.0	777.0	0.0	0.0	0.0	2.0	0.0	49.0	0.0	0.0	678.0	49.0	1457.0	0.0	0.0	10.0	0.0	0.0	0.0	0.0	13.0	1.0	0.0	0.0	0.0	0.0	0.0	0.0	643.0	0.0	233.0	1.0	7.0	1311.0	3.0
mtrE_msub_BK009_07400_m02	0.0	0.0	0.0	0.0	0.0	24.0	0.0	0.0	0.0	0.0	0.0	1.0	0.0	2.0	0.0	0.0	0.0	0.0	66.0	0.0	0.0	0.0	0.0	0.0	6.0	8.0	1.0	0.0	0.0	20.0	0.0	12.0	8.0	5.0	0.0	0.0	0.0	4.0	0.0	0.0	11.0	0.0	0.0	0.0	0.0	0.0	0.0	0.0	4.0	0.0	0.0	0.0	0.0	7.0	19.0	0.0	12.0	0.0	7.0	0.0	0.0	0.0	0.0	0.0
mtrE_A0A1V4YG16_m02	0.0	0.0	0.0	0.0	0.0	6.0	0.0	0.0	0.0	0.0	0.0	8.0	10.0	0.0	0.0	0.0	0.0	0.0	42.0	0.0	0.0	0.0	0.0	0.0	3.0	9.0	9.0	0.0	0.0	29.0	0.0	20.0	11.0	2.0	0.0	0.0	0.0	8.0	0.0	0.0	13.0	0.0	0.0	0.0	0.0	0.0	0.0	4.0	0.0	0.0	0.0	0.0	0.0	8.0	8.0	0.0	8.0	0.0	12.0	0.0	0.0	0.0	0.0	0.0
mtrE_21227649_m02	0.0	0.0	0.0	0.0	0.0	9.0	0.0	0.0	0.0	0.0	0.0	1.0	6.0	0.0	0.0	0.0	0.0	0.0	91.0	0.0	0.0	0.0	0.0	0.0	0.0	12.0	2.0	0.0	0.0	14.0	0.0	0.0	0.0	19.0	0.0	0.0	0.0	4.0	0.0	0.0	0.0	0.0	0.0	0.0	0.0	0.0	0.0	4.0	0.0	0.0	0.0	0.0	0.0	0.0	50.0	0.0	0.0	0.0	4.0	0.0	0.0	0.0	0.0	0.0
mtrE_WP_004031278.1_m03	0.0	236.0	0.0	0.0	372.0	5.0	1.0	8.0	3.0	3.0	233.0	0.0	0.0	5.0	1.0	13.0	215.0	2.0	9.0	105.0	0.0	0.0	4.0	0.0	0.0	1.0	0.0	0.0	0.0	6.0	18.0	5.0	2.0	0.0	234.0	0.0	0.0	1.0	0.0	0.0	0.0	27.0	0.0	0.0	5.0	0.0	1.0	1.0	0.0	157.0	0.0	0.0	0.0	0.0	1.0	0.0	1.0	6.0	0.0	0.0	143.0	0.0	7.0	155.0
mtrE_meto_CIT02_09485_m02	0.0	0.0	0.0	1.0	0.0	28.0	0.0	0.0	0.0	0.0	0.0	50.0	9.0	0.0	0.0	0.0	0.0	0.0	179.0	0.0	0.0	0.0	2.0	0.0	31.0	52.0	38.0	0.0	0.0	72.0	0.0	61.0	58.0	11.0	0.0	0.0	0.0	53.0	0.0	0.0	71.0	0.0	0.0	0.0	0.0	0.0	0.0	9.0	2.0	0.0	0.0	0.0	0.0	43.0	41.0	0.0	44.0	0.0	25.0	0.0	0.0	0.0	0.0	1.0
mtrE_WP_095645713.1_m01	0.0	0.0	7.0	0.0	0.0	0.0	19.0	1.0	0.0	0.0	0.0	0.0	0.0	0.0	0.0	0.0	1.0	0.0	27.0	0.0	0.0	0.0	0.0	0.0	2.0	0.0	0.0	0.0	0.0	3.0	0.0	9.0	46.0	0.0	0.0	27.0	0.0	18.0	0.0	0.0	63.0	0.0	6.0	0.0	1.0	5.0	0.0	0.0	13.0	0.0	11.0	18.0	0.0	27.0	0.0	0.0	15.0	0.0	12.0	0.0	0.0	0.0	0.0	0.0
mtrE_WP_004037740.1_m01	0.0	0.0	0.0	0.0	0.0	323.0	0.0	0.0	0.0	0.0	0.0	8.0	49.0	0.0	0.0	0.0	1.0	0.0	146.0	0.0	0.0	0.0	0.0	0.0	7.0	804.0	16.0	0.0	0.0	175.0	0.0	10.0	2.0	444.0	0.0	0.0	0.0	8.0	0.0	0.0	0.0	0.0	0.0	0.0	0.0	0.0	0.0	17.0	0.0	0.0	0.0	0.0	0.0	1.0	218.0	0.0	2.0	0.0	10.0	0.0	0.0	0.0	0.0	0.0
mtrE_msub_BK009_07400_m03	0.0	0.0	0.0	0.0	0.0	16.0	0.0	0.0	0.0	0.0	0.0	23.0	16.0	0.0	2.0	0.0	0.0	0.0	71.0	0.0	0.0	0.0	2.0	0.0	5.0	14.0	7.0	0.0	1.0	44.0	4.0	72.0	10.0	5.0	0.0	0.0	0.0	20.0	0.0	0.0	12.0	0.0	0.0	0.0	0.0	0.0	0.0	12.0	0.0	0.0	0.0	0.0	0.0	9.0	14.0	0.0	47.0	0.0	19.0	0.0	0.0	0.0	0.0	0.0
mtrE_330507206_m04	41.0	0.0	0.0	0.0	0.0	17.0	0.0	0.0	0.0	113.0	0.0	10.0	8.0	0.0	0.0	0.0	0.0	0.0	12.0	0.0	29.0	0.0	0.0	0.0	6.0	17.0	4.0	78.0	0.0	22.0	0.0	0.0	2.0	23.0	3.0	0.0	0.0	0.0	64.0	0.0	4.0	0.0	0.0	144.0	0.0	0.0	106.0	30.0	0.0	0.0	0.0	0.0	102.0	1.0	13.0	99.0	1.0	0.0	4.0	0.0	0.0	0.0	0.0	0.0
mtrE_A0A1V4YG16_m05	1.0	0.0	1.0	0.0	1.0	7.0	1.0	1.0	12.0	0.0	0.0	0.0	0.0	0.0	0.0	7.0	0.0	2.0	34.0	0.0	0.0	2.0	16.0	1.0	1.0	6.0	0.0	0.0	1.0	52.0	18.0	10.0	1.0	4.0	0.0	3.0	0.0	11.0	0.0	8.0	3.0	20.0	0.0	0.0	2.0	0.0	0.0	1.0	0.0	2.0	0.0	2.0	0.0	0.0	9.0	0.0	10.0	4.0	11.0	7.0	1.0	1.0	12.0	1.0
mtrE_WP_004037740.1_m02	0.0	0.0	0.0	0.0	0.0	414.0	0.0	0.0	0.0	0.0	0.0	0.0	56.0	0.0	0.0	0.0	3.0	0.0	114.0	0.0	0.0	0.0	0.0	0.0	2.0	681.0	11.0	0.0	0.0	44.0	0.0	15.0	0.0	469.0	0.0	0.0	0.0	14.0	0.0	0.0	0.0	0.0	0.0	0.0	0.0	0.0	0.0	18.0	0.0	0.0	0.0	0.0	0.0	0.0	106.0	0.0	14.0	0.0	13.0	0.0	0.0	0.0	0.0	0.0
mtrE_A0A3N5MSL5_m01	0.0	0.0	0.0	0.0	0.0	13.0	0.0	0.0	0.0	0.0	0.0	2.0	4.0	0.0	0.0	0.0	0.0	0.0	13.0	0.0	0.0	0.0	0.0	0.0	0.0	68.0	0.0	0.0	0.0	15.0	0.0	2.0	0.0	35.0	0.0	0.0	0.0	0.0	0.0	0.0	0.0	0.0	0.0	0.0	0.0	0.0	0.0	1.0	0.0	0.0	0.0	0.0	0.0	0.0	15.0	0.0	2.0	0.0	0.0	0.0	0.0	0.0	0.0	0.0
mtrE_msub_BK009_07400_m04	1.0	0.0	0.0	1.0	0.0	172.0	0.0	0.0	0.0	0.0	0.0	412.0	102.0	2.0	0.0	0.0	0.0	0.0	1442.0	0.0	0.0	0.0	0.0	0.0	195.0	249.0	258.0	0.0	2.0	656.0	0.0	406.0	447.0	44.0	0.0	5.0	0.0	355.0	0.0	0.0	472.0	2.0	0.0	0.0	0.0	0.0	0.0	109.0	0.0	0.0	0.0	0.0	0.0	387.0	283.0	0.0	335.0	0.0	222.0	0.0	0.0	1.0	0.0	0.0
mtrE_A0A1V4YG16_m06	0.0	0.0	0.0	0.0	0.0	4.0	0.0	0.0	0.0	0.0	0.0	1.0	2.0	0.0	0.0	0.0	0.0	0.0	43.0	0.0	0.0	0.0	0.0	0.0	4.0	6.0	1.0	0.0	0.0	23.0	0.0	10.0	1.0	3.0	0.0	0.0	0.0	6.0	0.0	1.0	0.0	0.0	0.0	0.0	0.0	0.0	1.0	0.0	0.0	0.0	0.0	0.0	0.0	2.0	9.0	0.0	4.0	0.0	5.0	0.0	0.0	0.0	0.0	0.0
mtrE_msub_BK009_07400_m05	0.0	0.0	0.0	0.0	0.0	2.0	0.0	0.0	0.0	0.0	0.0	0.0	0.0	0.0	0.0	0.0	0.0	0.0	29.0	0.0	0.0	0.0	0.0	0.0	0.0	3.0	2.0	0.0	0.0	9.0	0.0	2.0	4.0	0.0	0.0	0.0	0.0	4.0	0.0	0.0	3.0	0.0	0.0	0.0	0.0	0.0	0.0	0.0	0.0	0.0	0.0	0.0	0.0	1.0	5.0	0.0	7.0	0.0	3.0	0.0	0.0	0.0	0.0	0.0
mtrE_330507206_m06	0.0	0.0	0.0	0.0	0.0	32.0	0.0	0.0	0.0	0.0	0.0	161.0	83.0	0.0	0.0	0.0	1.0	0.0	25.0	0.0	0.0	0.0	0.0	0.0	98.0	25.0	92.0	0.0	0.0	13.0	0.0	4.0	23.0	44.0	0.0	0.0	0.0	0.0	0.0	0.0	19.0	0.0	0.0	1.0	0.0	0.0	0.0	59.0	0.0	0.0	0.0	0.0	1.0	34.0	31.0	1.0	0.0	0.0	10.0	0.0	0.0	0.0	0.0	0.0
mtrE_WP_004031278.1_m05	0.0	221.0	0.0	1.0	388.0	0.0	0.0	9.0	3.0	2.0	238.0	0.0	0.0	2.0	2.0	4.0	218.0	0.0	0.0	120.0	0.0	0.0	2.0	0.0	0.0	0.0	0.0	0.0	0.0	0.0	14.0	5.0	0.0	0.0	224.0	0.0	0.0	0.0	0.0	0.0	2.0	36.0	0.0	2.0	3.0	1.0	0.0	0.0	0.0	188.0	0.0	0.0	0.0	0.0	0.0	0.0	3.0	3.0	0.0	2.0	157.0	0.0	7.0	170.0
mtrE_WP_074370630.1_m03	0.0	12.0	0.0	0.0	40.0	10.0	0.0	1.0	0.0	0.0	30.0	0.0	4.0	0.0	0.0	0.0	24.0	1.0	10.0	61.0	0.0	0.0	0.0	0.0	0.0	34.0	0.0	0.0	0.0	0.0	1.0	3.0	0.0	21.0	26.0	1.0	0.0	2.0	0.0	3.0	0.0	0.0	0.0	0.0	0.0	2.0	0.0	1.0	1.0	6.0	1.0	4.0	0.0	1.0	9.0	0.0	0.0	0.0	0.0	1.0	15.0	0.0	0.0	28.0
mtrE_A0A3N5MSL5_m02	0.0	0.0	0.0	0.0	0.0	140.0	0.0	0.0	0.0	0.0	0.0	2.0	14.0	0.0	0.0	0.0	1.0	1.0	24.0	0.0	0.0	0.0	0.0	0.0	0.0	216.0	0.0	0.0	0.0	9.0	0.0	5.0	3.0	118.0	0.0	0.0	0.0	3.0	0.0	0.0	1.0	0.0	0.0	0.0	0.0	0.0	0.0	4.0	0.0	0.0	0.0	0.0	0.0	1.0	31.0	0.0	6.0	0.0	2.0	0.0	0.0	0.0	0.0	0.0
mtrE_msub_BK009_07400_m06	0.0	0.0	0.0	0.0	0.0	29.0	0.0	0.0	0.0	0.0	0.0	42.0	66.0	0.0	0.0	0.0	0.0	0.0	159.0	0.0	0.0	0.0	0.0	0.0	22.0	24.0	24.0	0.0	0.0	73.0	0.0	22.0	42.0	12.0	0.0	0.0	0.0	26.0	0.0	0.0	23.0	0.0	0.0	0.0	0.0	0.0	0.0	9.0	0.0	0.0	0.0	0.0	1.0	40.0	31.0	0.0	36.0	1.0	21.0	0.0	0.0	0.0	0.0	0.0
mtrE_WP_095645713.1_m03	0.0	0.0	7.0	0.0	0.0	0.0	11.0	0.0	0.0	0.0	0.0	0.0	0.0	0.0	0.0	0.0	0.0	0.0	25.0	0.0	0.0	0.0	0.0	1.0	6.0	0.0	0.0	0.0	0.0	1.0	0.0	0.0	26.0	0.0	0.0	26.0	0.0	14.0	0.0	0.0	63.0	0.0	9.0	0.0	2.0	8.0	0.0	0.0	7.0	0.0	4.0	26.0	0.0	21.0	1.0	0.0	5.0	0.0	10.0	0.0	0.0	0.0	0.0	0.0
mtrE_WP_004037740.1_m04	0.0	0.0	0.0	0.0	0.0	62.0	0.0	0.0	0.0	0.0	0.0	0.0	1.0	0.0	0.0	0.0	1.0	0.0	28.0	0.0	0.0	1.0	0.0	0.0	0.0	54.0	0.0	0.0	0.0	6.0	0.0	5.0	0.0	101.0	0.0	0.0	0.0	7.0	0.0	0.0	0.0	0.0	0.0	0.0	1.0	0.0	0.0	0.0	0.0	0.0	0.0	0.0	0.0	0.0	23.0	0.0	3.0	0.0	6.0	0.0	0.0	0.0	0.0	0.0
mtrE_A0A3N5MSL5_m03	0.0	0.0	0.0	0.0	0.0	17.0	0.0	0.0	0.0	0.0	0.0	0.0	4.0	0.0	0.0	0.0	1.0	0.0	12.0	0.0	0.0	0.0	0.0	0.0	3.0	27.0	0.0	0.0	0.0	12.0	0.0	6.0	0.0	27.0	0.0	0.0	0.0	0.0	0.0	0.0	0.0	0.0	0.0	0.0	0.0	0.0	0.0	0.0	1.0	0.0	0.0	0.0	0.0	0.0	11.0	1.0	0.0	0.0	3.0	0.0	0.0	0.0	0.0	0.0
mtrE_330507206_m10	0.0	0.0	0.0	0.0	0.0	82.0	0.0	0.0	0.0	0.0	2.0	10.0	6.0	0.0	0.0	0.0	0.0	0.0	3.0	0.0	0.0	0.0	0.0	0.0	0.0	25.0	0.0	0.0	0.0	53.0	0.0	0.0	0.0	114.0	0.0	0.0	0.0	0.0	0.0	0.0	0.0	0.0	0.0	0.0	0.0	0.0	0.0	5.0	0.0	0.0	0.0	0.0	0.0	0.0	3.0	0.0	0.0	0.0	0.0	0.0	0.0	0.0	0.0	0.0
mtrE_A0A1V4US63_m01	0.0	0.0	0.0	0.0	0.0	28.0	0.0	0.0	0.0	0.0	0.0	1.0	3.0	0.0	0.0	0.0	0.0	0.0	0.0	0.0	0.0	0.0	0.0	0.0	0.0	13.0	2.0	0.0	0.0	11.0	0.0	0.0	0.0	35.0	0.0	0.0	0.0	0.0	0.0	0.0	0.0	0.0	0.0	0.0	0.0	0.0	0.0	2.0	0.0	0.0	0.0	0.0	0.0	0.0	10.0	0.0	0.0	0.0	2.0	0.0	0.0	0.0	0.0	0.0
mtrE_WP_004037740.1_m05	0.0	0.0	0.0	0.0	0.0	35.0	0.0	0.0	0.0	0.0	0.0	0.0	1.0	0.0	0.0	0.0	1.0	0.0	83.0	0.0	0.0	0.0	0.0	0.0	2.0	128.0	0.0	0.0	0.0	30.0	0.0	16.0	0.0	65.0	0.0	0.0	0.0	7.0	0.0	0.0	0.0	0.0	0.0	0.0	0.0	0.0	0.0	2.0	0.0	0.0	0.0	0.0	0.0	0.0	45.0	0.0	22.0	0.0	22.0	0.0	0.0	0.0	0.0	0.0
mtrE_330507206_m12	0.0	0.0	0.0	0.0	0.0	35.0	0.0	0.0	0.0	0.0	0.0	1.0	1.0	0.0	0.0	0.0	0.0	0.0	3.0	0.0	0.0	0.0	0.0	0.0	0.0	33.0	0.0	0.0	0.0	42.0	0.0	0.0	0.0	59.0	0.0	0.0	0.0	0.0	0.0	0.0	0.0	0.0	0.0	0.0	0.0	0.0	0.0	1.0	0.0	0.0	0.0	0.0	0.0	0.0	7.0	1.0	0.0	0.0	1.0	0.0	0.0	0.0	1.0	0.0
mtrE_330507206_m13	0.0	0.0	0.0	0.0	0.0	35.0	0.0	0.0	0.0	0.0	1.0	8.0	6.0	0.0	0.0	1.0	0.0	0.0	4.0	0.0	0.0	0.0	0.0	0.0	4.0	17.0	6.0	0.0	0.0	21.0	0.0	0.0	0.0	65.0	0.0	0.0	0.0	0.0	0.0	1.0	0.0	0.0	0.0	0.0	0.0	0.0	0.0	6.0	0.0	0.0	0.0	0.0	0.0	2.0	7.0	0.0	2.0	0.0	0.0	0.0	0.0	0.0	0.0	0.0
mtrE_WP_095645713.1_m04	0.0	0.0	4.0	0.0	0.0	0.0	6.0	0.0	0.0	0.0	0.0	0.0	0.0	1.0	0.0	0.0	0.0	1.0	14.0	0.0	0.0	0.0	0.0	1.0	1.0	0.0	0.0	0.0	0.0	1.0	0.0	1.0	22.0	0.0	0.0	16.0	0.0	12.0	0.0	0.0	22.0	0.0	3.0	0.0	0.0	3.0	0.0	0.0	4.0	0.0	5.0	8.0	0.0	19.0	0.0	0.0	3.0	0.0	4.0	0.0	0.0	0.0	0.0	0.0
mtrE_WP_004037740.1_m06	0.0	0.0	0.0	0.0	0.0	60.0	0.0	0.0	0.0	0.0	0.0	0.0	7.0	0.0	0.0	0.0	0.0	0.0	44.0	0.0	0.0	0.0	0.0	0.0	2.0	155.0	0.0	0.0	0.0	11.0	0.0	3.0	0.0	65.0	0.0	0.0	0.0	6.0	0.0	0.0	0.0	0.0	0.0	0.0	0.0	0.0	0.0	6.0	0.0	0.0	0.0	0.0	0.0	0.0	15.0	0.0	9.0	0.0	6.0	0.0	0.0	0.0	0.0	0.0
mtrE_WP_095645713.1_m05	0.0	0.0	5.0	0.0	0.0	0.0	15.0	0.0	0.0	0.0	0.0	0.0	0.0	0.0	0.0	0.0	0.0	0.0	45.0	0.0	0.0	0.0	0.0	2.0	5.0	0.0	0.0	0.0	0.0	0.0	0.0	5.0	49.0	1.0	0.0	26.0	0.0	19.0	0.0	0.0	65.0	0.0	1.0	0.0	1.0	22.0	0.0	0.0	13.0	0.0	13.0	17.0	0.0	29.0	0.0	0.0	9.0	0.0	13.0	0.0	0.0	0.0	0.0	0.0
mtrE_WP_004031278.1_m06	0.0	209.0	0.0	0.0	386.0	0.0	0.0	2.0	4.0	1.0	237.0	5.0	1.0	3.0	4.0	3.0	186.0	0.0	2.0	119.0	0.0	0.0	6.0	0.0	2.0	2.0	0.0	0.0	0.0	0.0	11.0	4.0	3.0	0.0	205.0	0.0	0.0	0.0	0.0	6.0	3.0	21.0	0.0	0.0	10.0	0.0	0.0	0.0	0.0	150.0	0.0	0.0	2.0	5.0	0.0	2.0	1.0	0.0	0.0	2.0	158.0	0.0	10.0	135.0
mtrE_WP_095645713.1_m08	0.0	0.0	4.0	0.0	0.0	4.0	8.0	1.0	0.0	0.0	0.0	0.0	0.0	0.0	0.0	0.0	0.0	1.0	25.0	0.0	0.0	0.0	0.0	1.0	5.0	2.0	0.0	0.0	0.0	7.0	0.0	0.0	22.0	1.0	0.0	10.0	1.0	7.0	0.0	0.0	36.0	0.0	4.0	0.0	1.0	3.0	0.0	0.0	3.0	0.0	5.0	14.0	0.0	7.0	4.0	0.0	6.0	0.0	10.0	0.0	0.0	0.0	0.0	0.0
mtrE_WP_095645713.1_m09	0.0	0.0	7.0	1.0	0.0	0.0	39.0	1.0	0.0	0.0	0.0	0.0	0.0	2.0	0.0	0.0	1.0	0.0	34.0	0.0	0.0	0.0	0.0	2.0	4.0	2.0	0.0	0.0	0.0	0.0	0.0	3.0	36.0	1.0	0.0	18.0	0.0	16.0	0.0	0.0	75.0	0.0	5.0	0.0	0.0	7.0	0.0	0.0	14.0	0.0	14.0	17.0	0.0	16.0	2.0	0.0	4.0	0.0	10.0	0.0	0.0	0.0	0.0	0.0
