	ZB_1	ZB_2	ZB_3	ZB_4	ZB_5	ZB_6	ZB_7	ZB_8	ZB_9	ZB_10	ZB_11	ZB_12	ZB_13	ZB_14	ZB_15	ZB_16	ZB_17	ZB_18	ZB_19	ZB_20	ZB_21	ZB_22	ZB_23	ZB_24	ZB_25	ZB_26	ZB_27	ZB_28	ZB_29	ZB_30	ZB_31	ZB_32	ZB_33	ZB_34	ZB_35	ZB_36	ZB_37	ZB_38	ZB_39	ZB_40	ZB_41	ZB_42	ZB_43	ZB_44	ZB_45	ZB_46	ZB_47	ZB_48	ZB_49	ZB_50	ZB_51	ZB_52	ZB_53	ZB_54	ZB_55	ZB_56	ZB_57	ZB_58	ZB_59	ZB_60	ZB_61	ZB_62	ZB_63	ZB_64
mtrH_386002776	420.0	0.0	3639.0	0.0	0.0	0.0	3212.0	1.0	16.0	395.0	2.0	32.0	0.0	0.0	0.0	191.0	6.0	0.0	0.0	3.0	135.0	0.0	8.0	584.0	93.0	0.0	7.0	450.0	0.0	0.0	28.0	0.0	37.0	0.0	0.0	3144.0	0.0	0.0	191.0	9.0	59.0	194.0	320.0	146.0	0.0	581.0	79.0	30.0	1629.0	0.0	1726.0	3362.0	243.0	33.0	0.0	284.0	0.0	62.0	1.0	6.0	0.0	0.0	29.0	0.0
mtrH_330507199	478.0	0.0	0.0	0.0	0.0	291.0	0.0	0.0	0.0	998.0	6.0	480.0	247.0	0.0	0.0	0.0	4.0	0.0	291.0	0.0	610.0	0.0	0.0	0.0	260.0	397.0	241.0	812.0	0.0	282.0	0.0	31.0	60.0	409.0	0.0	0.0	0.0	26.0	526.0	0.0	70.0	6.0	0.0	1248.0	0.0	0.0	2013.0	762.0	0.0	0.0	0.0	0.0	967.0	81.0	327.0	824.0	26.0	1.0	122.0	0.0	0.0	0.0	2.0	0.0
mtrH_397780912	5.0	1119.0	23.0	11.0	2354.0	0.0	14.0	4.0	27.0	4.0	1860.0	2.0	3.0	4.0	1.0	41.0	1731.0	0.0	1.0	2070.0	0.0	2.0	22.0	4.0	4.0	0.0	0.0	5.0	4.0	1.0	16.0	7.0	9.0	0.0	1616.0	35.0	2.0	0.0	3.0	25.0	15.0	30.0	11.0	0.0	3.0	3.0	0.0	0.0	14.0	897.0	6.0	20.0	5.0	2.0	0.0	2.0	8.0	18.0	0.0	20.0	449.0	4.0	25.0	1039.0
mtrH_A0A1V4TKT5	0.0	1635.0	2.0	8.0	2890.0	0.0	9.0	25.0	29.0	32.0	2173.0	2.0	0.0	60.0	18.0	62.0	1609.0	3.0	0.0	951.0	7.0	0.0	37.0	1.0	0.0	4.0	0.0	0.0	2.0	7.0	134.0	8.0	0.0	0.0	1652.0	2.0	4.0	1.0	0.0	15.0	14.0	169.0	1.0	30.0	51.0	4.0	0.0	0.0	0.0	1451.0	0.0	0.0	4.0	2.0	2.0	3.0	7.0	45.0	0.0	14.0	1182.0	2.0	106.0	1133.0
mtrH_A0A1V4YF83	0.0	0.0	0.0	0.0	0.0	13.0	9.0	4.0	20.0	3.0	9.0	37.0	10.0	4.0	0.0	23.0	0.0	4.0	113.0	4.0	3.0	0.0	81.0	0.0	18.0	12.0	15.0	0.0	0.0	47.0	30.0	59.0	26.0	4.0	4.0	1.0	0.0	22.0	0.0	59.0	62.0	39.0	0.0	4.0	4.0	0.0	0.0	15.0	0.0	0.0	0.0	1.0	0.0	24.0	28.0	0.0	41.0	15.0	22.0	17.0	0.0	2.0	32.0	1.0
mtrH_1220534.B655_1102	1.0	210.0	1.0	0.0	408.0	0.0	0.0	7.0	2.0	2.0	321.0	0.0	0.0	3.0	2.0	13.0	256.0	2.0	1.0	168.0	0.0	0.0	3.0	0.0	0.0	0.0	0.0	1.0	0.0	3.0	18.0	5.0	1.0	0.0	238.0	0.0	0.0	0.0	0.0	1.0	0.0	26.0	1.0	2.0	11.0	0.0	0.0	0.0	0.0	251.0	1.0	0.0	0.0	0.0	0.0	0.0	0.0	11.0	0.0	0.0	174.0	0.0	20.0	196.0
mtrH_metn_BK008_03020	0.0	88.0	1.0	1.0	139.0	8.0	0.0	3.0	0.0	2.0	106.0	1.0	0.0	2.0	1.0	2.0	100.0	1.0	3.0	49.0	0.0	0.0	2.0	0.0	0.0	0.0	0.0	1.0	0.0	0.0	9.0	1.0	0.0	0.0	85.0	0.0	0.0	0.0	0.0	4.0	1.0	13.0	0.0	0.0	2.0	0.0	0.0	0.0	0.0	108.0	0.0	0.0	0.0	0.0	0.0	0.0	2.0	1.0	0.0	0.0	75.0	0.0	0.0	72.0
mtrH_126178555	0.0	43.0	0.0	0.0	57.0	0.0	0.0	0.0	0.0	0.0	830.0	1.0	0.0	0.0	0.0	0.0	36.0	0.0	0.0	42.0	0.0	0.0	0.0	0.0	0.0	0.0	0.0	0.0	0.0	0.0	0.0	0.0	0.0	0.0	134.0	9.0	0.0	0.0	0.0	0.0	0.0	0.0	0.0	0.0	0.0	0.0	0.0	0.0	1.0	597.0	2.0	2.0	0.0	0.0	0.0	0.0	0.0	0.0	0.0	0.0	655.0	0.0	5.0	29.0
mtrH_509155591	0.0	167.0	0.0	0.0	183.0	0.0	0.0	0.0	0.0	0.0	208.0	0.0	0.0	78.0	43.0	0.0	97.0	0.0	0.0	97.0	0.0	0.0	0.0	0.0	0.0	0.0	0.0	0.0	0.0	0.0	0.0	0.0	1.0	0.0	161.0	0.0	0.0	0.0	0.0	0.0	0.0	0.0	0.0	0.0	300.0	0.0	0.0	0.0	0.0	73.0	0.0	0.0	0.0	0.0	0.0	0.0	0.0	0.0	0.0	0.0	36.0	0.0	0.0	90.0
mtrH_WP_004031291.1	0.0	0.0	0.0	0.0	0.0	15.0	0.0	0.0	0.0	0.0	0.0	14.0	2.0	0.0	0.0	0.0	0.0	0.0	46.0	0.0	0.0	0.0	0.0	0.0	1.0	9.0	4.0	0.0	2.0	20.0	0.0	4.0	5.0	0.0	1.0	0.0	0.0	3.0	0.0	0.0	7.0	0.0	0.0	0.0	0.0	0.0	0.0	4.0	0.0	0.0	0.0	0.0	0.0	3.0	13.0	0.0	11.0	0.0	0.0	0.0	0.0	0.0	0.0	0.0
mtrH_mfi_DSM1535_0897	0.0	0.0	0.0	0.0	0.0	2.0	0.0	0.0	0.0	0.0	0.0	16.0	5.0	0.0	0.0	0.0	0.0	0.0	37.0	0.0	0.0	0.0	0.0	0.0	17.0	0.0	15.0	0.0	0.0	24.0	0.0	9.0	41.0	0.0	0.0	0.0	0.0	2.0	0.0	0.0	33.0	0.0	0.0	0.0	0.0	0.0	0.0	24.0	0.0	0.0	0.0	0.0	0.0	22.0	8.0	0.0	10.0	0.0	5.0	0.0	0.0	0.0	0.0	0.0
mtrH_A0A1V6JZV0	0.0	0.0	1.0	4.0	0.0	132.0	0.0	3.0	0.0	0.0	0.0	3.0	17.0	4.0	1.0	0.0	0.0	5.0	87.0	0.0	0.0	1.0	0.0	2.0	8.0	323.0	15.0	0.0	0.0	59.0	1.0	7.0	0.0	193.0	1.0	0.0	2.0	2.0	0.0	0.0	0.0	0.0	2.0	1.0	8.0	3.0	0.0	10.0	1.0	0.0	0.0	0.0	0.0	0.0	97.0	0.0	2.0	0.0	0.0	0.0	0.0	1.0	0.0	0.0
mtrH_A0A1V4YJ17	0.0	0.0	0.0	2.0	0.0	10.0	0.0	0.0	0.0	0.0	0.0	2.0	5.0	0.0	1.0	0.0	1.0	0.0	5.0	0.0	7.0	1.0	0.0	0.0	7.0	2.0	3.0	4.0	0.0	10.0	0.0	2.0	7.0	0.0	0.0	0.0	0.0	0.0	0.0	0.0	18.0	0.0	0.0	7.0	0.0	0.0	2.0	0.0	0.0	0.0	0.0	0.0	4.0	1.0	4.0	2.0	3.0	0.0	0.0	0.0	0.0	0.0	0.0	0.0
mtrH_A0A1V5IHV0	0.0	0.0	0.0	0.0	0.0	5.0	0.0	0.0	0.0	0.0	0.0	9.0	0.0	0.0	0.0	0.0	0.0	0.0	0.0	0.0	0.0	0.0	0.0	0.0	0.0	0.0	0.0	0.0	0.0	2.0	0.0	0.0	0.0	2.0	0.0	0.0	0.0	0.0	0.0	0.0	0.0	0.0	0.0	0.0	0.0	0.0	0.0	16.0	0.0	0.0	0.0	0.0	0.0	4.0	0.0	0.0	0.0	4.0	0.0	0.0	0.0	0.0	0.0	0.0
mtrH_A0A1V5B9S9	1.0	0.0	0.0	0.0	0.0	141.0	0.0	0.0	3.0	0.0	2.0	3.0	8.0	0.0	0.0	9.0	0.0	1.0	20.0	0.0	0.0	0.0	4.0	0.0	1.0	67.0	1.0	0.0	1.0	91.0	2.0	3.0	0.0	131.0	0.0	0.0	0.0	2.0	0.0	1.0	2.0	10.0	0.0	0.0	0.0	0.0	0.0	2.0	0.0	0.0	0.0	0.0	0.0	0.0	44.0	0.0	0.0	4.0	4.0	1.0	0.0	0.0	10.0	0.0
mtrH_meto_CIT02_09520	0.0	0.0	0.0	0.0	0.0	17.0	0.0	0.0	0.0	0.0	0.0	0.0	1.0	1.0	0.0	0.0	0.0	0.0	30.0	0.0	0.0	0.0	0.0	0.0	1.0	13.0	0.0	1.0	0.0	21.0	0.0	2.0	0.0	5.0	0.0	0.0	0.0	12.0	0.0	0.0	0.0	0.0	0.0	0.0	0.0	0.0	0.0	0.0	0.0	0.0	0.0	0.0	0.0	1.0	7.0	0.0	3.0	0.0	2.0	0.0	0.0	0.0	0.0	0.0
mtrH_435852199	0.0	0.0	0.0	0.0	0.0	26.0	0.0	0.0	0.0	0.0	0.0	0.0	8.0	0.0	0.0	0.0	0.0	0.0	36.0	0.0	0.0	0.0	0.0	0.0	1.0	16.0	1.0	0.0	0.0	34.0	0.0	2.0	0.0	26.0	0.0	0.0	0.0	2.0	0.0	0.0	0.0	0.0	0.0	0.0	0.0	0.0	0.0	11.0	0.0	0.0	0.0	0.0	0.0	1.0	29.0	0.0	3.0	0.0	4.0	0.0	0.0	0.0	0.0	0.0
mtrH_WP_128503453.1	0.0	0.0	477.0	43.0	0.0	0.0	666.0	45.0	0.0	0.0	0.0	0.0	2.0	51.0	0.0	0.0	0.0	59.0	2374.0	0.0	0.0	11.0	0.0	141.0	431.0	2.0	0.0	0.0	4.0	38.0	0.0	146.0	2591.0	4.0	0.0	1314.0	14.0	1105.0	0.0	0.0	3769.0	0.0	200.0	0.0	28.0	387.0	0.0	0.0	583.0	0.0	410.0	763.0	0.0	1576.0	48.0	1.0	431.0	0.0	733.0	0.0	0.0	9.0	0.0	2.0
mtrH_A0A524M5T1	0.0	0.0	76.0	2.0	0.0	0.0	367.0	2.0	0.0	0.0	0.0	0.0	0.0	0.0	0.0	0.0	0.0	5.0	90.0	0.0	0.0	0.0	0.0	8.0	26.0	0.0	0.0	0.0	0.0	2.0	0.0	5.0	93.0	0.0	0.0	65.0	0.0	51.0	0.0	0.0	166.0	0.0	39.0	0.0	1.0	43.0	0.0	0.0	37.0	0.0	31.0	187.0	0.0	53.0	1.0	0.0	21.0	0.0	26.0	0.0	0.0	0.0	0.0	0.0
mtrH_mfz_AOB57_009430	0.0	0.0	176.0	0.0	0.0	2.0	1174.0	0.0	0.0	0.0	0.0	0.0	0.0	0.0	0.0	0.0	0.0	0.0	104.0	0.0	0.0	0.0	0.0	3969.0	0.0	0.0	0.0	0.0	0.0	2455.0	0.0	1527.0	2.0	4.0	0.0	169.0	0.0	1615.0	0.0	0.0	2.0	0.0	7059.0	0.0	0.0	5473.0	1.0	0.0	129.0	0.0	116.0	576.0	0.0	0.0	0.0	0.0	1284.0	0.0	307.0	0.0	0.0	0.0	0.0	0.0
mtrH_mek_MSKOL_0275	0.0	0.0	83.0	2.0	0.0	7.0	346.0	0.0	0.0	0.0	0.0	0.0	2.0	11.0	0.0	0.0	0.0	4.0	27.0	0.0	0.0	0.0	0.0	20.0	3.0	4.0	0.0	0.0	1.0	0.0	0.0	2.0	19.0	9.0	0.0	36.0	4.0	8.0	0.0	0.0	35.0	0.0	33.0	0.0	7.0	27.0	0.0	0.0	24.0	0.0	27.0	222.0	0.0	9.0	1.0	0.0	1.0	0.0	11.0	0.0	0.0	1.0	0.0	0.0
mtrH_mthe_MSTHC_1262	0.0	0.0	0.0	0.0	0.0	2.0	0.0	0.0	0.0	0.0	0.0	0.0	0.0	0.0	0.0	0.0	0.0	0.0	98.0	0.0	0.0	0.0	0.0	2.0	0.0	3.0	0.0	0.0	0.0	10.0	0.0	1.0	0.0	0.0	0.0	1.0	0.0	7.0	0.0	0.0	0.0	0.0	0.0	0.0	0.0	1.0	0.0	0.0	0.0	0.0	0.0	0.0	0.0	0.0	3.0	0.0	7.0	0.0	38.0	0.0	0.0	0.0	0.0	0.0
mtrH_A0A1E7GE68	1.0	1.0	0.0	0.0	0.0	3.0	0.0	0.0	0.0	0.0	0.0	0.0	0.0	0.0	0.0	0.0	1.0	0.0	2.0	0.0	0.0	0.0	0.0	0.0	0.0	3.0	0.0	0.0	0.0	5.0	0.0	0.0	0.0	8.0	0.0	0.0	0.0	0.0	0.0	0.0	0.0	0.0	0.0	0.0	0.0	0.0	0.0	0.0	0.0	0.0	0.0	0.0	0.0	0.0	5.0	0.0	0.0	0.0	0.0	0.0	0.0	0.0	0.0	0.0
mtrH_330507199_m01	0.0	9.0	0.0	8.0	17.0	0.0	0.0	26.0	761.0	0.0	11.0	0.0	0.0	28.0	151.0	2948.0	8.0	18.0	0.0	1.0	0.0	20.0	1367.0	0.0	0.0	0.0	0.0	21.0	35.0	0.0	1312.0	0.0	2.0	0.0	0.0	0.0	45.0	0.0	0.0	1259.0	86.0	2594.0	0.0	0.0	47.0	0.0	0.0	0.0	2.0	38.0	0.0	0.0	0.0	0.0	0.0	1.0	0.0	1219.0	0.0	540.0	4.0	7.0	2162.0	2.0
mtrH_397780912_m01	0.0	4.0	25.0	292.0	10.0	0.0	68.0	257.0	8.0	4.0	6.0	0.0	0.0	337.0	63.0	7.0	1.0	235.0	0.0	5.0	0.0	29.0	18.0	92.0	0.0	0.0	0.0	4.0	50.0	2.0	9.0	0.0	8.0	0.0	2.0	19.0	85.0	0.0	10.0	13.0	14.0	55.0	63.0	0.0	252.0	104.0	2.0	2.0	8.0	11.0	12.0	94.0	2.0	0.0	0.0	0.0	0.0	2.0	0.0	8.0	7.0	17.0	13.0	4.0
mtrH_A0A1V4YF83_m01	0.0	9.0	13.0	5.0	13.0	32.0	22.0	22.0	91.0	5.0	22.0	25.0	10.0	10.0	0.0	135.0	3.0	0.0	200.0	10.0	5.0	0.0	295.0	0.0	18.0	42.0	38.0	3.0	0.0	84.0	174.0	161.0	59.0	4.0	8.0	11.0	4.0	49.0	0.0	236.0	103.0	239.0	2.0	9.0	12.0	4.0	0.0	5.0	2.0	23.0	5.0	22.0	3.0	47.0	29.0	2.0	126.0	69.0	39.0	106.0	12.0	12.0	141.0	2.0
mtrH_1220534.B655_1102_m20	0.0	35.0	0.0	0.0	34.0	0.0	0.0	0.0	0.0	0.0	26.0	0.0	0.0	0.0	0.0	3.0	21.0	0.0	0.0	16.0	0.0	0.0	0.0	0.0	0.0	0.0	0.0	0.0	0.0	0.0	1.0	2.0	0.0	0.0	23.0	0.0	0.0	0.0	0.0	0.0	0.0	4.0	0.0	0.0	0.0	0.0	0.0	0.0	0.0	40.0	0.0	0.0	0.0	0.0	0.0	1.0	0.0	0.0	0.0	0.0	12.0	0.0	0.0	25.0
mtrH_1220534.B655_1102_m01	0.0	47.0	0.0	0.0	79.0	1.0	0.0	1.0	0.0	0.0	47.0	0.0	0.0	3.0	0.0	0.0	37.0	0.0	4.0	29.0	0.0	0.0	0.0	0.0	0.0	2.0	0.0	0.0	0.0	2.0	2.0	0.0	0.0	0.0	45.0	0.0	1.0	0.0	0.0	0.0	0.0	7.0	0.0	1.0	2.0	0.0	0.0	0.0	0.0	38.0	0.0	0.0	0.0	0.0	1.0	0.0	4.0	2.0	0.0	0.0	25.0	0.0	5.0	38.0
mtrH_metn_BK008_03020_m01	1.0	0.0	0.0	0.0	1.0	2.0	0.0	0.0	0.0	0.0	1.0	4.0	0.0	0.0	0.0	0.0	2.0	0.0	49.0	2.0	0.0	0.0	3.0	0.0	3.0	0.0	0.0	0.0	0.0	13.0	0.0	12.0	4.0	1.0	1.0	0.0	0.0	13.0	0.0	0.0	7.0	1.0	0.0	0.0	2.0	0.0	0.0	4.0	0.0	1.0	0.0	0.0	0.0	0.0	9.0	0.0	24.0	0.0	4.0	0.0	0.0	0.0	0.0	3.0
mtrH_452210119_m01	0.0	0.0	0.0	0.0	0.0	33.0	0.0	0.0	1.0	0.0	1.0	0.0	10.0	0.0	0.0	0.0	0.0	0.0	119.0	0.0	0.0	0.0	0.0	1.0	0.0	19.0	3.0	0.0	0.0	22.0	0.0	0.0	0.0	61.0	0.0	0.0	0.0	7.0	0.0	0.0	1.0	0.0	0.0	0.0	0.0	0.0	0.0	2.0	0.0	0.0	0.0	0.0	0.0	0.0	50.0	0.0	5.0	0.0	3.0	0.0	0.0	0.0	0.0	0.0
mtrH_metn_BK008_03020_m02	0.0	0.0	0.0	0.0	0.0	7.0	0.0	0.0	0.0	0.0	0.0	2.0	2.0	0.0	0.0	0.0	0.0	0.0	40.0	0.0	0.0	0.0	0.0	0.0	5.0	0.0	2.0	0.0	0.0	12.0	0.0	7.0	8.0	2.0	0.0	0.0	0.0	0.0	0.0	0.0	1.0	0.0	0.0	0.0	0.0	0.0	0.0	2.0	0.0	0.0	0.0	1.0	0.0	0.0	5.0	0.0	13.0	0.0	8.0	0.0	0.0	0.0	0.0	0.0
mtrH_A0A1V6JZV0_m02	0.0	0.0	0.0	0.0	0.0	129.0	0.0	0.0	0.0	0.0	0.0	4.0	12.0	0.0	0.0	0.0	1.0	0.0	59.0	0.0	0.0	0.0	0.0	0.0	3.0	311.0	4.0	0.0	0.0	58.0	0.0	4.0	0.0	152.0	0.0	0.0	0.0	9.0	0.0	0.0	0.0	0.0	0.0	0.0	0.0	0.0	0.0	10.0	0.0	0.0	0.0	0.0	0.0	0.0	78.0	0.0	0.0	0.0	4.0	0.0	0.0	0.0	0.0	0.0
mtrH_397780912_m02	0.0	0.0	9.0	124.0	0.0	0.0	34.0	142.0	0.0	0.0	0.0	0.0	0.0	149.0	18.0	4.0	1.0	110.0	0.0	0.0	0.0	21.0	0.0	10.0	0.0	0.0	0.0	2.0	30.0	2.0	4.0	0.0	2.0	0.0	0.0	8.0	27.0	0.0	2.0	1.0	14.0	6.0	13.0	0.0	142.0	24.0	0.0	0.0	10.0	0.0	10.0	45.0	2.0	0.0	0.0	0.0	0.0	0.0	0.0	4.0	0.0	12.0	3.0	0.0
mtrH_A0A1V4YF83_m03	0.0	0.0	0.0	0.0	0.0	255.0	0.0	2.0	0.0	0.0	0.0	452.0	152.0	0.0	0.0	0.0	0.0	0.0	1803.0	0.0	0.0	4.0	0.0	0.0	245.0	282.0	339.0	0.0	0.0	807.0	0.0	492.0	555.0	54.0	0.0	3.0	2.0	484.0	0.0	0.0	710.0	0.0	0.0	0.0	2.0	0.0	0.0	191.0	0.0	0.0	0.0	0.0	0.0	464.0	410.0	0.0	436.0	0.0	306.0	0.0	0.0	0.0	0.0	0.0
mtrH_metn_BK008_03020_m03	0.0	12.0	0.0	0.0	30.0	21.0	0.0	0.0	0.0	0.0	14.0	34.0	38.0	1.0	0.0	1.0	21.0	0.0	75.0	9.0	0.0	0.0	1.0	0.0	23.0	17.0	20.0	0.0	0.0	58.0	1.0	15.0	20.0	16.0	11.0	2.0	0.0	12.0	0.0	0.0	27.0	3.0	0.0	0.0	0.0	0.0	0.0	17.0	0.0	13.0	0.0	0.0	0.0	17.0	23.0	0.0	12.0	0.0	12.0	0.0	12.0	0.0	0.0	18.0
mtrH_A0A1V6JZV0_m03	0.0	2.0	0.0	8.0	0.0	0.0	0.0	26.0	0.0	0.0	0.0	0.0	0.0	60.0	24.0	0.0	0.0	26.0	0.0	0.0	0.0	2.0	0.0	0.0	0.0	0.0	0.0	0.0	11.0	0.0	0.0	0.0	0.0	0.0	0.0	0.0	16.0	0.0	0.0	0.0	0.0	0.0	0.0	0.0	75.0	0.0	0.0	0.0	0.0	1.0	0.0	0.0	0.0	0.0	0.0	0.0	0.0	0.0	0.0	0.0	0.0	2.0	0.0	0.0
mtrH_A0A1V4YF83_m04	0.0	34.0	12.0	34.0	44.0	3.0	58.0	48.0	283.0	33.0	46.0	18.0	2.0	24.0	2.0	332.0	29.0	41.0	129.0	30.0	8.0	18.0	738.0	2.0	0.0	5.0	2.0	9.0	5.0	87.0	522.0	334.0	27.0	4.0	49.0	36.0	16.0	35.0	1.0	691.0	134.0	589.0	22.0	18.0	34.0	5.0	0.0	2.0	10.0	33.0	7.0	44.0	8.0	9.0	8.0	4.0	271.0	162.0	63.0	282.0	28.0	18.0	350.0	36.0
mtrH_A0A1V6JZV0_m04	1.0	0.0	3.0	0.0	0.0	0.0	5.0	0.0	0.0	0.0	0.0	3.0	2.0	0.0	0.0	0.0	1.0	0.0	2.0	0.0	0.0	0.0	2.0	2.0	14.0	1.0	3.0	0.0	0.0	0.0	0.0	1.0	26.0	1.0	0.0	1.0	0.0	0.0	0.0	0.0	8.0	4.0	3.0	0.0	0.0	2.0	0.0	4.0	4.0	0.0	2.0	6.0	0.0	7.0	2.0	0.0	0.0	0.0	1.0	0.0	0.0	0.0	2.0	0.0
mtrH_330507199_m03	0.0	0.0	0.0	0.0	0.0	94.0	0.0	0.0	0.0	0.0	0.0	6.0	2.0	0.0	0.0	0.0	2.0	0.0	12.0	0.0	0.0	0.0	0.0	0.0	2.0	50.0	0.0	0.0	0.0	81.0	0.0	3.0	0.0	110.0	0.0	0.0	0.0	0.0	0.0	0.0	0.0	0.0	0.0	0.0	0.0	0.0	1.0	0.0	0.0	0.0	0.0	0.0	1.0	2.0	24.0	0.0	0.0	0.0	1.0	0.0	0.0	2.0	0.0	0.0
mtrH_A0A1V4YF83_m05	0.0	0.0	0.0	0.0	0.0	65.0	0.0	0.0	0.0	0.0	0.0	116.0	32.0	0.0	0.0	0.0	0.0	0.0	423.0	0.0	0.0	0.0	0.0	0.0	69.0	81.0	73.0	0.0	0.0	207.0	0.0	122.0	150.0	20.0	0.0	0.0	0.0	126.0	0.0	0.0	173.0	0.0	0.0	0.0	0.0	0.0	0.0	18.0	0.0	0.0	0.0	0.0	0.0	109.0	83.0	0.0	111.0	0.0	70.0	0.0	0.0	0.0	0.0	0.0
mtrH_A0A1V4YF83_m06	0.0	0.0	0.0	0.0	0.0	11.0	0.0	1.0	1.0	0.0	0.0	18.0	4.0	0.0	0.0	0.0	0.0	0.0	83.0	0.0	0.0	0.0	0.0	0.0	5.0	12.0	2.0	0.0	0.0	51.0	0.0	36.0	11.0	7.0	0.0	0.0	0.0	37.0	0.0	0.0	20.0	0.0	0.0	0.0	0.0	0.0	0.0	7.0	0.0	0.0	0.0	0.0	0.0	14.0	15.0	0.0	20.0	0.0	20.0	0.0	0.0	0.0	0.0	0.0
mtrH_A0A1V6JZV0_m05	0.0	0.0	0.0	0.0	0.0	77.0	0.0	0.0	0.0	1.0	0.0	0.0	2.0	0.0	0.0	0.0	0.0	0.0	40.0	0.0	0.0	0.0	0.0	0.0	0.0	155.0	0.0	0.0	0.0	19.0	0.0	5.0	2.0	134.0	0.0	0.0	0.0	4.0	0.0	0.0	0.0	0.0	0.0	0.0	0.0	0.0	0.0	3.0	0.0	0.0	0.0	0.0	0.0	0.0	50.0	0.0	2.0	0.0	4.0	0.0	0.0	0.0	0.0	0.0
mtrH_1220534.B655_1102_m04	0.0	11.0	0.0	0.0	11.0	0.0	0.0	1.0	0.0	0.0	9.0	0.0	0.0	2.0	0.0	2.0	5.0	1.0	17.0	13.0	0.0	0.0	3.0	0.0	0.0	2.0	0.0	0.0	0.0	33.0	1.0	76.0	0.0	0.0	18.0	0.0	2.0	36.0	0.0	1.0	1.0	1.0	0.0	0.0	0.0	0.0	0.0	0.0	0.0	11.0	0.0	0.0	0.0	0.0	1.0	0.0	49.0	2.0	7.0	1.0	5.0	1.0	0.0	7.0
mtrH_330507199_m04	0.0	0.0	0.0	0.0	0.0	67.0	0.0	0.0	0.0	0.0	0.0	4.0	1.0	0.0	0.0	0.0	0.0	0.0	6.0	0.0	0.0	0.0	0.0	0.0	0.0	41.0	0.0	0.0	0.0	80.0	0.0	0.0	1.0	102.0	0.0	0.0	0.0	0.0	0.0	0.0	0.0	0.0	0.0	0.0	0.0	0.0	0.0	2.0	0.0	0.0	0.0	0.0	0.0	0.0	9.0	0.0	0.0	0.0	0.0	0.0	0.0	0.0	0.0	0.0
mtrH_A0A1V6JZV0_m06	0.0	1.0	6.0	27.0	0.0	52.0	7.0	47.0	3.0	0.0	0.0	0.0	8.0	29.0	12.0	0.0	2.0	31.0	7.0	0.0	0.0	2.0	0.0	2.0	0.0	56.0	0.0	0.0	11.0	3.0	0.0	1.0	0.0	32.0	0.0	1.0	5.0	0.0	0.0	2.0	2.0	0.0	11.0	0.0	12.0	6.0	0.0	7.0	4.0	0.0	6.0	8.0	0.0	0.0	21.0	0.0	0.0	0.0	2.0	1.0	0.0	2.0	0.0	0.0
mtrH_A0A1V6JZV0_m07	0.0	0.0	0.0	0.0	0.0	322.0	0.0	0.0	0.0	0.0	0.0	0.0	34.0	0.0	0.0	0.0	4.0	0.0	88.0	0.0	0.0	0.0	0.0	0.0	2.0	496.0	8.0	0.0	0.0	27.0	0.0	9.0	2.0	313.0	0.0	1.0	0.0	17.0	0.0	0.0	0.0	1.0	0.0	0.0	0.0	0.0	0.0	46.0	0.0	0.0	0.0	0.0	0.0	1.0	124.0	0.0	7.0	0.0	8.0	0.0	0.0	1.0	0.0	0.0
mtrH_1220534.B655_1102_m05	0.0	600.0	0.0	4.0	1220.0	0.0	2.0	24.0	17.0	18.0	936.0	0.0	0.0	14.0	11.0	27.0	641.0	2.0	3.0	408.0	2.0	0.0	16.0	0.0	0.0	0.0	2.0	0.0	0.0	4.0	42.0	12.0	0.0	1.0	704.0	0.0	3.0	0.0	7.0	4.0	4.0	59.0	0.0	2.0	28.0	0.0	0.0	0.0	0.0	688.0	0.0	0.0	0.0	2.0	0.0	0.0	5.0	12.0	0.0	0.0	415.0	0.0	45.0	494.0
mtrH_A0A1V6JZV0_m08	0.0	0.0	1.0	16.0	0.0	74.0	3.0	13.0	0.0	0.0	0.0	4.0	12.0	34.0	2.0	0.0	1.0	20.0	31.0	0.0	0.0	3.0	0.0	2.0	4.0	172.0	2.0	0.0	0.0	48.0	0.0	6.0	1.0	91.0	0.0	0.0	1.0	2.0	0.0	0.0	2.0	0.0	1.0	0.0	17.0	8.0	0.0	4.0	0.0	0.0	2.0	6.0	0.0	0.0	57.0	0.0	0.0	0.0	3.0	0.0	0.0	2.0	0.0	0.0
mtrH_A0A1V4YF83_m09	0.0	0.0	0.0	0.0	0.0	10.0	0.0	0.0	0.0	0.0	0.0	9.0	22.0	0.0	0.0	0.0	0.0	0.0	51.0	1.0	0.0	0.0	0.0	0.0	9.0	5.0	11.0	0.0	0.0	37.0	0.0	14.0	5.0	5.0	0.0	0.0	0.0	16.0	0.0	0.0	16.0	0.0	0.0	0.0	0.0	0.0	0.0	0.0	0.0	0.0	0.0	0.0	0.0	11.0	21.0	0.0	26.0	0.0	10.0	0.0	0.0	0.0	0.0	0.0
mtrH_A0A1V6JZV0_m09	0.0	0.0	0.0	0.0	0.0	124.0	1.0	0.0	0.0	0.0	1.0	4.0	5.0	0.0	0.0	0.0	0.0	0.0	28.0	0.0	0.0	0.0	0.0	0.0	1.0	234.0	4.0	0.0	0.0	14.0	0.0	10.0	3.0	101.0	0.0	1.0	0.0	10.0	0.0	0.0	0.0	0.0	0.0	0.0	0.0	0.0	0.0	7.0	0.0	0.0	0.0	0.0	0.0	0.0	33.0	0.0	6.0	0.0	0.0	0.0	0.0	0.0	0.0	0.0
mtrH_A0A1V4YF83_m11	1.0	0.0	0.0	0.0	0.0	32.0	0.0	0.0	0.0	0.0	0.0	2.0	0.0	0.0	0.0	0.0	0.0	0.0	88.0	0.0	0.0	0.0	0.0	0.0	0.0	20.0	0.0	0.0	0.0	66.0	0.0	14.0	0.0	21.0	0.0	0.0	0.0	13.0	0.0	0.0	4.0	0.0	0.0	0.0	0.0	0.0	0.0	0.0	0.0	0.0	0.0	0.0	0.0	2.0	20.0	0.0	21.0	0.0	12.0	0.0	0.0	0.0	0.0	0.0
mtrH_metn_BK008_03020_m04	0.0	58.0	0.0	0.0	97.0	3.0	0.0	2.0	1.0	0.0	91.0	11.0	15.0	1.0	0.0	1.0	58.0	1.0	22.0	30.0	0.0	0.0	1.0	1.0	7.0	3.0	9.0	0.0	0.0	10.0	3.0	8.0	7.0	5.0	51.0	0.0	0.0	8.0	0.0	0.0	7.0	5.0	0.0	0.0	4.0	0.0	0.0	7.0	0.0	54.0	0.0	0.0	0.0	7.0	11.0	0.0	2.0	3.0	7.0	0.0	36.0	0.0	4.0	46.0
mtrH_A0A1V6JZV0_m11	0.0	0.0	2.0	5.0	0.0	71.0	1.0	1.0	0.0	0.0	0.0	1.0	18.0	4.0	0.0	0.0	3.0	0.0	19.0	0.0	0.0	0.0	0.0	2.0	0.0	155.0	2.0	0.0	1.0	11.0	0.0	4.0	0.0	64.0	0.0	0.0	0.0	2.0	0.0	0.0	0.0	0.0	0.0	0.0	2.0	2.0	0.0	13.0	0.0	0.0	1.0	1.0	0.0	0.0	24.0	0.0	0.0	0.0	1.0	1.0	0.0	0.0	0.0	0.0
mtrH_A0A1V4YF83_m12	0.0	0.0	0.0	0.0	0.0	5.0	0.0	0.0	0.0	0.0	0.0	16.0	4.0	0.0	0.0	0.0	0.0	0.0	37.0	0.0	0.0	0.0	0.0	0.0	5.0	7.0	7.0	0.0	0.0	52.0	0.0	8.0	1.0	5.0	0.0	0.0	0.0	7.0	0.0	0.0	9.0	0.0	0.0	0.0	0.0	0.0	0.0	5.0	0.0	0.0	0.0	0.0	0.0	13.0	9.0	0.0	20.0	0.0	7.0	0.0	0.0	0.0	1.0	0.0
mtrH_A0A1V6JZV0_m12	0.0	0.0	1.0	1.0	0.0	1.0	4.0	0.0	3.0	0.0	0.0	0.0	0.0	0.0	0.0	3.0	0.0	0.0	0.0	0.0	0.0	0.0	4.0	0.0	3.0	0.0	2.0	0.0	0.0	0.0	6.0	0.0	5.0	2.0	0.0	0.0	0.0	1.0	0.0	0.0	4.0	1.0	0.0	0.0	0.0	1.0	0.0	0.0	0.0	0.0	0.0	2.0	0.0	2.0	0.0	0.0	0.0	1.0	0.0	0.0	0.0	0.0	2.0	0.0
mtrH_A0A1V6JZV0_m13	0.0	0.0	0.0	0.0	0.0	56.0	0.0	0.0	1.0	0.0	0.0	0.0	7.0	0.0	0.0	0.0	0.0	0.0	89.0	0.0	0.0	0.0	0.0	0.0	4.0	141.0	4.0	1.0	0.0	35.0	0.0	20.0	0.0	69.0	0.0	0.0	0.0	18.0	0.0	0.0	0.0	0.0	0.0	2.0	0.0	0.0	0.0	2.0	0.0	0.0	0.0	0.0	0.0	0.0	41.0	0.0	17.0	0.0	14.0	0.0	0.0	1.0	0.0	0.0
mtrH_A0A1V4YF83_m14	1.0	0.0	0.0	0.0	0.0	2.0	0.0	0.0	0.0	0.0	0.0	0.0	0.0	0.0	0.0	0.0	0.0	0.0	12.0	0.0	0.0	0.0	0.0	0.0	0.0	2.0	0.0	0.0	0.0	14.0	0.0	5.0	2.0	4.0	0.0	0.0	0.0	1.0	0.0	0.0	1.0	0.0	0.0	0.0	0.0	0.0	0.0	0.0	0.0	0.0	0.0	0.0	0.0	0.0	5.0	0.0	0.0	0.0	0.0	0.0	0.0	0.0	0.0	0.0
mtrH_A0A1V6JZV0_m14	0.0	1.0	0.0	0.0	0.0	56.0	0.0	1.0	0.0	0.0	0.0	1.0	1.0	0.0	0.0	0.0	2.0	0.0	66.0	0.0	0.0	0.0	0.0	0.0	4.0	114.0	2.0	0.0	0.0	18.0	0.0	22.0	0.0	53.0	0.0	0.0	0.0	13.0	0.0	0.0	0.0	0.0	0.0	0.0	0.0	0.0	0.0	0.0	0.0	0.0	0.0	0.0	0.0	0.0	41.0	0.0	10.0	0.0	3.0	0.0	0.0	0.0	0.0	0.0
mtrH_A0A1V6JZV0_m16	0.0	0.0	1.0	0.0	0.0	48.0	3.0	0.0	0.0	0.0	0.0	1.0	6.0	0.0	0.0	0.0	1.0	0.0	22.0	0.0	2.0	0.0	1.0	1.0	1.0	103.0	0.0	0.0	0.0	12.0	1.0	2.0	0.0	64.0	0.0	0.0	0.0	0.0	0.0	1.0	0.0	0.0	0.0	0.0	0.0	0.0	0.0	2.0	0.0	0.0	0.0	0.0	0.0	0.0	16.0	0.0	2.0	0.0	2.0	0.0	0.0	0.0	0.0	0.0
mtrH_A0A1V4YF83_m15	0.0	0.0	0.0	0.0	0.0	8.0	0.0	0.0	0.0	0.0	0.0	12.0	8.0	2.0	0.0	0.0	0.0	0.0	151.0	0.0	0.0	0.0	0.0	0.0	9.0	21.0	5.0	0.0	0.0	84.0	0.0	40.0	15.0	10.0	0.0	0.0	0.0	24.0	0.0	0.0	18.0	0.0	0.0	0.0	0.0	0.0	0.0	7.0	0.0	0.0	0.0	1.0	0.0	14.0	36.0	0.0	44.0	0.0	22.0	0.0	0.0	0.0	0.0	0.0
mtrH_metn_BK008_03020_m05	0.0	0.0	0.0	0.0	0.0	16.0	0.0	0.0	0.0	0.0	0.0	9.0	5.0	0.0	0.0	0.0	2.0	0.0	29.0	1.0	0.0	0.0	0.0	0.0	2.0	4.0	4.0	0.0	0.0	33.0	0.0	9.0	5.0	1.0	0.0	0.0	0.0	1.0	0.0	0.0	5.0	0.0	0.0	0.0	0.0	0.0	0.0	2.0	0.0	0.0	0.0	0.0	0.0	3.0	3.0	0.0	2.0	0.0	8.0	0.0	0.0	0.0	0.0	0.0
mtrH_A0A1V6JZV0_m18	1.0	1.0	0.0	0.0	0.0	51.0	0.0	0.0	0.0	0.0	0.0	0.0	0.0	0.0	0.0	0.0	2.0	0.0	26.0	0.0	0.0	0.0	0.0	0.0	0.0	58.0	0.0	0.0	0.0	16.0	0.0	1.0	0.0	33.0	0.0	0.0	0.0	3.0	0.0	0.0	0.0	0.0	0.0	0.0	0.0	0.0	0.0	0.0	0.0	0.0	0.0	0.0	0.0	0.0	10.0	0.0	0.0	0.0	3.0	0.0	0.0	0.0	0.0	0.0
mtrH_A0A1V6JZV0_m19	0.0	0.0	2.0	4.0	0.0	53.0	3.0	5.0	0.0	0.0	1.0	0.0	2.0	12.0	5.0	0.0	0.0	4.0	4.0	0.0	0.0	2.0	0.0	3.0	0.0	31.0	0.0	0.0	2.0	2.0	0.0	2.0	0.0	79.0	0.0	0.0	1.0	0.0	0.0	0.0	0.0	0.0	2.0	0.0	8.0	2.0	0.0	0.0	0.0	0.0	0.0	8.0	0.0	0.0	0.0	0.0	2.0	0.0	1.0	0.0	0.0	2.0	0.0	1.0
mtrH_A0A1V6JZV0_m20	0.0	0.0	0.0	0.0	0.0	42.0	1.0	0.0	0.0	0.0	0.0	0.0	4.0	0.0	0.0	0.0	0.0	0.0	25.0	0.0	0.0	0.0	0.0	0.0	0.0	77.0	0.0	0.0	0.0	17.0	0.0	1.0	0.0	91.0	0.0	0.0	1.0	3.0	0.0	0.0	0.0	0.0	0.0	0.0	1.0	1.0	0.0	2.0	0.0	0.0	0.0	0.0	0.0	0.0	20.0	0.0	2.0	0.0	2.0	0.0	0.0	0.0	0.0	0.0
mtrH_A0A1V6JZV0_m21	0.0	0.0	0.0	0.0	0.0	60.0	0.0	0.0	0.0	0.0	0.0	0.0	0.0	0.0	0.0	0.0	2.0	0.0	6.0	0.0	0.0	0.0	0.0	0.0	2.0	56.0	0.0	0.0	0.0	4.0	0.0	2.0	0.0	122.0	0.0	0.0	0.0	2.0	0.0	0.0	0.0	0.0	0.0	0.0	0.0	2.0	0.0	0.0	0.0	0.0	0.0	0.0	0.0	0.0	1.0	0.0	0.0	0.0	2.0	0.0	0.0	0.0	0.0	0.0
mtrH_A0A1V6JZV0_m22	0.0	0.0	0.0	0.0	0.0	128.0	0.0	0.0	0.0	0.0	0.0	2.0	24.0	0.0	0.0	0.0	0.0	0.0	53.0	0.0	1.0	0.0	0.0	0.0	8.0	391.0	3.0	0.0	0.0	54.0	0.0	8.0	3.0	206.0	0.0	0.0	0.0	4.0	2.0	0.0	0.0	0.0	0.0	0.0	1.0	0.0	0.0	6.0	0.0	0.0	0.0	0.0	0.0	2.0	96.0	0.0	6.0	0.0	5.0	0.0	0.0	0.0	0.0	0.0
mtrH_A0A1V4YF83_m16	0.0	0.0	0.0	0.0	0.0	7.0	0.0	0.0	0.0	0.0	0.0	0.0	2.0	0.0	0.0	0.0	1.0	0.0	54.0	0.0	0.0	0.0	0.0	0.0	2.0	15.0	2.0	0.0	0.0	17.0	0.0	4.0	0.0	11.0	0.0	0.0	0.0	4.0	0.0	0.0	2.0	0.0	0.0	0.0	0.0	0.0	0.0	0.0	0.0	0.0	0.0	0.0	0.0	3.0	13.0	0.0	15.0	0.0	4.0	0.0	0.0	0.0	0.0	0.0
mtrH_1220534.B655_1102_m07	0.0	73.0	0.0	0.0	148.0	0.0	0.0	1.0	0.0	0.0	119.0	0.0	0.0	1.0	0.0	2.0	73.0	0.0	8.0	35.0	0.0	0.0	0.0	0.0	0.0	0.0	0.0	0.0	0.0	0.0	5.0	0.0	1.0	0.0	83.0	0.0	0.0	0.0	0.0	2.0	2.0	9.0	0.0	0.0	4.0	0.0	0.0	0.0	0.0	99.0	0.0	0.0	0.0	0.0	0.0	0.0	2.0	1.0	0.0	2.0	53.0	0.0	4.0	73.0
mtrH_A0A1V6JZV0_m24	1.0	0.0	0.0	0.0	0.0	25.0	0.0	0.0	0.0	0.0	0.0	0.0	0.0	0.0	0.0	0.0	0.0	0.0	25.0	0.0	0.0	0.0	0.0	0.0	0.0	63.0	2.0	0.0	0.0	5.0	0.0	5.0	0.0	22.0	0.0	0.0	0.0	5.0	0.0	0.0	0.0	0.0	0.0	1.0	0.0	0.0	0.0	0.0	0.0	0.0	0.0	0.0	0.0	0.0	10.0	0.0	4.0	0.0	4.0	0.0	0.0	0.0	0.0	0.0
mtrH_1220534.B655_1102_m08	0.0	74.0	0.0	1.0	149.0	2.0	1.0	2.0	4.0	0.0	113.0	2.0	0.0	0.0	4.0	7.0	75.0	0.0	0.0	49.0	0.0	0.0	1.0	0.0	0.0	0.0	0.0	2.0	0.0	0.0	7.0	2.0	0.0	0.0	76.0	0.0	0.0	0.0	0.0	1.0	0.0	9.0	1.0	0.0	2.0	0.0	0.0	0.0	0.0	67.0	0.0	0.0	0.0	2.0	0.0	0.0	1.0	1.0	0.0	1.0	50.0	0.0	5.0	70.0
mtrH_330507199_m06	0.0	0.0	0.0	0.0	0.0	24.0	0.0	0.0	0.0	0.0	0.0	34.0	21.0	0.0	0.0	0.0	0.0	0.0	8.0	0.0	0.0	0.0	0.0	0.0	10.0	19.0	9.0	0.0	0.0	26.0	0.0	0.0	2.0	19.0	0.0	0.0	0.0	0.0	0.0	0.0	6.0	0.0	0.0	0.0	0.0	0.0	0.0	11.0	0.0	0.0	0.0	0.0	0.0	1.0	12.0	0.0	0.0	0.0	2.0	0.0	0.0	0.0	0.0	0.0
mtrH_330507199_m07	0.0	0.0	0.0	0.0	0.0	48.0	0.0	0.0	0.0	0.0	0.0	0.0	0.0	0.0	0.0	0.0	0.0	0.0	4.0	0.0	0.0	0.0	0.0	0.0	0.0	21.0	4.0	0.0	0.0	44.0	0.0	0.0	0.0	72.0	0.0	0.0	0.0	0.0	0.0	0.0	0.0	0.0	0.0	0.0	0.0	0.0	0.0	1.0	0.0	0.0	0.0	0.0	0.0	0.0	0.0	0.0	0.0	0.0	0.0	0.0	0.0	0.0	0.0	0.0
mtrH_1220534.B655_1102_m13	0.0	163.0	0.0	0.0	261.0	3.0	1.0	2.0	4.0	3.0	186.0	0.0	0.0	0.0	0.0	10.0	165.0	2.0	7.0	81.0	2.0	0.0	2.0	1.0	0.0	0.0	0.0	0.0	0.0	12.0	9.0	5.0	3.0	0.0	178.0	0.0	2.0	0.0	0.0	0.0	2.0	17.0	0.0	2.0	7.0	2.0	0.0	0.0	0.0	155.0	0.0	0.0	0.0	0.0	2.0	0.0	0.0	3.0	0.0	1.0	95.0	0.0	8.0	149.0
mtrH_330507199_m09	0.0	0.0	0.0	0.0	0.0	58.0	0.0	0.0	0.0	0.0	0.0	1.0	1.0	0.0	0.0	0.0	0.0	0.0	0.0	0.0	0.0	0.0	0.0	0.0	0.0	6.0	0.0	0.0	0.0	26.0	0.0	0.0	0.0	83.0	0.0	0.0	0.0	0.0	0.0	0.0	0.0	0.0	0.0	0.0	0.0	0.0	0.0	0.0	0.0	0.0	0.0	0.0	0.0	0.0	2.0	0.0	0.0	0.0	0.0	0.0	0.0	0.0	0.0	0.0
mtrH_330507199_m10	6.0	0.0	0.0	0.0	0.0	81.0	0.0	0.0	0.0	1.0	0.0	173.0	93.0	0.0	0.0	0.0	1.0	0.0	58.0	0.0	1.0	0.0	0.0	0.0	90.0	88.0	96.0	0.0	0.0	57.0	1.0	11.0	18.0	104.0	0.0	0.0	0.0	2.0	1.0	0.0	23.0	0.0	0.0	0.0	0.0	0.0	7.0	53.0	0.0	0.0	0.0	0.0	0.0	13.0	39.0	2.0	7.0	0.0	27.0	0.0	0.0	0.0	0.0	0.0
