	ZB_1	ZB_2	ZB_3	ZB_4	ZB_5	ZB_6	ZB_7	ZB_8	ZB_9	ZB_10	ZB_11	ZB_12	ZB_13	ZB_14	ZB_15	ZB_16	ZB_17	ZB_18	ZB_19	ZB_20	ZB_21	ZB_22	ZB_23	ZB_24	ZB_25	ZB_26	ZB_27	ZB_28	ZB_29	ZB_30	ZB_31	ZB_32	ZB_33	ZB_34	ZB_35	ZB_36	ZB_37	ZB_38	ZB_39	ZB_40	ZB_41	ZB_42	ZB_43	ZB_44	ZB_45	ZB_46	ZB_47	ZB_48	ZB_49	ZB_50	ZB_51	ZB_52	ZB_53	ZB_54	ZB_55	ZB_56	ZB_57	ZB_58	ZB_59	ZB_60	ZB_61	ZB_62	ZB_63	ZB_64
rnfA_WP_127816932.1	4023.0	0.0	4.0	0.0	1.0	0.0	2.0	0.0	0.0	2057.0	3.0	0.0	0.0	0.0	0.0	0.0	15.0	0.0	0.0	0.0	1269.0	2.0	0.0	0.0	0.0	0.0	0.0	3299.0	0.0	0.0	0.0	0.0	0.0	0.0	7.0	21.0	0.0	0.0	2004.0	3.0	0.0	1.0	0.0	1105.0	0.0	0.0	2536.0	751.0	17.0	0.0	3.0	2.0	1432.0	11.0	0.0	1795.0	0.0	0.0	0.0	0.0	0.0	0.0	0.0	0.0
rnfA_WP_092968531.1	178.0	0.0	1.0	0.0	0.0	0.0	0.0	2.0	0.0	1029.0	3.0	0.0	0.0	0.0	0.0	0.0	3.0	0.0	0.0	0.0	503.0	2.0	0.0	0.0	0.0	0.0	0.0	251.0	0.0	0.0	0.0	0.0	0.0	1.0	1.0	0.0	0.0	0.0	376.0	0.0	0.0	0.0	0.0	1222.0	2.0	0.0	501.0	161.0	0.0	0.0	0.0	0.0	400.0	2.0	0.0	111.0	0.0	0.0	0.0	0.0	0.0	0.0	0.0	0.0
rnfA_A0A3D1CZK5	27.0	0.0	10.0	0.0	0.0	29.0	0.0	0.0	212.0	46.0	0.0	16.0	45.0	0.0	0.0	122.0	0.0	0.0	0.0	0.0	8.0	0.0	187.0	0.0	8.0	47.0	19.0	46.0	0.0	0.0	230.0	0.0	2.0	0.0	0.0	8.0	0.0	0.0	20.0	252.0	2.0	134.0	0.0	49.0	0.0	0.0	127.0	82.0	8.0	0.0	0.0	0.0	65.0	7.0	5.0	38.0	4.0	98.0	0.0	106.0	0.0	0.0	164.0	0.0
rnfA_pbt_ING2E5B_1681	7.0	10.0	646.0	29.0	3.0	0.0	302.0	58.0	491.0	73.0	78.0	41.0	0.0	36.0	1.0	715.0	6.0	45.0	1468.0	3.0	97.0	75.0	817.0	328.0	92.0	9.0	8.0	46.0	157.0	52.0	713.0	452.0	269.0	0.0	18.0	1035.0	154.0	995.0	10.0	806.0	490.0	748.0	321.0	88.0	43.0	524.0	38.0	8.0	184.0	68.0	211.0	542.0	98.0	151.0	261.0	45.0	817.0	531.0	1338.0	730.0	8.0	40.0	949.0	7.0
rnfA_pmuc_ING2E5A_1071	2.0	14.0	2.0	0.0	4.0	0.0	1.0	0.0	4.0	18.0	25.0	0.0	0.0	0.0	1.0	11.0	2.0	0.0	70.0	4.0	8.0	0.0	20.0	2.0	2.0	8.0	1.0	4.0	0.0	18.0	10.0	35.0	0.0	0.0	32.0	11.0	0.0	76.0	5.0	7.0	0.0	0.0	1.0	23.0	0.0	14.0	11.0	3.0	2.0	20.0	7.0	7.0	37.0	0.0	42.0	12.0	61.0	5.0	91.0	5.0	0.0	0.0	8.0	0.0
rnfA_A0A1V5H6A3	52.0	0.0	226.0	0.0	0.0	0.0	85.0	0.0	0.0	61.0	0.0	0.0	0.0	0.0	0.0	0.0	1.0	0.0	0.0	0.0	42.0	0.0	0.0	10.0	0.0	0.0	0.0	68.0	0.0	0.0	0.0	0.0	0.0	0.0	0.0	188.0	0.0	0.0	10.0	0.0	0.0	2.0	20.0	147.0	0.0	45.0	13.0	1.0	81.0	0.0	153.0	132.0	230.0	0.0	0.0	168.0	0.0	0.0	0.0	0.0	0.0	0.0	0.0	0.0
rnfA_A0A1V6HNN1	0.0	0.0	2.0	0.0	4.0	0.0	0.0	0.0	0.0	1.0	2.0	1.0	0.0	3.0	11.0	0.0	0.0	4.0	14.0	0.0	3.0	5.0	0.0	0.0	0.0	15.0	0.0	0.0	2.0	6.0	0.0	1.0	0.0	0.0	0.0	0.0	1.0	2.0	0.0	0.0	1.0	0.0	0.0	3.0	3.0	0.0	1.0	0.0	0.0	2.0	0.0	0.0	3.0	0.0	50.0	0.0	1.0	0.0	15.0	0.0	0.0	0.0	0.0	0.0
rnfA_389844198	3.0	0.0	0.0	0.0	0.0	0.0	0.0	0.0	0.0	25.0	0.0	0.0	0.0	0.0	0.0	0.0	0.0	0.0	0.0	0.0	20.0	0.0	0.0	0.0	0.0	0.0	0.0	12.0	0.0	0.0	1.0	0.0	0.0	0.0	0.0	0.0	0.0	0.0	3.0	0.0	0.0	0.0	0.0	51.0	0.0	1.0	18.0	6.0	0.0	0.0	2.0	0.0	18.0	0.0	0.0	12.0	0.0	0.0	0.0	0.0	0.0	0.0	0.0	0.0
rnfA_A0A1V6K3M1	173.0	0.0	0.0	0.0	0.0	0.0	0.0	0.0	0.0	261.0	2.0	0.0	0.0	0.0	0.0	0.0	3.0	0.0	0.0	0.0	68.0	0.0	0.0	0.0	0.0	0.0	0.0	138.0	0.0	0.0	0.0	0.0	0.0	0.0	1.0	0.0	0.0	0.0	472.0	0.0	0.0	0.0	0.0	369.0	0.0	0.0	220.0	74.0	0.0	0.0	0.0	0.0	221.0	2.0	0.0	146.0	0.0	0.0	0.0	0.0	0.0	0.0	0.0	0.0
rnfA_A0A1V5RMV2	26.0	0.0	83.0	0.0	0.0	0.0	92.0	0.0	0.0	30.0	0.0	0.0	0.0	0.0	0.0	0.0	0.0	1.0	0.0	0.0	9.0	2.0	0.0	50.0	0.0	0.0	0.0	22.0	0.0	0.0	0.0	0.0	3.0	0.0	0.0	49.0	0.0	0.0	22.0	0.0	16.0	0.0	11.0	43.0	0.0	40.0	14.0	3.0	21.0	0.0	44.0	73.0	23.0	0.0	0.0	23.0	0.0	0.0	0.0	0.0	0.0	0.0	0.0	0.0
rnfA_minf_MESINF_2698	1.0	0.0	3.0	0.0	0.0	19.0	3.0	0.0	3.0	20.0	0.0	86.0	0.0	0.0	2.0	11.0	0.0	0.0	256.0	0.0	12.0	0.0	10.0	0.0	53.0	82.0	21.0	13.0	0.0	410.0	10.0	462.0	24.0	7.0	0.0	0.0	0.0	289.0	3.0	0.0	13.0	3.0	1.0	20.0	0.0	0.0	11.0	29.0	0.0	0.0	0.0	3.0	25.0	13.0	710.0	8.0	138.0	3.0	755.0	0.0	0.0	0.0	3.0	0.0
rnfA_A0A1V5J0G4	5.0	0.0	0.0	0.0	0.0	3.0	0.0	0.0	0.0	3.0	0.0	9.0	0.0	2.0	0.0	0.0	0.0	1.0	1.0	0.0	1.0	11.0	0.0	0.0	1.0	31.0	2.0	2.0	15.0	27.0	0.0	0.0	6.0	0.0	0.0	0.0	11.0	20.0	1.0	0.0	6.0	0.0	0.0	3.0	2.0	0.0	17.0	8.0	0.0	0.0	0.0	0.0	4.0	1.0	46.0	0.0	0.0	0.0	71.0	0.0	0.0	10.0	0.0	0.0
rnfA_WP_133200940.1	0.0	0.0	0.0	0.0	0.0	0.0	0.0	0.0	0.0	7.0	0.0	0.0	0.0	0.0	0.0	0.0	0.0	0.0	0.0	0.0	10.0	0.0	0.0	0.0	0.0	0.0	0.0	0.0	0.0	0.0	0.0	0.0	0.0	0.0	0.0	0.0	0.0	0.0	1.0	0.0	0.0	0.0	0.0	6.0	0.0	0.0	49.0	15.0	0.0	0.0	0.0	0.0	0.0	0.0	0.0	1.0	0.0	0.0	0.0	0.0	0.0	0.0	0.0	0.0
rnfA_WP_121552471.1	7.0	0.0	3.0	0.0	0.0	0.0	0.0	0.0	0.0	14.0	0.0	7.0	0.0	0.0	0.0	6.0	0.0	0.0	0.0	0.0	8.0	0.0	6.0	0.0	2.0	0.0	2.0	11.0	0.0	0.0	7.0	0.0	1.0	0.0	0.0	2.0	0.0	0.0	4.0	2.0	0.0	2.0	4.0	9.0	0.0	1.0	18.0	3.0	0.0	0.0	0.0	1.0	12.0	0.0	0.0	4.0	0.0	0.0	0.0	2.0	0.0	0.0	4.0	0.0
rnfA_A0A3B9PY08	0.0	2.0	80.0	17.0	5.0	0.0	132.0	32.0	8.0	0.0	2.0	0.0	0.0	57.0	53.0	19.0	0.0	51.0	52.0	5.0	0.0	27.0	5.0	53.0	0.0	0.0	0.0	0.0	26.0	17.0	62.0	71.0	0.0	0.0	17.0	129.0	29.0	98.0	0.0	5.0	1.0	9.0	9.0	0.0	64.0	129.0	3.0	2.0	48.0	17.0	57.0	125.0	0.0	0.0	25.0	0.0	89.0	8.0	173.0	8.0	1.0	45.0	23.0	0.0
rnfA_A0A1V6EJN0	5.0	0.0	0.0	0.0	2.0	0.0	4.0	0.0	0.0	27.0	4.0	0.0	0.0	0.0	0.0	0.0	1.0	0.0	0.0	2.0	18.0	0.0	0.0	2.0	0.0	0.0	0.0	5.0	0.0	0.0	0.0	0.0	0.0	0.0	5.0	4.0	0.0	0.0	3.0	0.0	1.0	0.0	3.0	27.0	0.0	13.0	26.0	9.0	0.0	8.0	1.0	1.0	27.0	0.0	0.0	23.0	0.0	0.0	0.0	0.0	2.0	0.0	0.0	2.0
rnfA_A0A1V6DSR0	0.0	0.0	399.0	558.0	0.0	0.0	119.0	630.0	149.0	2.0	0.0	295.0	59.0	630.0	311.0	632.0	0.0	547.0	2.0	2.0	0.0	689.0	428.0	16.0	333.0	0.0	35.0	0.0	577.0	5.0	219.0	0.0	409.0	1.0	0.0	93.0	514.0	2.0	0.0	165.0	564.0	438.0	22.0	0.0	956.0	18.0	0.0	20.0	27.0	0.0	138.0	348.0	0.0	379.0	0.0	0.0	0.0	185.0	0.0	39.0	0.0	397.0	235.0	0.0
rnfA_A0A351RLP2	5.0	0.0	1.0	1.0	0.0	0.0	0.0	0.0	0.0	9.0	1.0	0.0	0.0	0.0	1.0	0.0	0.0	0.0	1.0	0.0	7.0	0.0	0.0	0.0	0.0	0.0	0.0	10.0	0.0	0.0	0.0	2.0	2.0	0.0	0.0	0.0	2.0	2.0	3.0	0.0	4.0	0.0	0.0	7.0	2.0	3.0	7.0	2.0	0.0	0.0	0.0	2.0	12.0	2.0	2.0	7.0	2.0	0.0	21.0	0.0	0.0	2.0	0.0	0.0
rnfA_A0A1V6F9D2	3.0	0.0	24.0	0.0	0.0	0.0	84.0	0.0	0.0	3.0	0.0	0.0	0.0	0.0	0.0	0.0	0.0	0.0	0.0	0.0	1.0	0.0	0.0	42.0	0.0	0.0	0.0	3.0	0.0	0.0	0.0	0.0	0.0	0.0	0.0	1.0	0.0	0.0	5.0	0.0	0.0	0.0	29.0	15.0	0.0	132.0	17.0	6.0	1.0	0.0	9.0	50.0	14.0	0.0	0.0	18.0	0.0	0.0	0.0	0.0	0.0	0.0	0.0	0.0
rnfA_A0A3D4YI24	8.0	0.0	0.0	0.0	0.0	0.0	0.0	0.0	0.0	13.0	0.0	15.0	2.0	0.0	0.0	2.0	1.0	0.0	2.0	0.0	0.0	0.0	0.0	0.0	8.0	0.0	11.0	1.0	0.0	0.0	6.0	0.0	0.0	0.0	0.0	0.0	0.0	0.0	1.0	1.0	0.0	0.0	0.0	2.0	0.0	0.0	13.0	12.0	0.0	0.0	0.0	2.0	3.0	3.0	0.0	1.0	0.0	0.0	0.0	0.0	0.0	0.0	5.0	0.0
rnfA_A0A375AMQ5	3.0	0.0	0.0	0.0	0.0	0.0	0.0	0.0	0.0	3.0	0.0	0.0	0.0	0.0	0.0	0.0	0.0	0.0	0.0	0.0	3.0	0.0	0.0	0.0	2.0	0.0	0.0	5.0	0.0	0.0	0.0	0.0	0.0	0.0	0.0	0.0	0.0	0.0	0.0	0.0	0.0	0.0	0.0	4.0	0.0	0.0	1.0	1.0	0.0	0.0	0.0	0.0	2.0	0.0	2.0	4.0	0.0	0.0	0.0	0.0	0.0	0.0	0.0	0.0
rnfA_2754.EH55_10530	0.0	0.0	0.0	0.0	0.0	0.0	0.0	0.0	0.0	1.0	0.0	0.0	0.0	0.0	0.0	0.0	0.0	0.0	0.0	0.0	3.0	0.0	0.0	0.0	0.0	0.0	0.0	0.0	0.0	0.0	0.0	0.0	0.0	0.0	0.0	0.0	0.0	0.0	0.0	0.0	0.0	0.0	0.0	0.0	0.0	0.0	25.0	3.0	0.0	0.0	0.0	0.0	0.0	0.0	0.0	0.0	0.0	0.0	0.0	0.0	0.0	0.0	0.0	0.0
rnfA_A0A3D5KYJ0	0.0	87.0	0.0	0.0	8.0	0.0	0.0	0.0	0.0	0.0	22.0	0.0	0.0	121.0	79.0	0.0	94.0	0.0	0.0	22.0	0.0	0.0	0.0	0.0	0.0	0.0	0.0	0.0	0.0	0.0	0.0	0.0	0.0	0.0	27.0	0.0	0.0	0.0	0.0	0.0	0.0	0.0	0.0	0.0	174.0	0.0	1.0	0.0	0.0	0.0	0.0	0.0	0.0	0.0	0.0	0.0	0.0	0.0	0.0	0.0	1.0	0.0	0.0	69.0
rnfA_WP_090162788.1	0.0	343.0	0.0	0.0	179.0	0.0	0.0	12.0	0.0	0.0	135.0	0.0	0.0	36.0	36.0	0.0	43.0	0.0	0.0	4.0	0.0	0.0	0.0	0.0	0.0	0.0	0.0	0.0	0.0	0.0	0.0	0.0	0.0	0.0	14.0	0.0	0.0	0.0	0.0	0.0	0.0	0.0	0.0	0.0	12.0	0.0	0.0	0.0	0.0	0.0	0.0	0.0	0.0	0.0	0.0	0.0	0.0	0.0	0.0	0.0	1.0	0.0	0.0	25.0
rnfA_WP_118339172.1	0.0	0.0	0.0	2.0	0.0	0.0	0.0	0.0	0.0	0.0	3.0	0.0	0.0	0.0	0.0	0.0	0.0	0.0	0.0	0.0	0.0	8.0	0.0	0.0	0.0	0.0	0.0	0.0	4.0	0.0	0.0	0.0	0.0	0.0	0.0	0.0	4.0	0.0	0.0	0.0	0.0	0.0	0.0	0.0	0.0	0.0	0.0	0.0	0.0	0.0	0.0	0.0	0.0	0.0	0.0	0.0	0.0	0.0	0.0	0.0	0.0	0.0	0.0	0.0
rnfA_A0A1M3FQ98	0.0	0.0	1.0	0.0	0.0	0.0	0.0	0.0	0.0	0.0	10.0	0.0	0.0	0.0	0.0	0.0	0.0	0.0	19.0	0.0	0.0	0.0	0.0	0.0	0.0	4.0	0.0	0.0	0.0	0.0	0.0	0.0	0.0	0.0	0.0	0.0	0.0	0.0	0.0	0.0	0.0	0.0	0.0	0.0	0.0	0.0	0.0	0.0	0.0	4.0	0.0	0.0	0.0	0.0	15.0	0.0	0.0	0.0	0.0	0.0	0.0	0.0	0.0	0.0
rnfA_WP_089941853.1	0.0	9.0	0.0	0.0	29.0	0.0	0.0	0.0	0.0	0.0	66.0	0.0	0.0	24.0	14.0	0.0	16.0	1.0	0.0	7.0	0.0	0.0	0.0	0.0	0.0	0.0	0.0	0.0	0.0	0.0	0.0	0.0	0.0	0.0	1.0	0.0	0.0	0.0	0.0	0.0	0.0	0.0	0.0	0.0	41.0	0.0	0.0	0.0	0.0	0.0	0.0	0.0	0.0	0.0	0.0	0.0	0.0	0.0	1.0	0.0	0.0	0.0	0.0	10.0
rnfA_521719.ATXQ01000012_gene1623	1.0	0.0	0.0	0.0	0.0	0.0	0.0	0.0	0.0	0.0	1.0	0.0	0.0	0.0	0.0	0.0	0.0	0.0	0.0	0.0	0.0	0.0	0.0	0.0	1.0	0.0	0.0	351.0	0.0	1.0	0.0	0.0	0.0	0.0	0.0	0.0	0.0	1.0	0.0	0.0	0.0	4.0	0.0	0.0	0.0	0.0	0.0	0.0	0.0	0.0	0.0	1.0	188.0	0.0	2.0	0.0	0.0	0.0	0.0	0.0	0.0	0.0	0.0	0.0
rnfA_A0A354ZHR5	1.0	0.0	0.0	2.0	0.0	0.0	1.0	3.0	16.0	0.0	0.0	0.0	0.0	3.0	39.0	29.0	1.0	2.0	2.0	0.0	0.0	41.0	44.0	0.0	4.0	0.0	0.0	0.0	43.0	3.0	25.0	12.0	0.0	0.0	0.0	0.0	41.0	16.0	0.0	22.0	1.0	26.0	0.0	1.0	4.0	0.0	2.0	0.0	0.0	1.0	0.0	0.0	0.0	0.0	2.0	2.0	10.0	11.0	34.0	18.0	0.0	28.0	37.0	0.0
rnfA_WP_132092330.1	0.0	0.0	0.0	0.0	0.0	0.0	3.0	0.0	0.0	1.0	0.0	22.0	8.0	0.0	0.0	0.0	1.0	0.0	0.0	0.0	0.0	0.0	0.0	0.0	3.0	0.0	24.0	0.0	0.0	0.0	0.0	0.0	0.0	0.0	0.0	1.0	0.0	0.0	0.0	0.0	0.0	0.0	0.0	0.0	0.0	0.0	0.0	4.0	0.0	0.0	0.0	0.0	0.0	4.0	0.0	0.0	0.0	0.0	0.0	0.0	0.0	0.0	0.0	0.0
rnfA_pet_PEIBARAKI_4903	0.0	3.0	0.0	14.0	1.0	24.0	0.0	8.0	0.0	0.0	0.0	3.0	2.0	0.0	11.0	0.0	0.0	1.0	8.0	1.0	0.0	15.0	0.0	1.0	1.0	431.0	1.0	0.0	16.0	4.0	0.0	0.0	0.0	3.0	21.0	2.0	10.0	0.0	0.0	0.0	1.0	1.0	0.0	2.0	8.0	2.0	2.0	4.0	0.0	2.0	0.0	4.0	2.0	2.0	33.0	2.0	0.0	0.0	0.0	1.0	0.0	2.0	0.0	1.0
rnfA_A0A353RK76	0.0	0.0	0.0	81.0	0.0	13.0	0.0	15.0	0.0	0.0	0.0	3.0	2.0	11.0	8.0	0.0	0.0	24.0	4.0	0.0	0.0	85.0	0.0	0.0	11.0	77.0	0.0	0.0	94.0	0.0	0.0	0.0	2.0	0.0	0.0	1.0	87.0	0.0	0.0	0.0	2.0	0.0	0.0	0.0	20.0	1.0	0.0	3.0	1.0	0.0	0.0	0.0	0.0	11.0	37.0	0.0	1.0	0.0	1.0	0.0	0.0	33.0	0.0	0.0
rnfA_435850629	0.0	0.0	0.0	0.0	0.0	3.0	0.0	0.0	0.0	0.0	0.0	2.0	4.0	0.0	0.0	0.0	0.0	0.0	17.0	0.0	0.0	0.0	0.0	0.0	0.0	3.0	2.0	0.0	0.0	21.0	0.0	1.0	0.0	15.0	0.0	0.0	0.0	0.0	0.0	0.0	0.0	0.0	0.0	0.0	0.0	0.0	0.0	1.0	0.0	0.0	0.0	0.0	0.0	1.0	3.0	0.0	1.0	0.0	3.0	0.0	0.0	0.0	0.0	0.0
rnfA_A0A1V4YFK3	0.0	1.0	0.0	0.0	0.0	4.0	0.0	0.0	0.0	3.0	2.0	2.0	0.0	0.0	0.0	0.0	0.0	0.0	5.0	0.0	1.0	0.0	0.0	0.0	0.0	2.0	1.0	0.0	0.0	14.0	0.0	1.0	1.0	1.0	0.0	0.0	1.0	0.0	1.0	0.0	16.0	0.0	0.0	3.0	0.0	0.0	0.0	0.0	0.0	0.0	0.0	0.0	1.0	0.0	4.0	0.0	0.0	0.0	3.0	0.0	0.0	0.0	0.0	0.0
rnfA_1511.CLOST_1398	0.0	0.0	0.0	0.0	0.0	0.0	0.0	0.0	0.0	0.0	0.0	0.0	2.0	0.0	0.0	0.0	0.0	0.0	0.0	0.0	0.0	0.0	0.0	0.0	0.0	0.0	0.0	0.0	0.0	0.0	0.0	0.0	0.0	22.0	0.0	0.0	0.0	0.0	0.0	0.0	0.0	0.0	0.0	1.0	0.0	0.0	0.0	1.0	0.0	0.0	0.0	0.0	0.0	0.0	0.0	0.0	0.0	0.0	0.0	0.0	0.0	0.0	0.0	0.0
rnfA_A0A350SHC7	0.0	8.0	0.0	5.0	13.0	2.0	0.0	22.0	3.0	2.0	7.0	3.0	9.0	7.0	10.0	10.0	5.0	7.0	0.0	3.0	1.0	2.0	3.0	0.0	1.0	0.0	7.0	0.0	1.0	5.0	9.0	0.0	0.0	0.0	4.0	0.0	2.0	1.0	0.0	13.0	0.0	13.0	0.0	1.0	9.0	0.0	0.0	1.0	0.0	12.0	0.0	2.0	0.0	1.0	2.0	0.0	0.0	3.0	0.0	3.0	2.0	2.0	5.0	11.0
rnfA_A0A3B8JC35	0.0	0.0	6.0	4.0	10.0	1.0	1.0	6.0	0.0	0.0	0.0	0.0	0.0	1.0	25.0	6.0	3.0	12.0	0.0	0.0	0.0	13.0	7.0	0.0	0.0	0.0	2.0	0.0	13.0	0.0	9.0	9.0	2.0	0.0	2.0	7.0	3.0	6.0	0.0	0.0	10.0	2.0	0.0	0.0	8.0	0.0	2.0	2.0	1.0	0.0	0.0	2.0	0.0	1.0	4.0	0.0	2.0	0.0	11.0	4.0	0.0	8.0	3.0	0.0
rnfA_A0A1V5S1Q8	0.0	0.0	0.0	0.0	0.0	0.0	0.0	0.0	0.0	0.0	0.0	0.0	0.0	0.0	0.0	0.0	0.0	0.0	36.0	0.0	0.0	0.0	1.0	0.0	0.0	0.0	0.0	0.0	0.0	9.0	2.0	0.0	0.0	0.0	0.0	0.0	0.0	0.0	0.0	0.0	0.0	4.0	10.0	0.0	0.0	0.0	0.0	0.0	0.0	0.0	0.0	0.0	0.0	0.0	0.0	0.0	0.0	0.0	2.0	0.0	0.0	0.0	0.0	0.0
rnfA_A0A1V5FYT6	0.0	0.0	0.0	0.0	0.0	0.0	0.0	0.0	0.0	0.0	0.0	0.0	0.0	0.0	0.0	0.0	0.0	0.0	4.0	0.0	0.0	0.0	0.0	0.0	0.0	15.0	0.0	0.0	0.0	0.0	0.0	2.0	0.0	0.0	0.0	0.0	0.0	0.0	0.0	0.0	0.0	0.0	0.0	0.0	0.0	0.0	0.0	0.0	0.0	0.0	0.0	0.0	0.0	0.0	44.0	0.0	0.0	0.0	0.0	0.0	0.0	0.0	0.0	0.0
rnfA_A0A1Q3QHW5	1.0	0.0	0.0	0.0	0.0	13.0	0.0	0.0	0.0	0.0	0.0	0.0	1.0	0.0	3.0	0.0	0.0	0.0	0.0	0.0	0.0	0.0	0.0	0.0	0.0	166.0	0.0	0.0	0.0	0.0	0.0	0.0	0.0	1.0	0.0	0.0	0.0	0.0	0.0	0.0	0.0	0.0	0.0	0.0	1.0	0.0	0.0	0.0	0.0	0.0	0.0	0.0	1.0	0.0	20.0	0.0	0.0	0.0	0.0	0.0	0.0	1.0	0.0	0.0
rnfA_A0A3D2HSK9	0.0	0.0	0.0	0.0	0.0	11.0	0.0	0.0	0.0	0.0	0.0	0.0	0.0	0.0	0.0	0.0	0.0	0.0	0.0	0.0	0.0	0.0	0.0	0.0	0.0	3.0	0.0	0.0	0.0	0.0	0.0	0.0	0.0	0.0	0.0	0.0	0.0	0.0	0.0	0.0	0.0	0.0	0.0	0.0	0.0	0.0	0.0	0.0	0.0	0.0	0.0	0.0	0.0	0.0	0.0	0.0	0.0	0.0	0.0	0.0	0.0	0.0	0.0	0.0
rnfA_A0A1V6BUG4	0.0	0.0	0.0	0.0	0.0	2.0	0.0	0.0	0.0	0.0	0.0	0.0	0.0	0.0	0.0	0.0	0.0	0.0	0.0	0.0	0.0	0.0	0.0	0.0	0.0	10.0	0.0	0.0	0.0	0.0	0.0	0.0	0.0	0.0	0.0	0.0	0.0	0.0	0.0	0.0	0.0	0.0	0.0	0.0	0.0	0.0	2.0	0.0	0.0	0.0	0.0	0.0	0.0	0.0	6.0	0.0	0.0	0.0	0.0	0.0	0.0	0.0	0.0	0.0
rnfA_438003083	0.0	0.0	0.0	0.0	0.0	0.0	0.0	0.0	0.0	0.0	0.0	0.0	0.0	0.0	0.0	0.0	0.0	0.0	0.0	0.0	0.0	0.0	0.0	0.0	0.0	1.0	0.0	0.0	0.0	0.0	0.0	3.0	0.0	0.0	3.0	1.0	0.0	0.0	0.0	0.0	0.0	0.0	0.0	0.0	0.0	1.0	2.0	0.0	0.0	2.0	1.0	1.0	0.0	0.0	3.0	0.0	0.0	0.0	28.0	0.0	0.0	0.0	0.0	0.0
rnfA_A0A3D1CZK5_m01	2.0	0.0	0.0	0.0	0.0	66.0	0.0	0.0	0.0	0.0	1.0	135.0	115.0	0.0	0.0	0.0	0.0	0.0	0.0	0.0	0.0	0.0	0.0	0.0	37.0	482.0	155.0	1.0	0.0	0.0	0.0	0.0	0.0	1.0	0.0	0.0	0.0	0.0	2.0	0.0	2.0	0.0	0.0	0.0	0.0	0.0	0.0	90.0	0.0	0.0	0.0	0.0	5.0	8.0	41.0	1.0	0.0	0.0	4.0	0.0	0.0	0.0	0.0	0.0
rnfA_A0A1V6HNN1_m01	2.0	0.0	0.0	0.0	0.0	0.0	0.0	0.0	0.0	13.0	2.0	0.0	0.0	0.0	0.0	0.0	0.0	0.0	0.0	0.0	14.0	0.0	0.0	0.0	0.0	0.0	0.0	22.0	0.0	0.0	0.0	0.0	0.0	0.0	0.0	0.0	0.0	0.0	7.0	0.0	0.0	0.0	0.0	35.0	0.0	0.0	61.0	18.0	0.0	0.0	0.0	0.0	36.0	0.0	0.0	9.0	1.0	0.0	0.0	0.0	0.0	0.0	0.0	0.0
rnfA_minf_MESINF_2698_m01	0.0	0.0	0.0	0.0	0.0	0.0	0.0	0.0	0.0	1.0	0.0	0.0	0.0	0.0	0.0	0.0	0.0	0.0	8.0	0.0	2.0	0.0	0.0	0.0	1.0	3.0	1.0	1.0	0.0	17.0	1.0	12.0	1.0	0.0	0.0	0.0	0.0	8.0	0.0	0.0	0.0	2.0	0.0	6.0	0.0	1.0	4.0	0.0	0.0	0.0	0.0	0.0	6.0	1.0	33.0	1.0	11.0	0.0	20.0	0.0	0.0	0.0	1.0	0.0
rnfA_A0A350BH36_m01	0.0	3.0	4.0	64.0	24.0	0.0	4.0	96.0	6.0	0.0	15.0	4.0	0.0	188.0	865.0	27.0	14.0	95.0	6.0	16.0	1.0	409.0	27.0	4.0	2.0	0.0	2.0	1.0	483.0	13.0	28.0	32.0	2.0	0.0	21.0	0.0	443.0	2.0	0.0	13.0	5.0	62.0	2.0	2.0	714.0	5.0	0.0	0.0	0.0	2.0	1.0	5.0	0.0	0.0	0.0	3.0	4.0	25.0	2.0	4.0	4.0	188.0	33.0	18.0
rnfA_A0A354ZHR5_m01	0.0	0.0	0.0	1.0	2.0	0.0	0.0	3.0	0.0	0.0	2.0	39.0	0.0	0.0	8.0	0.0	1.0	0.0	0.0	0.0	0.0	13.0	0.0	0.0	22.0	4.0	0.0	0.0	22.0	8.0	0.0	2.0	18.0	0.0	4.0	0.0	3.0	3.0	0.0	0.0	5.0	0.0	0.0	1.0	2.0	0.0	0.0	5.0	0.0	0.0	0.0	0.0	0.0	16.0	12.0	0.0	2.0	0.0	10.0	0.0	0.0	10.0	0.0	0.0
rnfA_pet_PEIBARAKI_4903_m01	0.0	0.0	0.0	0.0	0.0	10.0	0.0	0.0	0.0	0.0	0.0	0.0	0.0	0.0	0.0	0.0	0.0	2.0	1.0	0.0	0.0	2.0	0.0	0.0	0.0	77.0	0.0	1.0	2.0	0.0	0.0	0.0	0.0	0.0	0.0	1.0	0.0	0.0	0.0	0.0	0.0	0.0	0.0	3.0	2.0	0.0	2.0	0.0	0.0	0.0	0.0	0.0	0.0	0.0	2.0	0.0	0.0	0.0	0.0	0.0	0.0	0.0	0.0	0.0
rnfA_A0A1Q3QHW5_m01	0.0	0.0	1.0	0.0	0.0	13.0	0.0	0.0	0.0	0.0	0.0	0.0	0.0	0.0	0.0	0.0	0.0	0.0	0.0	0.0	0.0	0.0	0.0	0.0	0.0	80.0	0.0	0.0	0.0	0.0	0.0	0.0	0.0	0.0	0.0	0.0	0.0	0.0	0.0	0.0	0.0	0.0	0.0	0.0	0.0	0.0	0.0	0.0	0.0	0.0	0.0	0.0	0.0	1.0	12.0	1.0	0.0	0.0	0.0	0.0	0.0	0.0	0.0	0.0
rnfA_A0A3D1CZK5_m02	26.0	0.0	0.0	0.0	0.0	19.0	0.0	0.0	1.0	15.0	0.0	5.0	24.0	0.0	0.0	2.0	0.0	0.0	0.0	0.0	10.0	0.0	0.0	0.0	7.0	37.0	12.0	44.0	0.0	1.0	4.0	0.0	1.0	1.0	0.0	2.0	0.0	2.0	15.0	0.0	4.0	8.0	0.0	23.0	0.0	0.0	70.0	32.0	1.0	0.0	0.0	0.0	67.0	4.0	2.0	22.0	0.0	0.0	0.0	1.0	0.0	0.0	2.0	0.0
rnfA_A0A1V6HNN1_m02	0.0	7.0	0.0	22.0	7.0	0.0	0.0	12.0	0.0	0.0	2.0	2.0	0.0	16.0	61.0	0.0	14.0	19.0	113.0	13.0	0.0	17.0	0.0	0.0	4.0	70.0	2.0	0.0	12.0	68.0	0.0	17.0	3.0	2.0	3.0	1.0	24.0	33.0	0.0	0.0	6.0	0.0	0.0	0.0	19.0	0.0	0.0	0.0	0.0	9.0	0.0	0.0	0.0	0.0	403.0	0.0	15.0	0.0	92.0	0.0	2.0	7.0	0.0	13.0
rnfA_A0A350BH36_m02	0.0	0.0	0.0	33.0	1.0	0.0	0.0	20.0	0.0	0.0	0.0	1.0	0.0	49.0	72.0	4.0	0.0	26.0	4.0	3.0	0.0	494.0	0.0	0.0	4.0	0.0	0.0	0.0	607.0	0.0	1.0	9.0	1.0	0.0	2.0	0.0	315.0	1.0	0.0	0.0	3.0	4.0	0.0	0.0	108.0	0.0	0.0	3.0	5.0	0.0	0.0	0.0	0.0	3.0	0.0	0.0	2.0	0.0	10.0	0.0	0.0	240.0	0.0	0.0
rnfA_A0A3D1CZK5_m03	2.0	0.0	5.0	0.0	0.0	0.0	0.0	0.0	0.0	2.0	0.0	38.0	13.0	0.0	0.0	1.0	0.0	0.0	0.0	0.0	3.0	0.0	0.0	1.0	12.0	3.0	63.0	4.0	0.0	0.0	0.0	0.0	0.0	0.0	0.0	0.0	0.0	0.0	3.0	0.0	1.0	0.0	0.0	3.0	0.0	2.0	11.0	43.0	0.0	0.0	0.0	3.0	8.0	1.0	1.0	1.0	0.0	0.0	0.0	2.0	0.0	0.0	1.0	0.0
rnfA_A0A350BH36_m03	0.0	0.0	10.0	103.0	2.0	0.0	10.0	62.0	6.0	0.0	7.0	2.0	0.0	186.0	277.0	22.0	0.0	116.0	25.0	0.0	4.0	1358.0	11.0	5.0	3.0	0.0	1.0	1.0	1372.0	126.0	12.0	554.0	1.0	0.0	3.0	5.0	877.0	178.0	0.0	2.0	0.0	21.0	0.0	10.0	406.0	6.0	2.0	0.0	17.0	4.0	4.0	10.0	2.0	3.0	6.0	10.0	128.0	16.0	166.0	9.0	0.0	626.0	19.0	2.0
rnfA_A0A350BH36_m04	1.0	0.0	1.0	6.0	0.0	0.0	2.0	1.0	1.0	0.0	0.0	0.0	0.0	5.0	9.0	1.0	0.0	2.0	5.0	0.0	6.0	13.0	2.0	0.0	0.0	0.0	0.0	2.0	16.0	28.0	0.0	82.0	0.0	0.0	1.0	0.0	6.0	37.0	0.0	0.0	0.0	0.0	0.0	7.0	13.0	1.0	18.0	5.0	0.0	0.0	0.0	0.0	1.0	0.0	2.0	0.0	40.0	0.0	25.0	0.0	0.0	1.0	1.0	0.0
rnfA_A0A3D1CZK5_m04	0.0	0.0	8.0	0.0	0.0	0.0	0.0	0.0	0.0	0.0	1.0	0.0	2.0	0.0	0.0	8.0	0.0	0.0	0.0	0.0	0.0	0.0	4.0	0.0	9.0	0.0	2.0	3.0	0.0	0.0	12.0	0.0	0.0	0.0	0.0	10.0	0.0	0.0	2.0	3.0	0.0	16.0	0.0	0.0	0.0	0.0	1.0	2.0	3.0	0.0	2.0	3.0	1.0	0.0	0.0	2.0	0.0	1.0	0.0	0.0	0.0	0.0	1.0	0.0
rnfA_A0A3D1CZK5_m05	20.0	0.0	0.0	0.0	0.0	0.0	0.0	0.0	46.0	21.0	0.0	0.0	2.0	0.0	0.0	37.0	0.0	0.0	0.0	0.0	7.0	0.0	44.0	1.0	0.0	0.0	0.0	33.0	0.0	0.0	74.0	0.0	0.0	0.0	0.0	3.0	0.0	0.0	8.0	109.0	0.0	93.0	0.0	41.0	0.0	0.0	58.0	15.0	4.0	0.0	0.0	2.0	34.0	0.0	0.0	19.0	0.0	41.0	0.0	15.0	0.0	0.0	49.0	0.0
rnfA_A0A1V6HNN1_m04	44.0	0.0	83.0	0.0	0.0	0.0	13.0	0.0	45.0	55.0	0.0	438.0	4.0	0.0	0.0	149.0	0.0	0.0	6.0	0.0	65.0	0.0	28.0	22.0	271.0	0.0	177.0	188.0	0.0	0.0	49.0	1.0	4.0	0.0	0.0	120.0	0.0	9.0	29.0	26.0	0.0	50.0	19.0	135.0	0.0	32.0	305.0	163.0	29.0	0.0	47.0	75.0	139.0	89.0	68.0	103.0	0.0	62.0	13.0	24.0	0.0	0.0	46.0	0.0
rnfA_A0A350BH36_m06	0.0	0.0	0.0	1.0	0.0	0.0	0.0	2.0	0.0	0.0	0.0	0.0	0.0	5.0	3.0	1.0	0.0	2.0	0.0	0.0	0.0	58.0	0.0	0.0	0.0	0.0	0.0	0.0	57.0	2.0	0.0	7.0	1.0	0.0	0.0	0.0	31.0	2.0	1.0	0.0	0.0	0.0	0.0	0.0	14.0	0.0	2.0	0.0	1.0	0.0	0.0	0.0	0.0	0.0	0.0	0.0	1.0	1.0	1.0	0.0	0.0	19.0	1.0	0.0
rnfA_521719.ATXQ01000012_gene1623_m01	0.0	0.0	0.0	0.0	0.0	0.0	0.0	0.0	0.0	0.0	2.0	0.0	0.0	0.0	0.0	0.0	1.0	0.0	0.0	0.0	0.0	0.0	0.0	0.0	0.0	0.0	0.0	531.0	0.0	0.0	1.0	0.0	0.0	0.0	0.0	0.0	0.0	0.0	0.0	0.0	0.0	10.0	0.0	0.0	0.0	0.0	0.0	0.0	0.0	0.0	0.0	1.0	268.0	0.0	1.0	0.0	0.0	0.0	0.0	0.0	0.0	0.0	0.0	0.0
rnfA_A0A350BH36_m08	0.0	0.0	0.0	1.0	4.0	0.0	0.0	1.0	16.0	0.0	1.0	0.0	0.0	2.0	10.0	7.0	3.0	3.0	0.0	2.0	0.0	10.0	10.0	0.0	0.0	0.0	0.0	0.0	27.0	0.0	18.0	0.0	0.0	0.0	3.0	0.0	7.0	0.0	0.0	9.0	5.0	6.0	0.0	0.0	4.0	0.0	0.0	0.0	0.0	0.0	0.0	0.0	0.0	0.0	0.0	0.0	0.0	6.0	1.0	15.0	0.0	7.0	10.0	3.0
rnfA_A0A350BH36_m09	2.0	0.0	2.0	0.0	0.0	0.0	1.0	3.0	0.0	4.0	0.0	0.0	0.0	0.0	5.0	0.0	0.0	0.0	10.0	0.0	2.0	5.0	0.0	0.0	0.0	0.0	0.0	0.0	10.0	25.0	0.0	96.0	0.0	0.0	0.0	0.0	7.0	44.0	0.0	0.0	0.0	0.0	0.0	2.0	1.0	3.0	9.0	4.0	0.0	0.0	0.0	0.0	5.0	0.0	3.0	2.0	41.0	0.0	51.0	0.0	0.0	3.0	1.0	0.0
rnfA_A0A350BH36_m11	1.0	0.0	0.0	5.0	0.0	0.0	1.0	3.0	1.0	0.0	1.0	0.0	0.0	13.0	46.0	3.0	0.0	5.0	2.0	1.0	0.0	22.0	2.0	2.0	0.0	0.0	0.0	0.0	25.0	5.0	1.0	20.0	0.0	0.0	1.0	0.0	20.0	13.0	0.0	1.0	0.0	1.0	0.0	3.0	32.0	0.0	6.0	1.0	1.0	1.0	0.0	0.0	0.0	0.0	0.0	0.0	10.0	0.0	7.0	0.0	0.0	9.0	4.0	0.0
rnfA_A0A3D1CZK5_m06	21.0	0.0	22.0	0.0	0.0	1.0	10.0	0.0	1.0	29.0	0.0	407.0	190.0	0.0	0.0	0.0	0.0	0.0	0.0	0.0	19.0	2.0	5.0	4.0	146.0	22.0	419.0	52.0	0.0	0.0	3.0	0.0	11.0	0.0	0.0	36.0	0.0	0.0	21.0	8.0	19.0	9.0	0.0	53.0	0.0	16.0	79.0	294.0	2.0	0.0	2.0	25.0	59.0	27.0	1.0	24.0	0.0	4.0	3.0	9.0	0.0	0.0	0.0	0.0
rnfA_A0A350BH36_m12	1.0	0.0	3.0	0.0	0.0	0.0	0.0	0.0	0.0	6.0	0.0	0.0	0.0	0.0	3.0	0.0	0.0	0.0	17.0	0.0	0.0	3.0	0.0	5.0	0.0	0.0	0.0	0.0	9.0	29.0	0.0	124.0	0.0	0.0	1.0	6.0	4.0	43.0	2.0	0.0	1.0	3.0	0.0	11.0	1.0	0.0	39.0	15.0	0.0	0.0	3.0	0.0	0.0	1.0	3.0	1.0	51.0	2.0	40.0	0.0	0.0	5.0	0.0	0.0
rnfA_minf_MESINF_2698_m03	1.0	0.0	0.0	0.0	0.0	0.0	0.0	0.0	0.0	2.0	0.0	0.0	0.0	0.0	0.0	0.0	0.0	0.0	1.0	0.0	11.0	0.0	0.0	0.0	0.0	0.0	0.0	4.0	0.0	11.0	0.0	26.0	0.0	0.0	0.0	0.0	0.0	8.0	0.0	0.0	0.0	0.0	0.0	24.0	0.0	1.0	15.0	2.0	0.0	0.0	0.0	4.0	19.0	0.0	0.0	13.0	17.0	0.0	24.0	0.0	0.0	0.0	0.0	0.0
rnfA_521719.ATXQ01000012_gene1623_m02	0.0	0.0	0.0	0.0	0.0	0.0	0.0	0.0	0.0	0.0	0.0	0.0	0.0	0.0	0.0	3.0	0.0	0.0	0.0	0.0	0.0	0.0	0.0	0.0	0.0	0.0	0.0	1412.0	0.0	19.0	0.0	0.0	0.0	0.0	0.0	0.0	0.0	0.0	0.0	0.0	0.0	0.0	0.0	0.0	0.0	0.0	0.0	0.0	0.0	0.0	0.0	0.0	1.0	0.0	0.0	0.0	0.0	0.0	0.0	0.0	97.0	0.0	0.0	0.0
rnfA_A0A350BH36_m13	0.0	0.0	0.0	2.0	2.0	0.0	0.0	2.0	1.0	0.0	0.0	0.0	0.0	12.0	36.0	0.0	0.0	5.0	0.0	0.0	0.0	14.0	0.0	0.0	0.0	0.0	0.0	2.0	13.0	0.0	1.0	0.0	0.0	0.0	1.0	0.0	18.0	0.0	0.0	1.0	0.0	2.0	0.0	0.0	24.0	1.0	0.0	0.0	1.0	0.0	1.0	1.0	0.0	0.0	1.0	0.0	0.0	0.0	1.0	0.0	0.0	5.0	2.0	0.0
rnfA_A0A1V5J0G4_m08	5.0	0.0	2.0	2.0	0.0	0.0	1.0	0.0	0.0	4.0	0.0	1.0	0.0	0.0	3.0	0.0	0.0	0.0	0.0	0.0	2.0	6.0	0.0	5.0	2.0	1.0	0.0	2.0	0.0	9.0	0.0	0.0	0.0	0.0	1.0	0.0	0.0	31.0	3.0	1.0	1.0	0.0	0.0	8.0	5.0	0.0	8.0	5.0	0.0	0.0	0.0	1.0	0.0	2.0	4.0	4.0	0.0	0.0	40.0	1.0	0.0	0.0	0.0	0.0
rnfA_A0A1V5J0G4_m09	0.0	0.0	2.0	0.0	0.0	0.0	2.0	0.0	0.0	0.0	0.0	10.0	4.0	0.0	3.0	0.0	0.0	0.0	10.0	0.0	0.0	2.0	0.0	0.0	8.0	9.0	0.0	0.0	2.0	5.0	0.0	0.0	0.0	0.0	2.0	0.0	0.0	39.0	0.0	0.0	8.0	0.0	0.0	0.0	0.0	0.0	0.0	2.0	0.0	0.0	0.0	0.0	0.0	0.0	39.0	0.0	0.0	0.0	126.0	0.0	0.0	0.0	0.0	0.0
rnfA_A0A1V5J0G4_m12	2.0	0.0	1.0	0.0	0.0	0.0	2.0	0.0	0.0	2.0	0.0	0.0	0.0	0.0	4.0	0.0	0.0	0.0	0.0	0.0	0.0	14.0	0.0	1.0	0.0	0.0	0.0	3.0	10.0	0.0	0.0	0.0	0.0	0.0	2.0	0.0	10.0	0.0	3.0	0.0	0.0	0.0	0.0	0.0	0.0	0.0	8.0	3.0	0.0	0.0	0.0	3.0	2.0	0.0	8.0	0.0	0.0	0.0	0.0	0.0	0.0	16.0	0.0	0.0
