	ZB_1	ZB_2	ZB_3	ZB_4	ZB_5	ZB_6	ZB_7	ZB_8	ZB_9	ZB_10	ZB_11	ZB_12	ZB_13	ZB_14	ZB_15	ZB_16	ZB_17	ZB_18	ZB_19	ZB_20	ZB_21	ZB_22	ZB_23	ZB_24	ZB_25	ZB_26	ZB_27	ZB_28	ZB_29	ZB_30	ZB_31	ZB_32	ZB_33	ZB_34	ZB_35	ZB_36	ZB_37	ZB_38	ZB_39	ZB_40	ZB_41	ZB_42	ZB_43	ZB_44	ZB_45	ZB_46	ZB_47	ZB_48	ZB_49	ZB_50	ZB_51	ZB_52	ZB_53	ZB_54	ZB_55	ZB_56	ZB_57	ZB_58	ZB_59	ZB_60	ZB_61	ZB_62	ZB_63	ZB_64
rnfB_521003.COLINT_03341	5599.0	0.0	1.0	0.0	0.0	0.0	0.0	1.0	0.0	9347.0	38.0	0.0	0.0	3.0	3.0	0.0	12.0	0.0	0.0	0.0	4710.0	0.0	0.0	0.0	0.0	0.0	0.0	4328.0	0.0	0.0	7.0	0.0	0.0	0.0	14.0	1.0	0.0	0.0	9355.0	3.0	0.0	5.0	0.0	3515.0	3.0	0.0	5984.0	1856.0	0.0	0.0	1.0	0.0	2475.0	9.0	0.0	2258.0	0.0	7.0	0.0	0.0	0.0	0.0	0.0	1.0
rnfB_pet_PEIBARAKI_4908	0.0	11.0	6.0	47.0	13.0	82.0	0.0	17.0	0.0	0.0	4.0	11.0	2.0	15.0	70.0	0.0	4.0	11.0	8.0	32.0	0.0	53.0	4.0	8.0	2.0	1619.0	0.0	13.0	51.0	4.0	0.0	0.0	4.0	2.0	21.0	4.0	25.0	0.0	0.0	0.0	4.0	0.0	4.0	0.0	25.0	25.0	11.0	11.0	0.0	4.0	0.0	11.0	2.0	11.0	140.0	0.0	0.0	2.0	2.0	0.0	0.0	30.0	8.0	0.0
rnfB_742742.HMPREF9452_01801	5207.0	5.0	4.0	0.0	8.0	0.0	5.0	0.0	0.0	2572.0	21.0	0.0	0.0	7.0	4.0	1.0	35.0	0.0	0.0	1.0	1559.0	1.0	1.0	0.0	0.0	0.0	0.0	3863.0	1.0	0.0	0.0	0.0	0.0	0.0	9.0	21.0	1.0	0.0	2454.0	1.0	0.0	7.0	0.0	1077.0	22.0	0.0	3028.0	917.0	18.0	0.0	0.0	7.0	1811.0	22.0	0.0	1902.0	0.0	3.0	1.0	0.0	0.0	0.0	0.0	0.0
rnfB_pbt_ING2E5B_1676	25.0	15.0	2347.0	236.0	25.0	0.0	1119.0	221.0	1500.0	297.0	282.0	154.0	0.0	124.0	8.0	2191.0	11.0	177.0	4521.0	17.0	219.0	263.0	2189.0	1043.0	308.0	44.0	27.0	225.0	377.0	322.0	2143.0	1136.0	817.0	0.0	76.0	2962.0	421.0	2726.0	25.0	2353.0	1479.0	2415.0	723.0	312.0	124.0	1487.0	206.0	63.0	687.0	293.0	615.0	1536.0	236.0	535.0	761.0	129.0	2069.0	1243.0	4292.0	1726.0	36.0	114.0	2768.0	8.0
rnfB_pmuc_ING2E5A_1076	19.0	47.0	19.0	0.0	13.0	0.0	19.0	0.0	19.0	38.0	93.0	2.0	0.0	0.0	0.0	32.0	6.0	0.0	186.0	13.0	21.0	0.0	93.0	21.0	0.0	13.0	0.0	4.0	0.0	40.0	15.0	131.0	0.0	0.0	95.0	47.0	0.0	298.0	15.0	27.0	0.0	11.0	8.0	59.0	0.0	17.0	93.0	17.0	4.0	76.0	15.0	23.0	108.0	6.0	101.0	19.0	247.0	15.0	211.0	34.0	4.0	0.0	51.0	8.0
rnfB_2754.EH55_10525	0.0	0.0	0.0	0.0	0.0	0.0	0.0	0.0	0.0	2.0	0.0	0.0	0.0	0.0	0.0	0.0	0.0	0.0	0.0	0.0	13.0	0.0	0.0	0.0	0.0	0.0	0.0	0.0	0.0	0.0	0.0	0.0	0.0	0.0	0.0	0.0	0.0	0.0	0.0	0.0	0.0	0.0	0.0	9.0	0.0	0.0	35.0	11.0	0.0	2.0	0.0	0.0	0.0	0.0	0.0	0.0	0.0	0.0	0.0	0.0	0.0	0.0	0.0	0.0
rnfB_A0A1V5IEV8	4.0	0.0	6.0	8.0	0.0	0.0	4.0	0.0	0.0	29.0	0.0	0.0	0.0	0.0	2.0	0.0	2.0	10.0	4.0	0.0	4.0	0.0	0.0	4.0	0.0	0.0	0.0	51.0	0.0	0.0	0.0	4.0	8.0	0.0	0.0	4.0	2.0	20.0	4.0	0.0	53.0	0.0	0.0	61.0	6.0	8.0	25.0	8.0	0.0	0.0	0.0	4.0	53.0	0.0	10.0	20.0	6.0	0.0	65.0	0.0	0.0	0.0	0.0	0.0
rnfB_A0A353MNJ8	7.0	0.0	0.0	21.0	0.0	0.0	5.0	34.0	0.0	14.0	0.0	0.0	0.0	41.0	69.0	0.0	0.0	48.0	0.0	0.0	0.0	199.0	0.0	0.0	0.0	0.0	0.0	2.0	165.0	5.0	2.0	73.0	0.0	0.0	0.0	2.0	94.0	43.0	14.0	0.0	0.0	0.0	0.0	5.0	62.0	0.0	16.0	2.0	0.0	0.0	0.0	0.0	2.0	0.0	0.0	2.0	23.0	0.0	55.0	2.0	0.0	98.0	0.0	0.0
rnfB_A0A1V5J0E9_m41	0.0	0.0	0.0	0.0	0.0	0.0	0.0	0.0	0.0	0.0	0.0	0.0	0.0	0.0	2.0	4.0	0.0	0.0	0.0	0.0	0.0	0.0	0.0	0.0	0.0	0.0	0.0	0.0	0.0	0.0	0.0	0.0	2.0	0.0	0.0	0.0	2.0	0.0	0.0	0.0	0.0	0.0	0.0	0.0	0.0	0.0	0.0	0.0	0.0	0.0	0.0	0.0	0.0	0.0	0.0	0.0	0.0	0.0	2.0	0.0	0.0	0.0	0.0	0.0
rnfB_A0A1V5J0E9	20.0	0.0	2.0	22.0	0.0	0.0	0.0	0.0	48.0	11.0	0.0	72.0	0.0	9.0	105.0	64.0	0.0	11.0	70.0	0.0	9.0	186.0	90.0	0.0	90.0	90.0	22.0	13.0	226.0	145.0	55.0	31.0	66.0	0.0	0.0	2.0	125.0	184.0	31.0	28.0	66.0	44.0	0.0	11.0	35.0	0.0	61.0	68.0	4.0	2.0	0.0	4.0	28.0	31.0	261.0	2.0	18.0	42.0	574.0	26.0	0.0	92.0	77.0	0.0
rnfB_WP_044665240.1	0.0	5615.0	48.0	420.0	8885.0	0.0	20.0	1441.0	4.0	2.0	11530.0	4.0	0.0	1496.0	328.0	7.0	5825.0	596.0	2.0	5873.0	0.0	77.0	4.0	9.0	11.0	2.0	0.0	2.0	50.0	0.0	15.0	0.0	42.0	0.0	7505.0	322.0	83.0	0.0	0.0	0.0	105.0	339.0	0.0	22.0	1800.0	13.0	4.0	0.0	129.0	5817.0	72.0	35.0	0.0	26.0	4.0	0.0	0.0	0.0	0.0	0.0	4962.0	33.0	2.0	6360.0
rnfB_A0A349HS48	2.0	7.0	394.0	0.0	9.0	0.0	1933.0	7.0	0.0	0.0	5.0	0.0	0.0	170.0	5.0	0.0	0.0	11.0	2.0	5.0	0.0	321.0	0.0	251.0	0.0	0.0	2.0	0.0	201.0	38.0	0.0	439.0	5.0	0.0	11.0	1079.0	88.0	215.0	0.0	0.0	0.0	0.0	278.0	0.0	129.0	552.0	5.0	0.0	77.0	5.0	1464.0	1783.0	2.0	0.0	0.0	5.0	348.0	5.0	84.0	0.0	0.0	263.0	0.0	0.0
rnfB_572547.Amico_1262	0.0	196.0	39.0	102.0	412.0	0.0	30.0	243.0	6.0	6.0	434.0	625.0	17.0	276.0	144.0	6.0	171.0	235.0	406.0	348.0	3.0	520.0	6.0	22.0	481.0	14.0	122.0	14.0	326.0	8.0	0.0	80.0	1017.0	0.0	315.0	69.0	246.0	133.0	0.0	17.0	1465.0	14.0	17.0	0.0	409.0	69.0	11.0	53.0	22.0	440.0	33.0	50.0	3.0	578.0	185.0	3.0	119.0	11.0	495.0	3.0	351.0	293.0	3.0	235.0
rnfB_1123034.JMKP01000007_gene1067	0.0	4996.0	0.0	0.0	0.0	0.0	0.0	0.0	0.0	0.0	403.0	0.0	0.0	0.0	0.0	0.0	0.0	0.0	0.0	2.0	0.0	0.0	2.0	0.0	0.0	0.0	0.0	0.0	0.0	0.0	0.0	0.0	0.0	0.0	128.0	0.0	0.0	0.0	0.0	0.0	0.0	0.0	0.0	0.0	0.0	0.0	0.0	0.0	0.0	38.0	0.0	0.0	0.0	0.0	0.0	0.0	0.0	0.0	0.0	0.0	0.0	0.0	0.0	0.0
rnfB_WP_077450917.1	0.0	69.0	0.0	15.0	0.0	0.0	0.0	0.0	0.0	0.0	1153.0	0.0	0.0	4.0	0.0	0.0	0.0	0.0	4.0	93.0	7.0	4.0	0.0	0.0	0.0	0.0	0.0	0.0	0.0	0.0	4.0	0.0	0.0	0.0	2502.0	0.0	0.0	0.0	0.0	0.0	0.0	0.0	0.0	0.0	0.0	0.0	2003.0	613.0	0.0	930.0	0.0	0.0	0.0	0.0	0.0	40.0	0.0	20.0	2.0	0.0	877.0	0.0	0.0	0.0
rnfB_A0A425W7E6	0.0	4.0	0.0	0.0	607.0	0.0	0.0	0.0	0.0	0.0	360.0	0.0	0.0	0.0	0.0	0.0	383.0	0.0	0.0	2.0	0.0	0.0	0.0	0.0	0.0	0.0	0.0	0.0	0.0	0.0	0.0	0.0	0.0	0.0	6.0	0.0	0.0	0.0	0.0	0.0	0.0	0.0	0.0	0.0	2.0	0.0	0.0	0.0	0.0	0.0	0.0	0.0	0.0	0.0	0.0	0.0	4.0	0.0	0.0	0.0	4.0	0.0	0.0	268.0
rnfB_572547.Amico_0110	5.0	220.0	27.0	117.0	501.0	5.0	25.0	204.0	0.0	0.0	375.0	483.0	2.0	185.0	80.0	5.0	208.0	325.0	373.0	352.0	0.0	426.0	5.0	30.0	462.0	21.0	112.0	9.0	259.0	7.0	0.0	80.0	1066.0	0.0	293.0	62.0	217.0	94.0	5.0	5.0	1222.0	18.0	5.0	7.0	355.0	39.0	7.0	27.0	14.0	538.0	11.0	50.0	0.0	465.0	231.0	11.0	94.0	5.0	519.0	0.0	346.0	302.0	14.0	165.0
rnfB_psac_PSM36_0885	0.0	0.0	6.0	0.0	0.0	0.0	0.0	0.0	0.0	0.0	34.0	0.0	0.0	0.0	0.0	0.0	2.0	0.0	59.0	0.0	0.0	0.0	0.0	0.0	0.0	15.0	6.0	0.0	0.0	0.0	4.0	0.0	0.0	0.0	4.0	0.0	0.0	4.0	0.0	0.0	0.0	4.0	0.0	0.0	2.0	0.0	0.0	0.0	0.0	6.0	0.0	0.0	2.0	0.0	78.0	0.0	0.0	0.0	0.0	0.0	0.0	0.0	0.0	0.0
rnfB_202956.BBNL01000007_gene2228	0.0	0.0	0.0	0.0	0.0	0.0	16.0	0.0	0.0	0.0	35.0	0.0	0.0	0.0	0.0	0.0	0.0	0.0	0.0	0.0	0.0	0.0	0.0	0.0	0.0	0.0	0.0	0.0	0.0	0.0	0.0	0.0	0.0	5.0	9.0	0.0	0.0	0.0	0.0	0.0	0.0	0.0	0.0	0.0	0.0	0.0	0.0	0.0	0.0	42.0	0.0	0.0	0.0	0.0	0.0	0.0	0.0	0.0	0.0	0.0	2.0	0.0	0.0	0.0
rnfB_WP_106776872.1	0.0	0.0	0.0	51.0	0.0	0.0	0.0	0.0	0.0	0.0	2.0	0.0	32.0	0.0	0.0	0.0	2.0	92.0	0.0	0.0	0.0	530.0	0.0	0.0	0.0	0.0	4.0	0.0	517.0	0.0	0.0	0.0	0.0	0.0	0.0	4.0	716.0	0.0	0.0	0.0	0.0	0.0	0.0	0.0	0.0	0.0	0.0	0.0	11.0	0.0	0.0	0.0	0.0	0.0	0.0	0.0	0.0	0.0	0.0	0.0	0.0	28.0	0.0	0.0
rnfB_865861.AZSU01000005_gene895	0.0	4.0	0.0	0.0	9.0	0.0	0.0	0.0	0.0	0.0	4.0	0.0	0.0	4.0	0.0	0.0	7.0	0.0	0.0	2.0	0.0	4.0	2.0	0.0	0.0	0.0	0.0	0.0	2.0	0.0	0.0	2.0	0.0	0.0	0.0	4.0	7.0	0.0	0.0	0.0	0.0	0.0	0.0	0.0	0.0	0.0	0.0	0.0	0.0	0.0	2.0	0.0	0.0	0.0	4.0	0.0	2.0	0.0	0.0	0.0	0.0	2.0	0.0	0.0
rnfB_WP_077448212.1_m38	0.0	97.0	0.0	0.0	0.0	0.0	0.0	0.0	631.0	0.0	0.0	0.0	0.0	0.0	0.0	279.0	0.0	0.0	0.0	4.0	0.0	0.0	0.0	0.0	0.0	0.0	0.0	0.0	0.0	0.0	0.0	0.0	0.0	0.0	60.0	0.0	13.0	0.0	2.0	93.0	0.0	1242.0	0.0	0.0	0.0	0.0	0.0	0.0	0.0	0.0	9.0	0.0	104.0	0.0	0.0	0.0	0.0	133.0	0.0	177.0	2.0	0.0	0.0	0.0
rnfB_WP_077448212.1	0.0	1576.0	0.0	186.0	42.0	0.0	0.0	0.0	3905.0	0.0	0.0	0.0	0.0	20.0	0.0	2112.0	2.0	55.0	0.0	22.0	0.0	40.0	0.0	0.0	0.0	0.0	2.0	20.0	0.0	0.0	0.0	0.0	0.0	0.0	1275.0	4.0	1107.0	0.0	22.0	1944.0	0.0	5008.0	0.0	0.0	4.0	0.0	0.0	0.0	11.0	15.0	4456.0	0.0	463.0	0.0	0.0	135.0	0.0	1211.0	0.0	910.0	7.0	0.0	0.0	0.0
rnfB_A0A353NNM0	2.0	88.0	9.0	42.0	103.0	0.0	0.0	48.0	0.0	0.0	303.0	0.0	0.0	15.0	4.0	0.0	105.0	13.0	0.0	112.0	0.0	4.0	4.0	0.0	4.0	0.0	0.0	0.0	0.0	0.0	0.0	0.0	7.0	0.0	123.0	20.0	0.0	0.0	0.0	0.0	4.0	0.0	2.0	0.0	40.0	0.0	0.0	0.0	7.0	284.0	4.0	0.0	0.0	0.0	0.0	0.0	4.0	0.0	0.0	0.0	136.0	0.0	0.0	86.0
rnfB_WP_071121274.1	0.0	0.0	0.0	0.0	0.0	2.0	0.0	0.0	0.0	0.0	2.0	2.0	11.0	0.0	0.0	0.0	0.0	0.0	26.0	0.0	0.0	0.0	0.0	0.0	0.0	4.0	8.0	0.0	0.0	13.0	0.0	6.0	0.0	8.0	0.0	0.0	0.0	0.0	0.0	0.0	0.0	0.0	0.0	0.0	0.0	4.0	0.0	0.0	0.0	0.0	0.0	0.0	0.0	0.0	0.0	0.0	2.0	0.0	2.0	0.0	0.0	0.0	0.0	0.0
rnfB_WP_073125846.1	0.0	0.0	38.0	0.0	0.0	0.0	0.0	0.0	0.0	0.0	4.0	0.0	0.0	0.0	0.0	0.0	0.0	0.0	0.0	0.0	70.0	0.0	0.0	6.0	0.0	0.0	8.0	0.0	0.0	0.0	0.0	0.0	0.0	0.0	0.0	0.0	8.0	0.0	0.0	0.0	0.0	0.0	0.0	0.0	0.0	0.0	0.0	4.0	0.0	0.0	0.0	4.0	0.0	8.0	0.0	0.0	0.0	8.0	0.0	0.0	0.0	0.0	0.0	4.0
rnfB_865861.AZSU01000001_gene65	1.0	0.0	1.0	1.0	2.0	0.0	2.0	2.0	0.0	0.0	1.0	0.0	0.0	4.0	3.0	0.0	0.0	3.0	0.0	2.0	0.0	8.0	2.0	0.0	0.0	0.0	0.0	0.0	12.0	0.0	0.0	0.0	1.0	0.0	3.0	2.0	8.0	0.0	0.0	0.0	0.0	0.0	2.0	0.0	2.0	0.0	0.0	0.0	2.0	5.0	0.0	0.0	0.0	0.0	5.0	0.0	2.0	0.0	4.0	0.0	0.0	4.0	0.0	8.0
rnfB_A0A1V6CRT5	8.0	0.0	0.0	0.0	0.0	0.0	0.0	2.0	0.0	0.0	0.0	426.0	0.0	0.0	0.0	0.0	0.0	0.0	0.0	0.0	0.0	0.0	0.0	0.0	827.0	0.0	170.0	8.0	0.0	0.0	0.0	0.0	395.0	0.0	0.0	0.0	0.0	0.0	0.0	0.0	269.0	0.0	0.0	0.0	0.0	0.0	0.0	2.0	0.0	0.0	0.0	0.0	13.0	603.0	0.0	2.0	0.0	0.0	0.0	0.0	0.0	0.0	0.0	0.0
rnfB_192952.MM_0664	0.0	0.0	213.0	8.0	0.0	4.0	226.0	3.0	0.0	0.0	0.0	0.0	0.0	16.0	0.0	0.0	0.0	10.0	597.0	0.0	0.0	0.0	0.0	51.0	110.0	1.0	0.0	0.0	0.0	17.0	0.0	48.0	944.0	8.0	0.0	666.0	0.0	225.0	0.0	0.0	1459.0	0.0	110.0	0.0	5.0	55.0	0.0	0.0	274.0	0.0	204.0	303.0	0.0	541.0	16.0	0.0	98.0	0.0	207.0	0.0	0.0	0.0	0.0	0.0
rnfB_WP_128426083.1	0.0	0.0	0.0	0.0	0.0	0.0	0.0	0.0	0.0	0.0	0.0	55.0	77.0	0.0	0.0	0.0	0.0	0.0	0.0	0.0	0.0	0.0	0.0	0.0	13.0	0.0	31.0	0.0	0.0	0.0	0.0	0.0	0.0	0.0	0.0	0.0	0.0	0.0	0.0	0.0	0.0	0.0	0.0	2.0	0.0	0.0	0.0	46.0	0.0	2.0	0.0	0.0	0.0	4.0	0.0	0.0	0.0	0.0	0.0	0.0	0.0	0.0	0.0	0.0
rnfB_335284.Pcryo_0852	0.0	2.0	0.0	350.0	22.0	0.0	0.0	0.0	0.0	0.0	0.0	0.0	152.0	4.0	0.0	0.0	0.0	7.0	0.0	9.0	0.0	20.0	0.0	1585.0	0.0	0.0	0.0	78.0	4.0	252.0	4.0	80.0	0.0	0.0	63.0	9.0	17.0	0.0	0.0	15.0	0.0	0.0	0.0	0.0	0.0	0.0	0.0	0.0	2257.0	0.0	894.0	4.0	0.0	0.0	4.0	913.0	0.0	0.0	0.0	198.0	13.0	4.0	0.0	0.0
rnfB_psyc_DABAL43B_1011	0.0	36.0	0.0	0.0	38.0	0.0	0.0	0.0	0.0	0.0	0.0	0.0	10.0	0.0	0.0	0.0	6.0	0.0	0.0	86.0	0.0	2.0	0.0	16.0	0.0	0.0	0.0	316.0	0.0	4.0	0.0	0.0	0.0	0.0	111.0	30.0	0.0	0.0	0.0	0.0	0.0	0.0	0.0	0.0	0.0	2.0	0.0	0.0	6520.0	2.0	121.0	0.0	0.0	0.0	0.0	1592.0	0.0	0.0	0.0	390.0	88.0	0.0	0.0	0.0
rnfB_1112209.AHVZ01000014_gene2458	2.0	13.0	0.0	1202.0	2.0	0.0	0.0	0.0	0.0	0.0	0.0	0.0	1646.0	4.0	2.0	0.0	0.0	11.0	0.0	7.0	0.0	209.0	0.0	12358.0	2.0	2.0	24.0	0.0	18.0	1569.0	24.0	462.0	0.0	0.0	134.0	0.0	141.0	0.0	0.0	88.0	0.0	2.0	0.0	0.0	0.0	4.0	0.0	0.0	2.0	4.0	7470.0	4.0	0.0	0.0	37.0	659.0	0.0	7.0	0.0	79.0	0.0	35.0	0.0	0.0
rnfB_435850630	2.0	0.0	0.0	0.0	0.0	48.0	0.0	0.0	0.0	0.0	0.0	0.0	25.0	0.0	0.0	0.0	0.0	0.0	43.0	0.0	0.0	0.0	0.0	0.0	2.0	34.0	2.0	0.0	0.0	59.0	0.0	14.0	0.0	36.0	0.0	0.0	0.0	2.0	0.0	0.0	0.0	0.0	0.0	2.0	0.0	0.0	0.0	0.0	0.0	0.0	0.0	0.0	0.0	5.0	36.0	0.0	7.0	0.0	5.0	0.0	0.0	0.0	0.0	0.0
rnfB_1410668.JNKC01000005_gene2331	0.0	0.0	4.0	0.0	0.0	0.0	0.0	0.0	0.0	0.0	0.0	0.0	15.0	0.0	0.0	0.0	0.0	0.0	0.0	0.0	0.0	0.0	0.0	0.0	0.0	0.0	4.0	0.0	0.0	0.0	0.0	0.0	0.0	29.0	0.0	0.0	0.0	0.0	0.0	0.0	0.0	0.0	0.0	0.0	0.0	0.0	0.0	0.0	4.0	0.0	0.0	0.0	29.0	0.0	20.0	0.0	0.0	0.0	0.0	0.0	0.0	0.0	0.0	2.0
rnfB_WP_072971572.1	0.0	2.0	815.0	204.0	2.0	0.0	885.0	124.0	0.0	0.0	0.0	0.0	0.0	559.0	70.0	0.0	0.0	631.0	5.0	5.0	0.0	740.0	0.0	50.0	0.0	0.0	0.0	0.0	1516.0	2.0	0.0	0.0	0.0	0.0	0.0	428.0	1227.0	0.0	0.0	0.0	0.0	0.0	224.0	0.0	342.0	355.0	0.0	0.0	249.0	0.0	66.0	706.0	0.0	0.0	2.0	0.0	0.0	0.0	0.0	0.0	0.0	851.0	0.0	0.0
rnfB_hsc_HVS_01685	0.0	0.0	0.0	0.0	0.0	0.0	0.0	11.0	0.0	0.0	0.0	2.0	0.0	32.0	39.0	2.0	0.0	23.0	0.0	0.0	0.0	5.0	0.0	0.0	2.0	0.0	0.0	0.0	14.0	9.0	2.0	11.0	0.0	0.0	0.0	0.0	14.0	14.0	0.0	0.0	0.0	0.0	0.0	0.0	2.0	0.0	0.0	0.0	0.0	0.0	0.0	0.0	0.0	2.0	2.0	0.0	9.0	0.0	2.0	0.0	0.0	2.0	0.0	0.0
rnfB_1209989.TepiRe1_2026	0.0	2.0	0.0	0.0	0.0	0.0	0.0	0.0	0.0	0.0	0.0	0.0	0.0	0.0	0.0	0.0	4.0	0.0	4.0	0.0	0.0	2.0	2.0	0.0	0.0	2.0	0.0	0.0	0.0	0.0	0.0	11.0	0.0	0.0	0.0	4.0	0.0	4.0	0.0	0.0	0.0	0.0	0.0	0.0	0.0	0.0	0.0	0.0	0.0	2.0	0.0	0.0	0.0	0.0	25.0	0.0	0.0	0.0	55.0	0.0	0.0	0.0	0.0	0.0
rnfB_WP_091974231.1	0.0	0.0	0.0	4.0	0.0	0.0	0.0	0.0	0.0	0.0	0.0	0.0	0.0	0.0	0.0	0.0	0.0	11.0	0.0	0.0	0.0	0.0	0.0	0.0	0.0	0.0	0.0	0.0	13.0	0.0	0.0	0.0	0.0	0.0	0.0	0.0	26.0	0.0	0.0	0.0	0.0	0.0	2.0	0.0	0.0	0.0	0.0	0.0	0.0	0.0	0.0	0.0	0.0	0.0	0.0	0.0	0.0	0.0	0.0	0.0	0.0	0.0	0.0	0.0
rnfB_WP_089862940.1	0.0	0.0	32.0	0.0	8.0	0.0	0.0	0.0	0.0	0.0	0.0	0.0	0.0	0.0	0.0	0.0	0.0	0.0	0.0	0.0	4.0	0.0	0.0	0.0	0.0	0.0	4.0	0.0	10.0	0.0	0.0	0.0	0.0	0.0	0.0	0.0	0.0	0.0	0.0	0.0	0.0	0.0	0.0	0.0	0.0	0.0	0.0	0.0	0.0	0.0	0.0	0.0	0.0	0.0	0.0	0.0	0.0	0.0	0.0	0.0	0.0	0.0	0.0	2.0
rnfB_WP_079589981.1	0.0	0.0	0.0	0.0	0.0	0.0	0.0	0.0	0.0	0.0	0.0	0.0	0.0	0.0	0.0	0.0	0.0	0.0	0.0	0.0	0.0	0.0	0.0	0.0	0.0	0.0	0.0	0.0	0.0	0.0	0.0	0.0	0.0	54.0	0.0	0.0	0.0	0.0	0.0	0.0	0.0	0.0	0.0	0.0	0.0	0.0	0.0	0.0	0.0	0.0	0.0	0.0	0.0	0.0	0.0	0.0	0.0	0.0	0.0	0.0	0.0	0.0	0.0	0.0
rnfB_pet_PEIBARAKI_4908_m01	95.0	0.0	406.0	2.0	0.0	0.0	169.0	0.0	0.0	137.0	0.0	0.0	0.0	0.0	0.0	0.0	2.0	0.0	0.0	0.0	89.0	0.0	0.0	40.0	0.0	0.0	0.0	116.0	0.0	0.0	0.0	0.0	0.0	0.0	4.0	442.0	0.0	0.0	57.0	0.0	0.0	0.0	44.0	292.0	0.0	114.0	59.0	19.0	165.0	0.0	203.0	319.0	503.0	0.0	0.0	347.0	0.0	0.0	0.0	0.0	0.0	0.0	0.0	0.0
rnfB_A0A353MNJ8_m01	14.0	0.0	14.0	62.0	0.0	0.0	9.0	92.0	23.0	5.0	2.0	0.0	0.0	169.0	231.0	25.0	0.0	94.0	0.0	7.0	2.0	293.0	9.0	32.0	0.0	0.0	0.0	9.0	359.0	96.0	18.0	545.0	0.0	0.0	0.0	57.0	215.0	98.0	0.0	14.0	0.0	39.0	0.0	0.0	247.0	62.0	0.0	0.0	14.0	5.0	14.0	21.0	0.0	0.0	0.0	7.0	130.0	2.0	55.0	9.0	2.0	105.0	16.0	0.0
rnfB_A0A349HS48_m01	2.0	5.0	11.0	0.0	0.0	0.0	43.0	0.0	2.0	16.0	0.0	100.0	5.0	7.0	5.0	11.0	0.0	0.0	50.0	5.0	7.0	0.0	9.0	9.0	41.0	7.0	23.0	16.0	5.0	27.0	9.0	50.0	14.0	0.0	0.0	2.0	0.0	29.0	0.0	2.0	23.0	0.0	0.0	32.0	0.0	9.0	18.0	7.0	0.0	0.0	5.0	32.0	52.0	54.0	152.0	9.0	36.0	9.0	183.0	0.0	2.0	11.0	7.0	0.0
rnfB_1123034.JMKP01000007_gene1067_m01	0.0	157.0	0.0	9.0	0.0	0.0	0.0	0.0	0.0	0.0	184.0	0.0	0.0	0.0	0.0	0.0	0.0	0.0	0.0	13.0	0.0	0.0	0.0	0.0	0.0	0.0	0.0	0.0	0.0	0.0	0.0	0.0	0.0	0.0	514.0	0.0	0.0	0.0	0.0	0.0	0.0	0.0	0.0	0.0	0.0	0.0	365.0	106.0	0.0	266.0	0.0	0.0	0.0	0.0	0.0	0.0	0.0	2.0	0.0	0.0	142.0	0.0	0.0	0.0
rnfB_WP_077450917.1_m01	0.0	35.0	0.0	0.0	0.0	0.0	0.0	0.0	0.0	0.0	82.0	0.0	0.0	0.0	0.0	0.0	0.0	0.0	0.0	0.0	0.0	0.0	0.0	0.0	0.0	0.0	0.0	0.0	0.0	0.0	0.0	0.0	0.0	0.0	317.0	0.0	0.0	0.0	0.0	0.0	0.0	0.0	0.0	0.0	0.0	0.0	0.0	0.0	0.0	108.0	0.0	0.0	0.0	0.0	0.0	7.0	0.0	2.0	0.0	0.0	46.0	0.0	0.0	0.0
rnfB_A0A425W7E6_m01	0.0	13.0	0.0	0.0	4.0	0.0	0.0	0.0	0.0	0.0	36.0	0.0	0.0	232.0	40.0	0.0	13.0	0.0	0.0	4.0	0.0	0.0	0.0	0.0	0.0	0.0	0.0	0.0	0.0	0.0	0.0	0.0	0.0	0.0	13.0	0.0	0.0	0.0	0.0	0.0	0.0	0.0	0.0	0.0	301.0	0.0	0.0	0.0	0.0	0.0	0.0	0.0	0.0	0.0	0.0	0.0	0.0	0.0	0.0	0.0	0.0	0.0	0.0	0.0
rnfB_192952.MM_0664_m01	0.0	0.0	242.0	0.0	0.0	3.0	1514.0	0.0	0.0	0.0	0.0	0.0	1.0	0.0	0.0	0.0	3.0	0.0	238.0	0.0	0.0	0.0	0.0	5143.0	0.0	3.0	0.0	0.0	0.0	3193.0	0.0	1873.0	3.0	8.0	0.0	187.0	1.0	2074.0	0.0	0.0	0.0	0.0	9314.0	0.0	3.0	6564.0	0.0	0.0	139.0	0.0	188.0	800.0	0.0	0.0	0.0	0.0	1702.0	4.0	490.0	0.0	0.0	0.0	0.0	0.0
rnfB_pet_PEIBARAKI_4908_m02	23.0	0.0	42.0	0.0	0.0	0.0	4.0	0.0	32.0	106.0	0.0	0.0	0.0	0.0	0.0	30.0	0.0	0.0	0.0	0.0	125.0	0.0	101.0	4.0	0.0	0.0	0.0	23.0	0.0	0.0	36.0	0.0	0.0	0.0	0.0	30.0	0.0	0.0	38.0	59.0	0.0	205.0	2.0	275.0	2.0	0.0	70.0	15.0	6.0	0.0	15.0	17.0	184.0	0.0	2.0	42.0	0.0	32.0	0.0	55.0	0.0	0.0	66.0	0.0
rnfB_A0A353MNJ8_m03	5.0	0.0	0.0	18.0	7.0	0.0	0.0	5.0	14.0	0.0	0.0	5.0	0.0	21.0	48.0	14.0	0.0	41.0	2.0	2.0	0.0	192.0	18.0	2.0	5.0	0.0	0.0	2.0	162.0	0.0	18.0	0.0	0.0	0.0	0.0	0.0	76.0	34.0	2.0	9.0	2.0	2.0	0.0	5.0	41.0	0.0	9.0	5.0	5.0	0.0	0.0	0.0	7.0	0.0	0.0	0.0	11.0	11.0	43.0	5.0	0.0	71.0	9.0	0.0
rnfB_A0A349HS48_m02	9.0	29.0	18.0	34.0	20.0	0.0	127.0	9.0	20.0	36.0	29.0	5.0	5.0	224.0	66.0	5.0	0.0	97.0	57.0	0.0	11.0	348.0	34.0	9.0	25.0	0.0	7.0	38.0	165.0	38.0	14.0	760.0	7.0	0.0	61.0	14.0	70.0	448.0	2.0	9.0	11.0	0.0	9.0	38.0	272.0	38.0	29.0	16.0	0.0	72.0	5.0	32.0	32.0	16.0	18.0	16.0	683.0	2.0	272.0	11.0	0.0	324.0	0.0	0.0
rnfB_WP_077450917.1_m02	0.0	31.0	0.0	13.0	0.0	0.0	0.0	0.0	0.0	0.0	166.0	0.0	0.0	0.0	0.0	0.0	0.0	0.0	0.0	0.0	0.0	0.0	0.0	0.0	0.0	0.0	0.0	0.0	0.0	0.0	0.0	0.0	0.0	0.0	58.0	0.0	71.0	0.0	0.0	0.0	0.0	0.0	0.0	0.0	0.0	0.0	0.0	0.0	0.0	277.0	0.0	0.0	0.0	0.0	0.0	0.0	0.0	0.0	0.0	0.0	18.0	0.0	0.0	0.0
rnfB_192952.MM_0664_m02	0.0	0.0	213.0	8.0	0.0	0.0	845.0	9.0	0.0	0.0	0.0	0.0	0.0	9.0	6.0	0.0	0.0	10.0	850.0	0.0	0.0	3.0	0.0	2807.0	98.0	0.0	0.0	0.0	5.0	1053.0	0.0	774.0	595.0	0.0	0.0	432.0	9.0	1218.0	0.0	0.0	884.0	0.0	5555.0	0.0	12.0	3405.0	0.0	0.0	151.0	0.0	211.0	581.0	0.0	406.0	10.0	0.0	737.0	0.0	385.0	0.0	0.0	9.0	0.0	0.0
rnfB_192952.MM_0664_m03	0.0	0.0	83.0	0.0	0.0	9.0	299.0	0.0	0.0	0.0	0.0	5.0	9.0	0.0	0.0	0.0	1.0	0.0	103.0	0.0	0.0	0.0	0.0	20.0	0.0	5.0	3.0	0.0	0.0	17.0	0.0	0.0	6.0	10.0	0.0	47.0	0.0	14.0	0.0	0.0	10.0	0.0	26.0	0.0	0.0	8.0	0.0	3.0	13.0	0.0	29.0	259.0	0.0	4.0	72.0	0.0	0.0	0.0	0.0	0.0	0.0	0.0	0.0	1.0
rnfB_pet_PEIBARAKI_4908_m03	0.0	0.0	0.0	0.0	0.0	38.0	0.0	0.0	0.0	0.0	0.0	0.0	0.0	0.0	0.0	0.0	0.0	0.0	0.0	0.0	0.0	6.0	0.0	0.0	0.0	457.0	0.0	0.0	4.0	0.0	0.0	0.0	0.0	8.0	0.0	0.0	0.0	0.0	0.0	0.0	0.0	0.0	0.0	0.0	0.0	0.0	0.0	0.0	0.0	0.0	0.0	0.0	0.0	0.0	49.0	2.0	0.0	0.0	0.0	0.0	0.0	0.0	0.0	0.0
rnfB_1123034.JMKP01000007_gene1067_m02	0.0	82.0	0.0	0.0	0.0	0.0	0.0	0.0	0.0	0.0	86.0	0.0	0.0	0.0	0.0	0.0	0.0	0.0	0.0	4.0	0.0	0.0	0.0	0.0	0.0	0.0	0.0	0.0	0.0	0.0	0.0	0.0	0.0	0.0	622.0	0.0	0.0	0.0	0.0	0.0	0.0	0.0	0.0	0.0	0.0	0.0	0.0	0.0	0.0	186.0	0.0	0.0	0.0	0.0	0.0	24.0	0.0	0.0	0.0	0.0	151.0	0.0	0.0	0.0
rnfB_192952.MM_0664_m04	1.0	0.0	160.0	4.0	3.0	12.0	341.0	14.0	0.0	0.0	0.0	0.0	0.0	13.0	0.0	0.0	3.0	12.0	1079.0	3.0	0.0	0.0	0.0	77.0	190.0	3.0	0.0	0.0	0.0	34.0	0.0	107.0	901.0	10.0	0.0	273.0	10.0	711.0	0.0	0.0	1295.0	0.0	104.0	0.0	4.0	233.0	0.0	0.0	117.0	0.0	82.0	381.0	0.0	673.0	16.0	0.0	286.0	0.0	368.0	0.0	0.0	0.0	0.0	0.0
rnfB_192952.MM_0664_m05	0.0	0.0	140.0	0.0	0.0	8.0	222.0	3.0	0.0	0.0	0.0	0.0	0.0	6.0	0.0	0.0	0.0	12.0	254.0	0.0	0.0	0.0	0.0	130.0	177.0	4.0	0.0	0.0	0.0	62.0	0.0	58.0	858.0	17.0	0.0	482.0	0.0	266.0	0.0	0.0	1417.0	0.0	218.0	0.0	4.0	130.0	0.0	0.0	228.0	0.0	194.0	343.0	0.0	627.0	13.0	0.0	143.0	0.0	196.0	0.0	0.0	0.0	0.0	0.0
rnfB_1232436.CAPF01000089_gene293_m01	7358.0	9.0	0.0	0.0	3.0	0.0	0.0	0.0	0.0	10965.0	35.0	0.0	0.0	4.0	1.0	0.0	20.0	0.0	0.0	0.0	5986.0	1.0	0.0	0.0	0.0	0.0	0.0	5170.0	0.0	0.0	4.0	0.0	0.0	0.0	24.0	1.0	0.0	0.0	11617.0	13.0	0.0	13.0	0.0	4421.0	3.0	0.0	7547.0	2269.0	3.0	0.0	3.0	0.0	3230.0	18.0	3.0	2722.0	0.0	24.0	0.0	0.0	0.0	0.0	3.0	3.0
rnfB_1112209.AHVZ01000014_gene2458_m01	0.0	13.0	0.0	7.0	2.0	0.0	0.0	2.0	0.0	0.0	0.0	0.0	925.0	0.0	0.0	0.0	0.0	0.0	0.0	42.0	0.0	596.0	0.0	343.0	0.0	2.0	0.0	62.0	4.0	121.0	0.0	112.0	0.0	0.0	24.0	13.0	9.0	0.0	0.0	2.0	0.0	0.0	0.0	0.0	0.0	0.0	0.0	2.0	2490.0	0.0	218.0	0.0	0.0	0.0	2.0	514.0	0.0	0.0	0.0	116.0	20.0	431.0	0.0	0.0
rnfB_pet_PEIBARAKI_4908_m04	15.0	0.0	97.0	0.0	0.0	0.0	8.0	0.0	2.0	15.0	2.0	0.0	0.0	0.0	0.0	0.0	0.0	0.0	2.0	0.0	19.0	0.0	2.0	11.0	0.0	27.0	0.0	11.0	0.0	0.0	0.0	0.0	0.0	0.0	0.0	131.0	0.0	0.0	6.0	2.0	0.0	2.0	4.0	40.0	0.0	19.0	8.0	4.0	49.0	0.0	87.0	51.0	68.0	0.0	11.0	32.0	0.0	0.0	0.0	0.0	0.0	0.0	2.0	0.0
rnfB_192952.MM_0664_m07	0.0	0.0	62.0	1.0	0.0	10.0	248.0	3.0	0.0	0.0	0.0	3.0	5.0	5.0	0.0	0.0	0.0	0.0	191.0	0.0	0.0	0.0	0.0	17.0	17.0	9.0	4.0	0.0	1.0	27.0	0.0	4.0	70.0	13.0	0.0	46.0	0.0	36.0	0.0	0.0	98.0	0.0	29.0	0.0	4.0	21.0	0.0	0.0	29.0	0.0	34.0	164.0	0.0	48.0	44.0	0.0	29.0	0.0	35.0	0.0	0.0	0.0	0.0	0.0
rnfB_1232436.CAPF01000089_gene293_m02	8113.0	114.0	4.0	1.0	164.0	0.0	7.0	0.0	0.0	3807.0	14.0	0.0	0.0	3.0	4.0	0.0	94.0	0.0	0.0	27.0	2046.0	1.0	0.0	0.0	0.0	0.0	0.0	5645.0	0.0	0.0	0.0	0.0	0.0	3.0	30.0	51.0	0.0	0.0	3454.0	3.0	0.0	14.0	0.0	1518.0	9.0	3.0	4118.0	1278.0	14.0	1.0	9.0	5.0	2428.0	14.0	0.0	2763.0	0.0	8.0	0.0	0.0	0.0	0.0	4.0	42.0
rnfB_pet_PEIBARAKI_4908_m06	0.0	0.0	152.0	0.0	0.0	0.0	6.0	0.0	0.0	0.0	0.0	0.0	0.0	0.0	0.0	8.0	0.0	0.0	0.0	0.0	6.0	0.0	2.0	0.0	0.0	23.0	0.0	0.0	0.0	0.0	0.0	0.0	0.0	0.0	0.0	630.0	0.0	0.0	0.0	6.0	0.0	17.0	0.0	4.0	0.0	0.0	4.0	0.0	351.0	0.0	133.0	97.0	4.0	0.0	8.0	0.0	0.0	0.0	0.0	4.0	0.0	0.0	8.0	0.0
rnfB_pet_PEIBARAKI_4908_m07	0.0	0.0	0.0	2.0	0.0	30.0	0.0	0.0	0.0	0.0	4.0	0.0	0.0	0.0	0.0	0.0	2.0	0.0	0.0	0.0	0.0	0.0	0.0	0.0	0.0	378.0	0.0	0.0	0.0	0.0	0.0	0.0	0.0	0.0	0.0	0.0	2.0	0.0	0.0	0.0	0.0	0.0	0.0	0.0	0.0	0.0	0.0	0.0	0.0	0.0	0.0	0.0	0.0	0.0	17.0	0.0	0.0	0.0	0.0	0.0	0.0	0.0	0.0	0.0
rnfB_192952.MM_0664_m08	0.0	0.0	103.0	16.0	0.0	1.0	361.0	22.0	0.0	0.0	0.0	0.0	3.0	29.0	8.0	3.0	0.0	47.0	949.0	0.0	0.0	5.0	0.0	73.0	31.0	0.0	0.0	0.0	3.0	10.0	0.0	17.0	225.0	0.0	0.0	121.0	10.0	138.0	0.0	0.0	376.0	0.0	78.0	0.0	35.0	195.0	0.0	0.0	46.0	0.0	99.0	291.0	0.0	113.0	36.0	0.0	65.0	0.0	72.0	0.0	0.0	10.0	0.0	0.0
rnfB_1232436.CAPF01000089_gene293_m03	1136.0	494.0	3.0	0.0	843.0	1.0	0.0	0.0	0.0	1394.0	20.0	0.0	0.0	4.0	0.0	0.0	319.0	0.0	1.0	99.0	830.0	0.0	0.0	0.0	0.0	0.0	0.0	830.0	0.0	0.0	0.0	0.0	0.0	0.0	99.0	8.0	0.0	0.0	1372.0	1.0	0.0	1.0	0.0	572.0	5.0	0.0	1165.0	383.0	3.0	0.0	0.0	0.0	423.0	5.0	0.0	453.0	0.0	1.0	0.0	0.0	0.0	0.0	1.0	189.0
rnfB_192952.MM_0664_m09	0.0	0.0	224.0	3.0	0.0	4.0	489.0	13.0	0.0	0.0	0.0	0.0	0.0	16.0	0.0	0.0	0.0	14.0	532.0	0.0	0.0	0.0	0.0	53.0	82.0	0.0	0.0	0.0	3.0	21.0	0.0	43.0	571.0	9.0	0.0	373.0	3.0	221.0	0.0	0.0	901.0	0.0	95.0	0.0	5.0	103.0	0.0	0.0	178.0	0.0	133.0	426.0	0.0	406.0	6.0	0.0	90.0	0.0	169.0	0.0	0.0	0.0	0.0	0.0
rnfB_pet_PEIBARAKI_4908_m09	66.0	4.0	104.0	0.0	0.0	0.0	0.0	0.0	49.0	241.0	0.0	0.0	0.0	0.0	0.0	34.0	0.0	0.0	8.0	0.0	144.0	0.0	129.0	0.0	0.0	118.0	0.0	30.0	0.0	0.0	51.0	0.0	0.0	0.0	0.0	309.0	0.0	0.0	91.0	89.0	0.0	127.0	0.0	391.0	0.0	0.0	140.0	38.0	313.0	0.0	87.0	93.0	353.0	0.0	44.0	106.0	0.0	6.0	0.0	38.0	0.0	0.0	93.0	0.0
rnfB_pet_PEIBARAKI_4908_m10	2.0	0.0	87.0	0.0	0.0	4.0	57.0	0.0	0.0	23.0	0.0	0.0	0.0	0.0	0.0	0.0	0.0	0.0	0.0	0.0	13.0	0.0	0.0	11.0	0.0	51.0	0.0	15.0	0.0	0.0	0.0	0.0	0.0	0.0	0.0	99.0	0.0	0.0	2.0	0.0	0.0	0.0	11.0	61.0	0.0	23.0	4.0	2.0	51.0	0.0	44.0	38.0	89.0	0.0	0.0	25.0	0.0	0.0	0.0	0.0	0.0	0.0	0.0	0.0
rnfB_1112209.AHVZ01000014_gene2458_m03	0.0	2.0	0.0	4.0	0.0	0.0	0.0	0.0	0.0	0.0	0.0	0.0	1646.0	0.0	0.0	2.0	4.0	0.0	0.0	7.0	0.0	941.0	0.0	0.0	0.0	0.0	0.0	2.0	2.0	64.0	0.0	86.0	2.0	0.0	75.0	0.0	9.0	2.0	0.0	9.0	0.0	9.0	0.0	0.0	0.0	0.0	0.0	2.0	7.0	0.0	0.0	0.0	0.0	2.0	2.0	851.0	2.0	26.0	2.0	119.0	0.0	567.0	0.0	0.0
rnfB_pet_PEIBARAKI_4908_m12	11.0	0.0	89.0	0.0	0.0	0.0	8.0	0.0	0.0	6.0	0.0	0.0	0.0	0.0	0.0	4.0	0.0	0.0	0.0	0.0	6.0	0.0	0.0	4.0	0.0	4.0	0.0	17.0	2.0	0.0	2.0	0.0	0.0	0.0	0.0	195.0	0.0	0.0	0.0	0.0	0.0	8.0	2.0	25.0	0.0	2.0	0.0	0.0	131.0	0.0	74.0	51.0	23.0	0.0	0.0	23.0	0.0	2.0	0.0	0.0	0.0	0.0	0.0	0.0
rnfB_1123034.JMKP01000007_gene1067_m03	0.0	27.0	0.0	0.0	0.0	0.0	0.0	0.0	0.0	0.0	69.0	0.0	0.0	0.0	0.0	0.0	0.0	0.0	0.0	13.0	0.0	0.0	0.0	0.0	0.0	0.0	0.0	0.0	0.0	0.0	0.0	0.0	0.0	0.0	336.0	0.0	2.0	0.0	0.0	0.0	0.0	0.0	0.0	0.0	0.0	0.0	0.0	0.0	0.0	113.0	0.0	0.0	0.0	0.0	0.0	93.0	0.0	0.0	0.0	0.0	71.0	0.0	0.0	0.0
rnfB_1112209.AHVZ01000014_gene2458_m08	0.0	7.0	0.0	1624.0	9.0	0.0	0.0	0.0	0.0	0.0	0.0	0.0	33.0	0.0	0.0	0.0	0.0	13.0	0.0	15.0	0.0	13.0	0.0	35.0	0.0	0.0	24.0	46.0	0.0	165.0	0.0	145.0	0.0	0.0	92.0	0.0	66.0	0.0	0.0	75.0	0.0	0.0	0.0	0.0	0.0	0.0	0.0	0.0	11.0	0.0	11.0	0.0	0.0	0.0	0.0	292.0	0.0	9.0	0.0	156.0	7.0	4.0	0.0	0.0
