	ZB_1	ZB_2	ZB_3	ZB_4	ZB_5	ZB_6	ZB_7	ZB_8	ZB_9	ZB_10	ZB_11	ZB_12	ZB_13	ZB_14	ZB_15	ZB_16	ZB_17	ZB_18	ZB_19	ZB_20	ZB_21	ZB_22	ZB_23	ZB_24	ZB_25	ZB_26	ZB_27	ZB_28	ZB_29	ZB_30	ZB_31	ZB_32	ZB_33	ZB_34	ZB_35	ZB_36	ZB_37	ZB_38	ZB_39	ZB_40	ZB_41	ZB_42	ZB_43	ZB_44	ZB_45	ZB_46	ZB_47	ZB_48	ZB_49	ZB_50	ZB_51	ZB_52	ZB_53	ZB_54	ZB_55	ZB_56	ZB_57	ZB_58	ZB_59	ZB_60	ZB_61	ZB_62	ZB_63	ZB_64
rnfD_A0A1V6K3V0	435.0	0.0	0.0	0.0	0.0	0.0	0.0	0.0	0.0	652.0	5.0	0.0	0.0	0.0	0.0	0.0	3.0	0.0	0.0	0.0	175.0	0.0	0.0	0.0	0.0	0.0	0.0	326.0	0.0	0.0	0.0	0.0	0.0	0.0	1.0	0.0	0.0	0.0	1162.0	1.0	0.0	3.0	0.0	1005.0	0.0	0.0	574.0	167.0	0.0	0.0	0.0	0.0	560.0	5.0	0.0	356.0	0.0	0.0	0.0	0.0	0.0	0.0	0.0	0.0
rnfD_A0A3C1LNS2	19.0	1.0	0.0	0.0	0.0	0.0	0.0	0.0	0.0	321.0	8.0	0.0	0.0	0.0	0.0	0.0	0.0	0.0	0.0	0.0	32.0	0.0	0.0	0.0	0.0	0.0	0.0	17.0	0.0	0.0	0.0	0.0	0.0	0.0	0.0	0.0	0.0	0.0	268.0	3.0	0.0	0.0	0.0	267.0	0.0	0.0	89.0	19.0	0.0	0.0	0.0	0.0	54.0	0.0	0.0	7.0	0.0	0.0	0.0	0.0	0.0	0.0	0.0	0.0
rnfD_A0A1V6HNJ1	0.0	0.0	0.0	3.0	3.0	4.0	0.0	3.0	0.0	1.0	0.0	79.0	388.0	1.0	8.0	0.0	8.0	3.0	43.0	4.0	0.0	7.0	0.0	0.0	38.0	20.0	175.0	1.0	6.0	15.0	0.0	0.0	0.0	0.0	0.0	0.0	3.0	10.0	0.0	0.0	3.0	0.0	1.0	1.0	1.0	0.0	6.0	353.0	0.0	1.0	0.0	0.0	3.0	3.0	147.0	0.0	3.0	0.0	36.0	0.0	0.0	7.0	0.0	1.0
rnfD_WP_133200943.1	0.0	0.0	0.0	0.0	0.0	0.0	0.0	0.0	0.0	13.0	0.0	0.0	0.0	0.0	0.0	0.0	0.0	0.0	0.0	0.0	41.0	0.0	0.0	0.0	0.0	0.0	0.0	0.0	0.0	0.0	0.0	0.0	0.0	0.0	0.0	0.0	0.0	0.0	0.0	0.0	0.0	0.0	0.0	47.0	0.0	0.0	171.0	78.0	0.0	0.0	0.0	0.0	0.0	0.0	0.0	5.0	0.0	0.0	0.0	0.0	0.0	0.0	0.0	0.0
rnfD_A0A1V6F9G2	14.0	0.0	95.0	0.0	0.0	0.0	173.0	0.0	0.0	33.0	0.0	0.0	0.0	0.0	0.0	0.0	0.0	0.0	0.0	0.0	9.0	0.0	0.0	116.0	0.0	0.0	0.0	27.0	0.0	0.0	0.0	0.0	0.0	1.0	0.0	4.0	0.0	0.0	26.0	0.0	0.0	0.0	52.0	30.0	0.0	286.0	34.0	12.0	0.0	0.0	18.0	155.0	53.0	0.0	0.0	30.0	0.0	0.0	0.0	0.0	0.0	0.0	0.0	0.0
rnfD_A0A1V6F646	0.0	0.0	1105.0	1424.0	1.0	1.0	288.0	1828.0	392.0	1.0	0.0	687.0	120.0	1480.0	691.0	1566.0	1.0	1435.0	7.0	0.0	0.0	1738.0	1033.0	55.0	925.0	8.0	133.0	4.0	1307.0	41.0	601.0	0.0	1068.0	7.0	3.0	278.0	1298.0	3.0	0.0	435.0	1372.0	906.0	51.0	0.0	2147.0	104.0	0.0	111.0	45.0	3.0	320.0	826.0	1.0	902.0	1.0	0.0	0.0	503.0	0.0	137.0	0.0	868.0	644.0	0.0
rnfD_1123008.KB905710_gene682	0.0	2.0	0.0	836.0	1.0	0.0	0.0	559.0	2.0	0.0	16.0	0.0	0.0	270.0	74.0	0.0	0.0	790.0	22.0	7.0	1.0	688.0	0.0	0.0	2.0	11.0	0.0	0.0	791.0	0.0	0.0	0.0	2.0	0.0	4.0	2.0	918.0	5.0	0.0	0.0	0.0	0.0	0.0	0.0	246.0	0.0	0.0	1.0	6.0	2.0	0.0	0.0	1.0	6.0	50.0	0.0	0.0	0.0	4.0	0.0	0.0	350.0	0.0	0.0
rnfD_A0A1V6HUF4	4.0	0.0	0.0	0.0	0.0	0.0	1.0	1.0	0.0	8.0	0.0	11.0	0.0	0.0	0.0	33.0	0.0	0.0	0.0	0.0	0.0	0.0	0.0	6.0	3.0	0.0	3.0	0.0	0.0	1.0	3.0	1.0	0.0	0.0	0.0	0.0	0.0	0.0	3.0	3.0	0.0	6.0	4.0	12.0	0.0	1.0	3.0	3.0	0.0	0.0	0.0	0.0	0.0	0.0	0.0	0.0	0.0	12.0	1.0	0.0	0.0	0.0	3.0	0.0
rnfD_A0A1V5H585	100.0	3.0	3.0	0.0	0.0	0.0	4.0	0.0	3.0	4.0	0.0	0.0	0.0	0.0	0.0	4.0	0.0	0.0	0.0	0.0	0.0	3.0	37.0	0.0	0.0	0.0	0.0	30.0	0.0	16.0	8.0	16.0	0.0	0.0	0.0	6.0	0.0	3.0	1.0	4.0	0.0	0.0	0.0	0.0	0.0	0.0	0.0	0.0	3.0	0.0	6.0	3.0	37.0	0.0	0.0	20.0	16.0	0.0	11.0	6.0	1.0	0.0	14.0	0.0
rnfD_A0A1V6ACF0	4.0	0.0	0.0	0.0	0.0	0.0	0.0	0.0	0.0	3.0	0.0	0.0	0.0	0.0	0.0	0.0	3.0	3.0	0.0	0.0	0.0	1.0	0.0	0.0	1.0	0.0	0.0	6.0	0.0	0.0	0.0	0.0	0.0	0.0	0.0	0.0	0.0	0.0	3.0	0.0	0.0	0.0	0.0	1.0	0.0	0.0	0.0	11.0	0.0	0.0	0.0	0.0	4.0	0.0	0.0	9.0	0.0	0.0	0.0	0.0	0.0	0.0	0.0	3.0
rnfD_A0A350SHD0	0.0	21.0	0.0	10.0	29.0	4.0	1.0	37.0	11.0	0.0	34.0	8.0	30.0	33.0	7.0	16.0	21.0	1.0	4.0	18.0	0.0	8.0	37.0	0.0	3.0	5.0	8.0	4.0	1.0	16.0	8.0	3.0	5.0	11.0	7.0	5.0	3.0	0.0	0.0	15.0	3.0	23.0	0.0	3.0	26.0	3.0	0.0	7.0	0.0	42.0	0.0	3.0	0.0	10.0	3.0	0.0	0.0	19.0	0.0	19.0	11.0	8.0	10.0	12.0
rnfD_1410668.JNKC01000008_gene2692	0.0	0.0	0.0	0.0	2.0	1.0	0.0	0.0	0.0	0.0	1.0	0.0	10.0	0.0	0.0	0.0	0.0	0.0	0.0	0.0	0.0	4.0	0.0	0.0	0.0	2.0	0.0	0.0	0.0	0.0	0.0	1.0	0.0	15.0	2.0	2.0	0.0	1.0	0.0	2.0	0.0	3.0	0.0	0.0	0.0	0.0	0.0	2.0	2.0	1.0	0.0	0.0	34.0	0.0	11.0	0.0	1.0	0.0	0.0	0.0	0.0	0.0	0.0	0.0
rnfD_865861.AZSU01000005_gene899	1.0	0.0	72.0	24.0	6.0	0.0	80.0	7.0	0.0	0.0	0.0	0.0	0.0	58.0	6.0	0.0	3.0	49.0	0.0	0.0	0.0	71.0	0.0	14.0	0.0	0.0	0.0	0.0	144.0	0.0	0.0	0.0	0.0	0.0	0.0	28.0	114.0	0.0	0.0	0.0	0.0	0.0	18.0	0.0	34.0	31.0	0.0	0.0	21.0	0.0	3.0	61.0	0.0	0.0	0.0	0.0	0.0	0.0	3.0	0.0	0.0	83.0	0.0	8.0
rnfD_A0A1V5S239	0.0	0.0	0.0	0.0	0.0	0.0	0.0	0.0	0.0	0.0	0.0	0.0	0.0	0.0	0.0	0.0	0.0	0.0	60.0	0.0	0.0	0.0	0.0	5.0	0.0	0.0	0.0	0.0	0.0	19.0	0.0	4.0	0.0	0.0	0.0	0.0	0.0	0.0	0.0	0.0	0.0	12.0	5.0	0.0	0.0	1.0	0.0	0.0	0.0	0.0	0.0	0.0	0.0	0.0	0.0	0.0	0.0	0.0	4.0	0.0	0.0	0.0	0.0	0.0
rnfD_A0A3B8TXE1	0.0	0.0	0.0	0.0	0.0	0.0	0.0	0.0	1.0	0.0	0.0	0.0	0.0	0.0	0.0	0.0	1.0	0.0	0.0	0.0	0.0	0.0	0.0	0.0	0.0	0.0	0.0	2051.0	0.0	0.0	0.0	0.0	0.0	0.0	0.0	0.0	0.0	0.0	0.0	0.0	0.0	38.0	0.0	0.0	0.0	0.0	11.0	9.0	0.0	0.0	0.0	0.0	972.0	0.0	1.0	0.0	0.0	0.0	0.0	0.0	0.0	0.0	0.0	0.0
rnfD_A0A3C1LNS2_m01	0.0	8.0	0.0	0.0	44.0	0.0	0.0	0.0	0.0	4.0	99.0	0.0	0.0	0.0	0.0	0.0	21.0	0.0	0.0	21.0	0.0	0.0	0.0	0.0	0.0	0.0	0.0	1.0	0.0	0.0	0.0	0.0	0.0	0.0	17.0	0.0	0.0	1.0	0.0	0.0	0.0	0.0	0.0	7.0	0.0	0.0	46.0	23.0	0.0	58.0	0.0	0.0	4.0	0.0	0.0	1.0	0.0	0.0	0.0	0.0	8.0	0.0	0.0	11.0
rnfD_A0A1V6HNJ1_m01	24.0	0.0	0.0	0.0	0.0	1.0	0.0	0.0	0.0	65.0	0.0	0.0	0.0	0.0	0.0	0.0	1.0	0.0	0.0	0.0	42.0	0.0	0.0	0.0	0.0	0.0	0.0	31.0	0.0	0.0	0.0	0.0	0.0	0.0	0.0	0.0	0.0	0.0	14.0	0.0	0.0	1.0	0.0	91.0	0.0	0.0	244.0	83.0	0.0	0.0	0.0	0.0	72.0	0.0	0.0	53.0	0.0	0.0	0.0	0.0	0.0	0.0	0.0	0.0
rnfD_A0A3C1LNS2_m02	0.0	0.0	0.0	0.0	0.0	0.0	0.0	0.0	0.0	40.0	1.0	0.0	0.0	0.0	0.0	0.0	0.0	0.0	0.0	0.0	7.0	0.0	0.0	0.0	0.0	0.0	0.0	3.0	0.0	0.0	0.0	0.0	0.0	0.0	0.0	0.0	0.0	0.0	33.0	0.0	0.0	0.0	0.0	62.0	0.0	0.0	143.0	40.0	0.0	0.0	0.0	0.0	11.0	0.0	0.0	3.0	0.0	0.0	0.0	0.0	0.0	0.0	0.0	0.0
rnfD_A0A1V6HNJ1_m02	0.0	0.0	0.0	0.0	0.0	3.0	0.0	0.0	0.0	0.0	0.0	114.0	533.0	0.0	6.0	0.0	3.0	1.0	10.0	3.0	0.0	3.0	0.0	0.0	56.0	13.0	213.0	1.0	0.0	11.0	0.0	0.0	0.0	0.0	0.0	0.0	0.0	1.0	0.0	0.0	0.0	0.0	0.0	0.0	1.0	0.0	0.0	405.0	0.0	0.0	0.0	0.0	0.0	6.0	42.0	0.0	0.0	0.0	10.0	0.0	0.0	3.0	0.0	0.0
rnfD_865861.AZSU01000005_gene899_m01	0.0	0.0	771.0	337.0	0.0	0.0	602.0	111.0	0.0	0.0	0.0	0.0	0.0	412.0	56.0	0.0	0.0	520.0	3.0	3.0	0.0	671.0	0.0	58.0	0.0	0.0	0.0	0.0	1267.0	0.0	0.0	0.0	0.0	0.0	0.0	344.0	987.0	0.0	0.0	0.0	0.0	0.0	150.0	0.0	274.0	233.0	0.0	0.0	221.0	0.0	37.0	522.0	0.0	0.0	0.0	0.0	0.0	0.0	0.0	0.0	0.0	735.0	0.0	0.0
rnfD_A0A1V6HNJ1_m04	0.0	4.0	0.0	76.0	41.0	8.0	0.0	48.0	0.0	0.0	21.0	3.0	0.0	73.0	146.0	0.0	21.0	48.0	365.0	55.0	0.0	53.0	0.0	0.0	18.0	210.0	3.0	0.0	52.0	149.0	3.0	49.0	0.0	0.0	17.0	6.0	31.0	90.0	0.0	0.0	20.0	0.0	0.0	0.0	79.0	0.0	1.0	0.0	0.0	6.0	3.0	6.0	0.0	3.0	1177.0	0.0	31.0	0.0	237.0	1.0	1.0	34.0	0.0	14.0
rnfD_1123008.KB905710_gene682_m01	2.0	19.0	189.0	3267.0	10.0	0.0	82.0	1789.0	124.0	13.0	27.0	11.0	0.0	822.0	180.0	161.0	1.0	2442.0	460.0	12.0	24.0	2172.0	208.0	80.0	46.0	6.0	4.0	16.0	2648.0	22.0	155.0	102.0	87.0	0.0	22.0	275.0	2928.0	270.0	8.0	219.0	140.0	195.0	75.0	36.0	668.0	154.0	15.0	6.0	92.0	19.0	56.0	154.0	31.0	42.0	76.0	5.0	180.0	113.0	389.0	159.0	0.0	948.0	225.0	0.0
rnfD_865861.AZSU01000005_gene899_m02	0.0	1.0	51.0	7.0	0.0	0.0	54.0	11.0	0.0	0.0	0.0	0.0	0.0	24.0	6.0	0.0	1.0	34.0	0.0	0.0	0.0	59.0	0.0	6.0	0.0	0.0	0.0	0.0	107.0	0.0	0.0	1.0	0.0	0.0	0.0	38.0	62.0	1.0	0.0	0.0	0.0	0.0	13.0	0.0	28.0	39.0	0.0	0.0	16.0	0.0	7.0	35.0	0.0	0.0	0.0	0.0	10.0	0.0	4.0	0.0	0.0	38.0	0.0	0.0
